# DNNF90 training history: one row per validation event
#  1:epoch  2:patience
#  3:cost_train    4:cost_val    5:cost_input   (per point;
#    the composite objective, Loss_term weights applied --
#    the same sum the optimizer descends)
#  6:cost_train_f  7:cost_train_df  8:cost_val_f  9:cost_val_df
# 10:cost_input_f 11:cost_input_df
# 12:rmse_train_f 13:rmse_train_df 14:rmse_val_f 15:rmse_val_df
# 16:rmse_input_f 17:rmse_input_df
# 18:mae_train_f  19:mae_train_df  20:mae_val_f  21:mae_val_df
# 22:mae_input_f  23:mae_input_df
# 24..: the same 21 metrics for each loss term in turn (2 terms: columns 24-44 are term 1, 45-65 term 2, ...)
1  0    0.13411E+00    0.76098E-01    0.12831E+00    0.11854E+00    0.77888E-01    0.70633E-01    0.27325E-01    0.11374E+00    0.72832E-01    0.11713E+01    0.39469E+00    0.62704E+00    0.23377E+00    0.11287E+01    0.38166E+00    0.88254E+00    0.22965E+00    0.57173E+00    0.16128E+00    0.85145E+00    0.22281E+00    0.35960E+00    0.19264E+00    0.34123E+00    0.35960E+00    0.00000E+00    0.19264E+00    0.00000E+00    0.34123E+00    0.00000E+00    0.84806E+00    0.00000E+00    0.62070E+00    0.00000E+00    0.82612E+00    0.00000E+00    0.64975E+00    0.00000E+00    0.56576E+00    0.00000E+00    0.64051E+00    0.00000E+00    0.23237E-01    0.86291E-02    0.21850E-01    0.00000E+00    0.11619E+00    0.00000E+00    0.43145E-01    0.00000E+00    0.10925E+00    0.13011E+01    0.48205E+00    0.63067E+00    0.29375E+00    0.12529E+01    0.46744E+00    0.99700E+00    0.34257E+00    0.57518E+00    0.25466E+00    0.95693E+00    0.33421E+00
200  0    0.65013E-03    0.14770E-03    0.59989E-03    0.96111E-05    0.32026E-02    0.92788E-05    0.69211E-03    0.95779E-05    0.29515E-02    0.11467E+00    0.80032E-01    0.33071E-01    0.37205E-01    0.10928E+00    0.76832E-01    0.53904E-01    0.30334E-01    0.18720E-01    0.15842E-01    0.50386E-01    0.28885E-01    0.29157E-04    0.25306E-04    0.28734E-04    0.29157E-04    0.00000E+00    0.25306E-04    0.00000E+00    0.28734E-04    0.00000E+00    0.76364E-02    0.00000E+00    0.71142E-02    0.00000E+00    0.75807E-02    0.00000E+00    0.48291E-02    0.00000E+00    0.50803E-02    0.00000E+00    0.48567E-02    0.00000E+00    0.95547E-03    0.21856E-03    0.88546E-03    0.00000E+00    0.47773E-02    0.00000E+00    0.10928E-02    0.00000E+00    0.44273E-02    0.13995E+00    0.97748E-01    0.41202E-01    0.46750E-01    0.13374E+00    0.94099E-01    0.78035E-01    0.45249E-01    0.26617E-01    0.25014E-01    0.73150E-01    0.43327E-01
400  0    0.18529E-03    0.45933E-04    0.17136E-03    0.12062E-04    0.86615E-03    0.22446E-05    0.21844E-03    0.11080E-04    0.80137E-03    0.87157E-01    0.41621E-01    0.23172E-01    0.20902E-01    0.83009E-01    0.40034E-01    0.41237E-01    0.17520E-01    0.12580E-01    0.11593E-01    0.38371E-01    0.16927E-01    0.36593E-04    0.61217E-05    0.33241E-04    0.36593E-04    0.00000E+00    0.61217E-05    0.00000E+00    0.33241E-04    0.00000E+00    0.85549E-02    0.00000E+00    0.34991E-02    0.00000E+00    0.81537E-02    0.00000E+00    0.45967E-02    0.00000E+00    0.28283E-02    0.00000E+00    0.44022E-02    0.00000E+00    0.25841E-03    0.68982E-04    0.24041E-03    0.00000E+00    0.12920E-02    0.00000E+00    0.34491E-03    0.00000E+00    0.12021E-02    0.10628E+00    0.50834E-01    0.28995E-01    0.26264E-01    0.10150E+00    0.49032E-01    0.59254E-01    0.26135E-01    0.18226E-01    0.18304E-01    0.55356E-01    0.25391E-01
600  0    0.11974E-03    0.35428E-04    0.11131E-03    0.49459E-05    0.57396E-03    0.16099E-05    0.16909E-03    0.46123E-05    0.53347E-03    0.70162E-01    0.33881E-01    0.21555E-01    0.18390E-01    0.66909E-01    0.32664E-01    0.33656E-01    0.15255E-01    0.11273E-01    0.97108E-02    0.31417E-01    0.14700E-01    0.15005E-04    0.43908E-05    0.13837E-04    0.15005E-04    0.00000E+00    0.43908E-05    0.00000E+00    0.13837E-04    0.00000E+00    0.54781E-02    0.00000E+00    0.29634E-02    0.00000E+00    0.52606E-02    0.00000E+00    0.30179E-02    0.00000E+00    0.22838E-02    0.00000E+00    0.29372E-02    0.00000E+00    0.17124E-03    0.53398E-04    0.16004E-03    0.00000E+00    0.85618E-03    0.00000E+00    0.26699E-03    0.00000E+00    0.80021E-03    0.85606E-01    0.41381E-01    0.26992E-01    0.23108E-01    0.81862E-01    0.40005E-01    0.48721E-01    0.22755E-01    0.16477E-01    0.15333E-01    0.45657E-01    0.22050E-01
800  0    0.93898E-04    0.15726E-04    0.86081E-04    0.18816E-05    0.46008E-03    0.69035E-06    0.75181E-04    0.17625E-05    0.42159E-03    0.64796E-01    0.30334E-01    0.18149E-01    0.12262E-01    0.61738E-01    0.29038E-01    0.30368E-01    0.12551E-01    0.90602E-02    0.70986E-02    0.28237E-01    0.12006E-01    0.57083E-05    0.18828E-05    0.52875E-05    0.57083E-05    0.00000E+00    0.18828E-05    0.00000E+00    0.52875E-05    0.00000E+00    0.33789E-02    0.00000E+00    0.19405E-02    0.00000E+00    0.32519E-02    0.00000E+00    0.21282E-02    0.00000E+00    0.17736E-02    0.00000E+00    0.20892E-02    0.00000E+00    0.13726E-03    0.23741E-04    0.12648E-03    0.00000E+00    0.68631E-03    0.00000E+00    0.11871E-03    0.00000E+00    0.63239E-03    0.79104E-01    0.37049E-01    0.22758E-01    0.15408E-01    0.75579E-01    0.35564E-01    0.44253E-01    0.18722E-01    0.13279E-01    0.11208E-01    0.41311E-01    0.18008E-01
1000  0    0.69108E-04    0.12150E-04    0.63412E-04    0.23433E-05    0.33382E-03    0.46323E-06    0.58433E-04    0.21552E-05    0.30628E-03    0.53321E-01    0.25839E-01    0.13851E-01    0.10811E-01    0.50774E-01    0.24750E-01    0.24797E-01    0.11276E-01    0.69609E-02    0.66686E-02    0.23014E-01    0.10816E-01    0.71087E-05    0.12634E-05    0.64657E-05    0.71087E-05    0.00000E+00    0.12634E-05    0.00000E+00    0.64657E-05    0.00000E+00    0.37706E-02    0.00000E+00    0.15896E-02    0.00000E+00    0.35960E-02    0.00000E+00    0.22079E-02    0.00000E+00    0.13520E-02    0.00000E+00    0.21138E-02    0.00000E+00    0.99594E-04    0.18453E-04    0.91885E-04    0.00000E+00    0.49797E-03    0.00000E+00    0.92263E-04    0.00000E+00    0.45943E-03    0.65071E-01    0.31558E-01    0.17363E-01    0.13584E-01    0.62134E-01    0.30313E-01    0.35905E-01    0.16821E-01    0.10208E-01    0.10529E-01    0.33463E-01    0.16223E-01
1200  0    0.50976E-04    0.91659E-05    0.46795E-04    0.58680E-06    0.25194E-03    0.61904E-06    0.42734E-04    0.59002E-06    0.23102E-03    0.45938E-01    0.22447E-01    0.13113E-01    0.92449E-02    0.43778E-01    0.21495E-01    0.21133E-01    0.92336E-02    0.66167E-02    0.55073E-02    0.19681E-01    0.88610E-02    0.17802E-05    0.16883E-05    0.17701E-05    0.17802E-05    0.00000E+00    0.16883E-05    0.00000E+00    0.17701E-05    0.00000E+00    0.18869E-02    0.00000E+00    0.18375E-02    0.00000E+00    0.18815E-02    0.00000E+00    0.14967E-02    0.00000E+00    0.14838E-02    0.00000E+00    0.14953E-02    0.00000E+00    0.75166E-04    0.13495E-04    0.69307E-04    0.00000E+00    0.37583E-03    0.00000E+00    0.67475E-04    0.00000E+00    0.34654E-03    0.56092E-01    0.27416E-01    0.16418E-01    0.11617E-01    0.53600E-01    0.26326E-01    0.30788E-01    0.13774E-01    0.95884E-02    0.86957E-02    0.28774E-01    0.13291E-01
1400  0    0.42719E-04    0.84818E-05    0.39296E-04    0.57529E-06    0.21072E-03    0.30071E-06    0.40906E-04    0.54783E-06    0.19374E-03    0.39179E-01    0.20529E-01    0.11659E-01    0.90450E-02    0.37351E-01    0.19684E-01    0.18382E-01    0.85325E-02    0.61612E-02    0.56624E-02    0.17160E-01    0.82455E-02    0.17453E-05    0.82012E-06    0.16435E-05    0.17453E-05    0.00000E+00    0.82012E-06    0.00000E+00    0.16435E-05    0.00000E+00    0.18683E-02    0.00000E+00    0.12807E-02    0.00000E+00    0.18130E-02    0.00000E+00    0.11813E-02    0.00000E+00    0.11440E-02    0.00000E+00    0.11772E-02    0.00000E+00    0.62867E-04    0.12918E-04    0.58122E-04    0.00000E+00    0.31434E-03    0.00000E+00    0.64588E-04    0.00000E+00    0.29061E-03    0.47833E-01    0.25073E-01    0.14617E-01    0.11366E-01    0.45727E-01    0.24108E-01    0.26840E-01    0.12728E-01    0.90659E-02    0.89406E-02    0.25151E-01    0.12368E-01
