1400
func 0
Activation_out 0
4
2
16
16
1
 #l=           2
  1.25333889708554413E-01  1.06113959456859952E+00 -1.42358486580931476E-01
  2.49274427088073930E-01  3.80657018556099735E-01  6.11275878955128138E-01
  3.69127233357701534E-01 -2.26044059866315539E-01  9.76768089661731675E-01
  1.02441975634977894E-01 -3.33532383500891927E-01 -4.67547928810416347E-01
  8.59137916145267910E-01  5.49462215564218925E-01 -7.82934081532984605E-01
 -4.79977022808193654E-01 -4.78884203317794299E-01 -9.96063599771921382E-01
  8.32864820182267346E-02 -1.06188781062150417E+00 -1.23380232115625166E+00
 -7.15096374255795447E-02 -8.72732242899388555E-01  1.03491798525573864E+00
 -3.02731458378017293E-01  1.83496817205989399E-01 -7.18521360950156174E-01
  2.55795441327199335E-01  6.26158711895927755E-01 -1.05874838138353591E-01
  3.88869531201131102E-01  4.53016479562018737E-01 -1.02974817859705262E-01
 -3.81421372303042613E-02  8.88320571282501081E-01 -6.66839255420822785E-01
  3.68078184642083694E-01 -5.12715620837879471E-01  4.44088685878302136E-01
  6.34334507973442374E-01 -4.87923133855752256E-01  4.28022224625367265E-01
 -1.97753378514609751E-01  1.00636896701778222E+00  2.76298751529501341E-01
  3.20056146423446264E-01 -5.46350108091816722E-01  6.68908669994912497E-01
 #l=           3
 -9.02348288058626817E-03 -2.57513417113883480E-01 -2.99062675264475275E-01  9.10330271305350852E-02  4.42334922218747317E-01  3.91066984687506947E-01  8.99346946751915371E-02 -2.17084381854819493E-02 -2.31298436702292221E-01  3.14262232502752370E-01  8.35058112206787662E-02  5.22030857879376628E-02 -4.31309406433835404E-02  1.76886381222187444E-01 -2.93074402748449425E-01 -5.80180539216227573E-02  3.46456375253895790E-02
  3.73189054505446635E-02  1.82357774330467237E-01 -2.33854504193238721E-01 -3.60113745084655323E-01 -4.02248881214473455E-02 -1.14001353807178726E-01  1.33624439298618558E-01  7.60335007463788654E-02 -3.20775579101678976E-01 -3.39195870183497283E-01 -3.71763669993651624E-01  3.43595182254974596E-01  1.93113030297941912E-01  3.56872717828451924E-01  1.49999887041097679E-01 -2.87962969433439742E-01  9.50743090367857230E-02
 -1.00909463590221529E-01 -4.68954245845161433E-01  5.93132380616224128E-02  1.67644679097795707E-01 -2.66457894138926343E-01  2.86762491628243854E-01 -2.37789107258420673E-01 -2.22484651364154712E-01 -2.80445960154606794E-02  1.54789791141483168E-01 -4.04542697041107013E-01  8.96159537686300467E-02 -1.77002941139370318E-01 -1.98786889704604841E-01  4.64591830453896446E-02  3.73936795453563731E-01 -1.28078020757893790E-01
  9.71699586543235509E-03  2.64751824946814041E-01  1.80181309566721598E-01 -1.85245244002639003E-01  1.52481847385280450E-01 -3.82848955854034778E-01  2.49123006754329496E-01  1.90806741707953587E-01  4.24632387323390925E-02  6.58477263856570433E-02 -2.07903030161629365E-01 -8.75027218823932612E-02  2.03905628841479086E-01 -3.53135911508734635E-01 -1.68163161517998705E-01 -8.43611869734568615E-02 -1.31015375402505185E-01
 -1.35586563433658353E-01 -2.60199613413308273E-01  1.16731226242275180E-01  3.46369644581818570E-01  4.20400073746160674E-01  2.12634507289350516E-01 -2.53057993046078289E-01  8.66465672953348025E-03  3.85332054234193866E-01 -2.51617753424738466E-01  6.08502759449426056E-02  3.68154100183093469E-01  4.70004773122858710E-01 -1.86369899794358779E-01 -6.26762212970685822E-02 -1.90056535879376626E-01  4.72194115675707571E-01
  3.87154553637137744E-01  3.95251699724692429E-01  2.74164266605065210E-01 -1.10885559974997036E-01 -2.29935725169104183E-01  6.14517777539390520E-01 -2.30348796005416412E-01  1.42800171205076987E-01 -2.14162994667290829E-01 -3.85421459107532005E-01 -1.85998967193726147E-02  2.01469620958197315E-01  5.00858116182265820E-02  2.13163029805978455E-01 -1.91434639757021574E-01 -1.95925375521321193E-01 -2.36826165028058977E-01
  2.36227134597859944E-04  4.84873642820236733E-02  2.71253934974872046E-01  3.42721222163210257E-02 -2.48661502690174285E-01  5.78999673599692039E-02 -8.47690971342055927E-02  1.33767405996567085E-01  1.10424153341336068E-01  6.50905909470790855E-02  1.85465785851495923E-01 -2.18614180903343724E-01 -3.34110825726483041E-01 -3.84358953056352814E-01  2.63712739287624454E-01  3.40211839856873144E-01  1.86283218068195505E-01
 -6.82352903034133887E-03 -3.21114817978712663E-01  3.09709864777138244E-01 -8.85802951421939821E-02 -2.06924927676707143E-01  1.24513222087455258E-01  2.70278437510120817E-01 -8.16724171215981454E-02 -7.47931891221294415E-02  1.49760974618387194E-01  3.24901027358577732E-01 -1.02231578256921377E-01  5.82125381176435905E-02  2.59544433200089020E-01  3.78050950790728202E-01 -2.20931848870065783E-01 -1.48723482435262566E-01
  1.43967936572415106E-01  1.10316537924893890E-01 -4.11116117663384156E-02 -1.89450817884648098E-01  4.11905447212648976E-02 -5.34832293957192895E-01  4.88893702389684229E-02  2.39794291696291101E-01 -1.06646906694178603E-01 -2.42533407284152625E-01 -4.05219941439989240E-01  1.35427715285341255E-01  2.04428333372045412E-01  1.76783089621030676E-01 -3.87890841677860421E-01 -1.34580459274073694E-01  7.01571966173268613E-02
 -5.07939574110815861E-02 -1.72617369828853645E-01  3.54020780908913313E-01 -2.92302829487656124E-01 -4.06782311524467421E-01 -2.68995255747984607E-01 -2.68350499163430456E-01  2.18841573116266813E-01 -1.39995193901892800E-01 -1.28491774357382377E-01  1.41895016352044212E-01 -4.37805885938882200E-01  1.56172339884389250E-01 -4.50476079133392493E-01 -3.04717544543598173E-01 -2.27990401319190628E-01 -2.42687952541333463E-01
  4.15200731067308284E-03 -1.67924410804424426E-02 -8.47563274179169998E-04  1.37549576220958342E-01 -4.12958105810834197E-02 -9.97591458916512464E-02 -3.57635605389039046E-01 -4.56641968720004565E-01 -1.61778650950910735E-02  2.43957127881130359E-01 -9.06248591176587737E-02  6.91948326181962559E-02 -1.17890648880367821E-01  6.78749632903694750E-02  1.06864060483521053E-01 -1.52454050676124359E-01  3.85389439170924608E-01
  3.07192873799167210E-02 -5.28898834844876709E-02 -3.39695072379908036E-01 -8.96815470817217686E-02  3.62148493078827405E-01  3.48989348150653744E-01 -6.00890397097603030E-02 -5.54752115736252636E-03 -2.96944363408085332E-01  4.87047612222359511E-02 -3.69241310477394724E-01 -2.53723191873172438E-01  1.55378420051338201E-02  1.35521794503216830E-01 -2.44312627461932885E-01 -3.89441913879403745E-01  2.49147790427266924E-01
  7.85885821488546514E-03  4.29175640321557070E-02 -3.42727633122363429E-01 -1.58746136142114330E-01  1.28632192558764624E-01 -7.30184229694225695E-02 -2.80534103980793370E-01 -2.12616866645721388E-02 -2.39206922342377476E-01 -1.07750179181819269E-01  1.77267894271935400E-01 -1.01920408261141807E-01 -2.92145783484825505E-01 -6.04267001449139626E-02 -4.93628665933843608E-02 -2.23513057574255353E-01 -7.23219405853123276E-02
 -2.21707718880097493E-01 -3.28088867830454378E-01 -6.44438453963144808E-02  4.66011465250497414E-01 -2.56379195756242739E-01 -1.41177297176277999E-01 -3.42726862269532473E-01 -2.12112867599595883E-01  1.37897709777292186E-02 -1.90647336246245414E-01 -3.21366804214067547E-01 -2.78918986902312038E-01 -4.36920118289369053E-01 -5.73912298712569158E-02 -5.58484845656557538E-01  6.98866123430394795E-03 -2.37332045114887841E-01
 -2.40901918617727993E-02 -1.59375356850590871E-01  4.64221319349354899E-01 -5.04312849739619387E-02 -1.23815991954943250E-01  5.26401909951232039E-01 -8.96406357184542125E-03  3.26590872902665752E-01 -1.48714721159429297E-01 -7.89504324818801478E-02  3.10522014643505373E-01  2.23044223075620045E-02  1.85736551103776390E-02  1.93085137168411192E-01  5.03807459062129537E-01 -2.48293929846061162E-01 -3.17121483038659141E-02
  1.21285008169045416E-01 -1.53831938478146496E-01  7.82278032408274399E-02  1.98200031078163419E-01  3.46219191061696990E-02  3.76536267507846911E-01 -2.44287756739592465E-01  2.52624385726677836E-01  3.04387506484367742E-01 -1.54536706828524523E-01 -3.97371617234870966E-02  1.78455748445943523E-02  3.56966326686812663E-01  1.60301957466779915E-01  4.46810857245623083E-01 -2.19328003963167512E-01  1.96410764571444879E-01
 #l=           4
 -9.19168537522967455E-02  1.53554004980748171E-01  7.79854099173071941E-02 -5.72447366616520639E-02 -2.88752804680669439E-01  5.46780300793095031E-01  6.65153555797427964E-01  1.17315646818800093E-01  7.82146366510595575E-02 -5.98713928595312139E-01 -8.03657684752552393E-01  1.32944141282332257E-01  5.21521382368436218E-02 -2.10951707938669714E-01 -8.68634108335050503E-01  5.80389709490849337E-01  5.85861511638074206E-01
