    7.9196613439E+00    0.0000000000E+00    3.8502621843E-03    4.3591351001E-03
   -1.3505786088E+00    0.0000000000E+00    1.9519035513E+00    1.9611853883E+00
   -1.3824588380E+00    0.0000000000E+00    1.9152263590E+00    1.9244190776E+00
    6.9088752483E+00    0.0000000000E+00    1.1087320194E-02    1.1962657421E-02
   -4.8348369482E+00    0.0000000000E+00    9.4711604345E-02    9.3877604121E-02
    2.0862684748E+00    0.0000000000E+00    1.1764773135E+00    1.1789033064E+00
    7.8324010586E+00    0.0000000000E+00    4.1964504353E-03    4.7562887210E-03
   -3.5781142226E+00    0.0000000000E+00    3.1597293594E-01    3.1717600529E-01
    4.7814764167E+00    0.0000000000E+00    9.9717819664E-02    9.8937484646E-02
    5.4632411756E+00    0.0000000000E+00    5.0275765770E-02    5.0448806796E-02
    2.8518206367E+00    0.0000000000E+00    6.2031146256E-01    6.1929013259E-01
    7.1706649145E+00    0.0000000000E+00    8.3780318249E-03    9.2115670489E-03
   -3.0908783500E+00    0.0000000000E+00    4.9838393170E-01    4.9912960058E-01
    1.2392857064E+00    0.0000000000E+00    2.0881219385E+00    2.0895959465E+00
   -6.6252121857E+00    0.0000000000E+00    1.7585764577E-02    1.5875840737E-02
    7.1266165886E+00    0.0000000000E+00    8.7821998290E-03    9.6257242011E-03
   -7.4685798225E+00    0.0000000000E+00    7.8098397260E-03    6.8410481307E-03
   -2.2757499707E+00    0.0000000000E+00    1.0127022076E+00    1.0136901177E+00
    1.4554184532E+00    0.0000000000E+00    1.8389323701E+00    1.8406095299E+00
   -5.6691786959E+00    0.0000000000E+00    4.2960924018E-02    4.1124075002E-02
   -3.6051146504E+00    0.0000000000E+00    3.0797511940E-01    3.0917408027E-01
   -4.3595443903E+00    0.0000000000E+00    1.4943004475E-01    1.4956202249E-01
   -4.9353206381E+00    0.0000000000E+00    8.6043933596E-02    8.5031043068E-02
   -3.0666400882E+00    0.0000000000E+00    5.0958332067E-01    5.1028603489E-01
    2.9595967492E+00    0.0000000000E+00    5.6370960570E-01    5.6227075471E-01
   -3.0944959728E+00    0.0000000000E+00    4.9673142321E-01    4.9748342593E-01
   -4.9429923546E+00    0.0000000000E+00    8.5416397682E-02    8.4390410358E-02
    6.3207903866E+00    0.0000000000E+00    2.0707905576E-02    2.1504833637E-02
   -7.2308531128E+00    0.0000000000E+00    9.8818030114E-03    8.6742731336E-03
   -7.9987238290E-01    0.0000000000E+00    2.5635088972E+00    2.5670408169E+00
    3.9430037292E+00    0.0000000000E+00    2.2605707346E-01    2.2391121381E-01
   -7.6229551286E+00    0.0000000000E+00    6.6707288289E-03    5.8633953706E-03
   -4.4525154523E+00    0.0000000000E+00    1.3665338619E-01    1.3658985578E-01
   -7.7680352568E+00    0.0000000000E+00    5.7250948168E-03    5.0722310172E-03
    5.5864047928E+00    0.0000000000E+00    4.4343337250E-02    4.4646422978E-02
    6.5777179787E+00    0.0000000000E+00    1.5783151122E-02    1.6645898391E-02
   -1.9720187557E+00    0.0000000000E+00    1.2834764805E+00    1.2869540042E+00
    4.1955169156E+00    0.0000000000E+00    1.7720686030E-01    1.7543063882E-01
    5.7346506676E+00    0.0000000000E+00    3.8093329292E-02    3.8534643283E-02
    2.4150347221E+00    0.0000000000E+00    9.0250530418E-01    9.0364690661E-01
    1.1418122681E+00    0.0000000000E+00    2.1995715030E+00    2.2011563430E+00
    6.6751266739E+00    0.0000000000E+00    1.4230255100E-02    1.5104806743E-02
    6.4594282794E+00    0.0000000000E+00    1.7890754133E-02    1.8729591700E-02
    7.6966797124E+00    0.0000000000E+00    4.8140890806E-03    5.4470477045E-03
   -5.3285180048E+00    0.0000000000E+00    5.9220465363E-02    5.7654302445E-02
   -2.8862020768E+00    0.0000000000E+00    6.0019485958E-01    6.0057385770E-01
    5.1083225566E+00    0.0000000000E+00    7.1962307122E-02    7.1685131063E-02
   -7.6939419021E-01    0.0000000000E+00    2.5935485503E+00    2.5964180415E+00
    3.8576277440E+00    0.0000000000E+00    2.4528826083E-01    2.4304288283E-01
   -4.4608590015E+00    0.0000000000E+00    1.3556199923E-01    1.3548087630E-01
    4.6017888506E-01    0.0000000000E+00    2.8475879987E+00    2.8466184304E+00
    2.6259446943E+00    0.0000000000E+00    7.5514474791E-01    7.5519228653E-01
    3.8077220748E+00    0.0000000000E+00    2.5723523340E-01    2.5493996488E-01
   -6.5101738649E+00    0.0000000000E+00    1.9584124994E-02    1.7805614600E-02
    4.2375025049E+00    0.0000000000E+00    1.7013054024E-01    1.6842302413E-01
    2.1662160723E+00    0.0000000000E+00    1.1048229797E+00    1.1070298177E+00
   -6.2312715243E+00    0.0000000000E+00    2.5404476514E-02    2.3510811278E-02
    2.6207697906E-01    0.0000000000E+00    2.9533074602E+00    2.9490707482E+00
    4.8474888951E+00    0.0000000000E+00    9.3388725191E-02    9.2715733687E-02
    5.7795894705E+00    0.0000000000E+00    3.6372432607E-02    3.6851709906E-02
    8.0000000000E+00    1.1051920121E+00    1.2503665896E-02    1.2131785431E-02
   -8.0000000000E+00    1.1828726552E+00    2.1888543587E-04    1.2331646045E-03
    8.0000000000E+00    1.6468968692E+00    2.1089041165E-02    2.0823437525E-02
   -8.0000000000E+00    1.1873296894E+00    2.2062617710E-04    1.2276817003E-03
    8.0000000000E+00    1.0501076677E+00    1.1681568952E-02    1.1482831861E-02
   -8.0000000000E+00    1.2175104855E+00    2.3436160112E-04    1.1911900889E-03
    8.0000000000E+00    3.2719993068E-01    3.9189007513E-03    5.5785643019E-03
   -8.0000000000E+00    1.7465575373E-01    2.9562202242E-03    3.3785372432E-03
    8.0000000000E+00    1.3575689027E+00    1.6213126535E-02    1.5605521951E-02
   -8.0000000000E+00    1.6111894602E+00    6.2156183938E-04    8.0359370697E-04
    8.0000000000E+00    1.6587628302E+00    2.1333574543E-02    2.1071124976E-02
   -8.0000000000E+00    1.2329614135E+00    2.4266358623E-04    1.1729301248E-03
    8.0000000000E+00    1.2188335893E+00    1.4183405327E-02    1.3588541551E-02
   -8.0000000000E+00    2.4414895418E-01    2.4844359592E-03    3.1518433126E-03
    8.0000000000E+00    5.3086569810E-02    3.5099750530E-03    4.2420265670E-03
   -8.0000000000E+00    1.1812850142E+00    2.1828367108E-04    1.2351235787E-03
    8.0000000000E+00    1.2208275581E+00    1.4212621099E-02    1.3615602093E-02
   -8.0000000000E+00    1.1521537400E+00    2.0898642644E-04    1.2716257723E-03
    8.0000000000E+00    1.8797930185E+00    2.6901560722E-02    2.6260443812E-02
   -8.0000000000E+00    1.5598263384E+00    5.6019075111E-04    8.4594120897E-04
    8.0000000000E+00    1.1823833819E+00    1.3647835371E-02    1.3103218085E-02
   -8.0000000000E+00    3.8732763373E-01    1.6854098315E-03    2.7315763955E-03
    8.0000000000E+00    5.0833581811E-01    4.9742874936E-03    6.6851097629E-03
   -8.0000000000E+00    1.1524118340E+00    2.0905400310E-04    1.2712976852E-03
    8.0000000000E+00    1.9616658916E-01    3.5648449390E-03    4.8940116715E-03
   -8.0000000000E+00    1.3709527983E+00    3.4982139226E-04    1.0217724479E-03
    8.0000000000E+00    1.8318530242E+00    2.5520509697E-02    2.5036358465E-02
   -8.0000000000E+00    1.9231599250E+00    8.7432598650E-04    5.8825423868E-04
    8.0000000000E+00    1.3167692159E+00    1.5613908195E-02    1.4983195236E-02
   -8.0000000000E+00    1.8172772848E+00    8.2880553101E-04    6.5395001732E-04
    8.0000000000E+00    2.8974241184E-01    3.7847928479E-03    5.3736540288E-03
   -8.0000000000E+00    3.7549180448E-01    1.7433144191E-03    2.7640839674E-03
    8.0000000000E+00    1.1031074143E+00    1.2472605367E-02    1.2106572907E-02
   -8.0000000000E+00    1.4741372848E+00    4.5929425717E-04    9.2161383610E-04
    8.0000000000E+00    1.0467489129E+00    1.1631414589E-02    1.1444402054E-02
   -8.0000000000E+00    7.9601157571E-01    4.2143859731E-04    1.8154760232E-03
    8.0000000000E+00    1.5121890893E+00    1.8612841150E-02    1.8207062678E-02
   -8.0000000000E+00    2.4923200460E-02    4.1892966908E-03    3.9238935957E-03
    8.0000000000E+00    7.8852801877E-01    7.9385037026E-03    8.8437796913E-03
   -8.0000000000E+00    1.3764958424E+00    3.5518684890E-04    1.0161253430E-03
