14400
func 0
Activation_out 0
4
2
48
48
5
 #l=           2
  1.03385947881139084E+00  2.88474685725282655E-02  1.13844557974237959E+00
 -1.75241894141151627E-01  1.89029974061952072E-01  1.55184544375262228E-02
 -7.67190918386116971E-01  4.55130252501597499E-01 -3.42267924040938823E-02
  5.34865144375469836E-01  1.12306757893268244E-01  3.24571340943568154E-01
  1.13610348377365589E+00 -5.81447600537472020E-01 -2.01157443225355378E-02
 -3.83761002962341946E-01  9.46536461848499905E-02  2.94124963447720822E-01
 -8.63279793306280657E-02  1.04996043585596513E-01 -3.97216965963054225E-02
  3.36745087572703383E-01  2.35589146289052837E-01  3.00563040631510910E-02
  1.16149655310460598E+00  6.70074667303054983E-01  2.02391260436573968E-02
  3.16813308580659148E-01  2.55976759201816673E-01 -6.05629894857469195E-02
 -6.59453224153444983E-01 -1.25345574883510613E-01  4.01054507309677455E-01
 -5.43998923678831514E-01 -5.12734881515878427E-01  2.83076694626017200E-01
 -4.12066647398168173E-01 -6.23253626640929217E-02 -2.71525149918796060E-01
  7.07259521519601697E-01  6.43858038342712824E-02 -3.68792722270602502E-01
  3.75537793456230229E-01  2.43776840866185424E-01  1.70998921899877636E-02
 -4.45970610184807548E-01  2.99499090882360652E-01 -4.93316127606428678E-01
  3.04064999577403572E-01 -5.29669639834613251E-02 -3.72761882535632139E-01
  1.70562380351196446E-01  1.26202634498680855E-01  1.37027668536727792E-01
  6.58287952153559952E-01  3.62037848917547589E-01 -3.57276600321813409E-01
 -5.18773323161946520E-02 -5.34648710769801278E-02  1.13774031307676438E-01
  3.58805967838383200E-01  1.56645479548925104E-01 -1.96086835176900287E-01
 -9.58869475597112997E-01  3.79437434356845321E-02  4.71620460249802753E-01
  1.83561295614339232E-01 -2.50818566930300524E-01 -4.57933249494370392E-02
 -5.59539628304426606E-01 -2.33439102347770072E-01 -4.23745949798237653E-01
  8.02990681837221998E-01 -2.73584411075991629E-01 -1.71651185044394361E-01
 -3.22412474063484555E-01  1.81428864704725828E-01 -7.17685452395615542E-02
  1.10891493909711411E-01  1.51428596029480167E-01 -1.17645114583280995E-02
  4.56919537104958529E-01  2.57209822562864843E-01 -9.78832853370599151E-03
  5.07609747214821730E-02 -3.89957272455664014E-02 -1.59983585167706610E-01
  7.83575380379020192E-01 -1.45449444695618213E-01  3.92334883256946043E-01
  4.82486762611348041E-01 -1.95315941828393819E-01  4.69962065119549077E-01
  3.48577083597952697E-01  5.15184904168714763E-01  6.08634008313545860E-01
 -2.07520032787477299E-01 -2.05590368022283337E-01 -4.92439886341686991E-02
 -1.65700134384440638E-02 -7.20365034446585950E-01 -6.23518820935375473E-01
 -7.67246032967505154E-01  4.91729113950784391E-01  5.43583215782977081E-01
 -4.25790497733976245E-02  1.41842589221809923E-01 -4.56537614734169039E-03
  1.62610604655315627E-01  1.72178720955100423E-01 -2.50600286017959584E-01
 -2.51370981163807461E-01  1.18673075327974303E-01 -1.47455170981793199E-01
 -2.95402756255080556E-01  3.35915706352324539E-01 -2.18796236225371088E-01
  7.43989213317721443E-02 -7.99799141668696256E-01  6.83200807889731476E-01
 -9.72344211900224575E-01  5.25998255001532220E-03  4.78340690221826959E-01
 -9.29524880305159819E-03 -1.53628315985552377E-01 -8.66241749139291979E-03
 -1.00216463448997373E+00 -7.18368515692924925E-01 -7.00587854283482692E-01
  4.89946456265129837E-01 -5.25458027484918988E-01 -5.25543676372502988E-01
 -4.19430709149854364E-01  8.21549711078687073E-02 -2.63289543278494076E-01
  3.99069050897689237E-01  2.15420727353094421E-01 -4.45187466995110803E-01
 -4.05193197160425067E-01  3.39261790605534285E-03 -3.26781972323909264E-01
  4.18783138808817235E-01 -2.55134876359425833E-01  5.48971879098942434E-02
 #l=           3
 -2.07712847110089388E-01  8.65369504956099156E-02 -1.42625953750849715E-01 -3.62482041525338639E-01  1.48172151951298459E-01  3.13070420232024138E-01  8.51391246315113918E-03  1.31164221996862812E-01 -1.97202627864610014E-01  1.09194736539545187E-01  7.77518256053173484E-02 -3.97835761468701310E-01 -2.98346851375757838E-02  9.88161939899879910E-02  4.06332725571089459E-01 -2.37111332663981662E-02 -8.40480942358627636E-02  7.46945642299002843E-02 -1.93984500435520173E-02  2.37027728073598593E-01 -2.76907494040142421E-01  1.14619501697263759E-01 -4.75365500974378630E-01  1.50171546071333595E-01 -1.55727065125739389E-01 -2.33156422255991480E-01  1.53114923590181473E-01  3.58121019152995226E-02 -2.61124669772395852E-02  1.43427472394858674E-01  9.92543617311425624E-02  1.37159025560061043E-01  8.71527918062382084E-02 -6.37679485049463118E-02 -1.73726422641254707E-01 -1.57969407213752994E-01 -2.80645404274207311E-01  1.48879727692915881E-01  3.43200607976287750E-02  1.42624667227704838E-01  2.64025637874094991E-02 -6.37436484751875976E-01  1.55032970550201210E-01  1.36162837703672907E-01 -1.04660528206782788E-02  9.43254636250862449E-02  1.12892758235300095E-01  4.07358156972155855E-02  4.99150993926607764E-02
  4.21216694681121884E-01  5.50116437380527012E-02 -4.71697690882618426E-02 -2.11382664407257059E-01  4.20290261264359477E-01 -1.09799597942337925E-02 -2.33152400883094607E-01 -1.54461452641364797E-02  2.24062236155314565E-01  5.49674457311062972E-02  3.42221016369825493E-01 -2.59669224083555250E-01  1.35982313761078537E-02 -2.65937818644916946E-01  4.63832338929284993E-01  1.70916031601992396E-01 -9.86385780270291612E-02  1.94725635628998528E-01  1.91424058461503288E-01  2.30079282528018514E-01 -6.81302201083612818E-03  1.21519839421171658E-01 -1.07682904175468108E-01  1.90795413529205697E-02  9.65519593567043671E-02  2.26824850541238014E-02 -8.30398792442323258E-02  3.71039757667968484E-01  5.07062637714470354E-01 -7.76788719813648748E-02  2.90621505533338764E-01  1.33704948007312058E-01  3.92818902651315027E-01 -3.41489216998053124E-01 -5.88420835054506819E-01  2.19429629618778127E-01  1.19138441209942197E-02  2.80367376902708632E-01 -1.75923157749509756E-01 -2.16972064351616228E-01  2.60428714589747312E-01 -1.98166360113716494E-01 -2.48495247351313897E-01 -2.15569268603875347E-01 -1.83878098012545732E-01 -1.68201821173337540E-01  2.84237721180999992E-01  5.60069473978452251E-03  5.48263259983330586E-01
 -1.94163431559587867E-02  1.22053591134894890E-01  1.13234044130957986E-01 -6.66579571138168347E-02 -5.44433073712180804E-02  3.73879820052943276E-02 -2.14565547275289981E-01  2.05530751648964963E-02  6.29641869888771660E-02  2.16403699683327816E-02  2.52949406754935213E-01  1.44131744407381968E-01  2.67765795021691178E-01 -6.04198567261830591E-02  2.59919231004637589E-02  2.32068340223535896E-01 -4.00936985096290374E-02 -1.76352798003378795E-02 -7.13332735956914293E-02 -1.02762066879662620E-01  1.38869561664385299E-01  2.47515287726923425E-02  3.04777226950172751E-02 -7.81330713304564523E-02  2.76245311269748550E-01 -2.49180907553262276E-01  8.43148263355649186E-02  2.02124742852791417E-02 -2.79016451605590549E-02  2.15478500781827426E-01  2.36772802494630813E-01  1.31127072874163919E-01  5.19629674069051334E-02 -1.17249508125825838E-01 -3.84259509355770135E-01  1.07262074473064337E-01  2.74850379200555661E-01 -2.37561054448440334E-01 -6.12714868785481301E-02 -3.73285475673666503E-02 -2.06328374088471878E-01 -9.13776929401168420E-02 -5.95326501182811586E-03 -2.56536477602985480E-01 -4.19725003858254342E-01  7.26766880675183274E-02  1.08011907808872917E-01 -8.61719515221565230E-02 -3.15708520714270318E-03
  4.34582812418804976E-01  6.48524521333809917E-02 -2.57523584544973351E-02 -9.65504081753039423E-02  3.14390818480588974E-01 -2.32345794010275414E-01 -5.91423172263184568E-02 -1.09774275793239104E-01  4.21728114463488166E-02 -3.70798756220793668E-01 -8.93496382180336279E-02  2.43906020563390086E-01 -3.39488520288017182E-01 -2.39392993797882842E-01  1.03980845609551079E-01  2.10465632908415287E-02  1.00259188879769645E-01  6.85574797943185182E-02  6.57015599630393077E-02  2.31032735491295327E-01 -1.09506731705324767E-01  1.80545106280744189E-01 -4.47770062792563067E-02 -3.69677668020761199E-02 -1.20091510050824607E-01 -1.21639232480086609E-01 -1.14915702445964787E-01 -1.04982627426506950E-01  1.61460493907285119E-01  7.40985991078670081E-02 -1.43927861168609561E-01 -5.02002663897773704E-02 -6.46070999404640411E-02 -4.84152535556986174E-02  2.36647885759102283E-02 -9.23969792331249956E-02 -5.26669354459525438E-02  1.85912526045204168E-01  2.68512853206688273E-02 -1.36295854921054005E-01 -3.27944815808162565E-02  2.28241129380464425E-01 -1.85884432842251869E-03 -1.29227688980856237E-01  1.38368733262633964E-01  4.72018406711135693E-02 -8.36834727458389965E-02 -2.37134727180795604E-02  8.24374097949485130E-02
  2.37260165165673526E-01  2.56300586593227638E-02 -1.17728753273775452E-01 -5.95641930350735538E-01  2.05127814606032605E-01  4.93224717100919141E-01  3.58453856760692913E-02 -4.02565468697064499E-01 -7.04463076523039605E-02 -2.57085118776246464E-02 -3.84164922181911145E-02 -3.39540086865972535E-01 -2.74251805926625514E-01 -3.54495456928173136E-01 -5.92014441122636001E-02 -4.31160268548573707E-03 -2.38751633536668340E-01 -1.07608257493744988E-01  1.24621655766902373E-01  2.17414517680715819E-01  3.82759845698112389E-01  2.73417158806442295E-01 -3.08348753363718475E-01  3.81835383307360610E-01 -2.85120043330356510E-01 -1.73525783540640438E-01 -5.98333020135439986E-01 -1.83638229101753953E-01  9.56603643150702870E-02 -2.24399810252820353E-01  5.08179284254677510E-01  1.00367864354642317E-01  2.81283514527453316E-01  3.55331797085907897E-01 -1.91148654769978443E-01 -5.10220220848723732E-02 -1.80957724973160955E-01  2.27208842483389434E-01 -7.65861785951333585E-01  3.54917732192576510E-02 -3.69971974571342843E-01 -1.85858330808126748E-01 -4.01089566832470536E-04 -1.46251010616420651E-01  3.94856473056601542E-01 -5.84541977934512014E-01  6.90600220940444515E-02 -2.67049890029915971E-01  6.60899370052062118E-01
 -2.10215152707301581E-02  3.97443176537638221E-01  1.44277457734283882E-01  1.19874460739471611E-01 -6.48494269578046345E-01 -4.90408850643829941E-01 -6.72000313514192482E-02 -3.67472972853540511E-02  7.31484877172445952E-02 -2.70202697679150172E-01 -3.56888901452365126E-01 -1.23701282468178901E-02  4.93576536165032664E-01  5.80666411846217256E-01  1.67240700862442693E-02 -1.24100593610186896E-01 -7.69909026286276915E-02 -7.43336444199095697E-02 -1.98794437676775043E-01 -9.67101321084625487E-02 -2.26045785173421360E-01  6.44271069337403884E-02 -2.22334715623124013E-01 -8.30981643016970445E-02  8.37033693951398927E-02  2.37549530888303995E-01  3.60280279707207024E-02 -4.71878204882771879E-02 -2.57582781819263099E-02  3.18300618336332553E-01 -8.22880675363113046E-01  5.18396228747149551E-02 -1.18088171960200480E-01 -8.86949429395558625E-02  1.45604859850388929E-01 -3.15266558128100838E-01  3.16981344961627109E-01 -1.63811175819662452E-01  4.41694766044038289E-01  5.04933483901110619E-02  2.86151502174245009E-03 -8.98549994194197538E-02 -4.38522742776694396E-02  1.37248262131230231E-01  1.94954183877128512E-01  3.66310343504824221E-01 -1.87735000136028563E-01  4.22037800086755288E-01 -9.60246359668457533E-03
  2.08778145658952030E-01  2.91337679656129001E-01  5.73667897844201205E-02 -3.97194046069842335E-02  5.84059082870442246E-03 -2.07852845152833365E-01 -1.27212805484780839E-01  1.02306468974803055E-01  1.50024835865787631E-01 -2.63976078311653872E-01  9.13764572200520681E-02 -9.27192733936508563E-03  6.00259305469528492E-02  7.46456152697083566E-03  6.06023823219896812E-02  1.26440145809249199E-01  9.53973233102464180E-02  1.84664545294536575E-01  9.71179400035107887E-02  1.11250665955875266E-01  3.29987380265483604E-02 -2.19451039264040061E-02  2.46814721220031119E-01 -1.30482639031633263E-01  2.98413547583501693E-01  1.35069898820500106E-01  1.15609564692972608E-01  1.38677822265190542E-01 -1.78571419998471703E-01 -8.02522055393830799E-03  5.92405120850881192E-02  7.06490184049136799E-02 -9.66125348469720618E-02  6.52076308810103505E-02  9.59918004200850244E-02 -1.34301714213576867E-01 -6.92568759685246865E-02 -1.48666668417615611E-01 -6.19429144403731563E-02 -8.22599637349097357E-02 -1.63820358204879030E-01 -1.38361655063657607E-01  3.73689009018350485E-03  2.17369181846945973E-02 -2.13824016598850641E-01 -8.87468196934184106E-02 -1.41140931441635142E-01  6.93906321791248060E-02 -1.40393164929226337E-03
 -1.19747967387272392E-01 -5.06803075797804536E-02  3.80525627585332815E-01  3.70704115774763143E-01  5.76944568242561268E-02 -3.44515770226895723E-01  4.29141222828901936E-01  1.53889878127498811E-02  3.90579573967158367E-01  2.12390431726407480E-01  1.78974623521492432E-01  7.35936275674117790E-02  2.22790793067066228E-01 -1.79437967080002536E-02 -4.11288958390901155E-02 -2.40105093518197046E-02 -7.71538252158011778E-02 -1.19390103521519922E-01  3.93319764527841786E-01 -9.87573332146165356E-02  2.19764922030074306E-01 -2.04891179979348401E-02  4.32963964330304110E-02 -1.11273463629981598E-01  7.87081359803897818E-02 -5.75831675719313485E-01  3.04551717506334529E-01  7.40377623284258282E-03  1.92120785760568569E-01 -4.25837572919377128E-01 -6.53184996697924736E-02 -1.58027925922712781E-01 -2.29141601615688278E-01 -1.20598489726170391E-01  4.93106118283147765E-01  8.97079068743000807E-02  1.63190270453794223E-01 -1.35284236890613280E-01 -1.82877333171470369E-01 -2.31477379175489273E-01  9.34917083674228211E-02  8.37765682083078667E-02 -3.66298972843424442E-01  1.76669816772982907E-01 -1.17524641185148090E-01  5.95214123895404373E-02 -3.04724871886691118E-01 -2.80811353662927497E-02 -2.40171067458440107E-01
  4.09520308172437064E-01  1.49975090538272265E-01 -2.63204883261314859E-01  3.59757012970422896E-01 -1.44852696565017664E-02 -9.99076367148413469E-02 -6.87687480475390051E-02 -8.51483359623566444E-02 -3.30075033871278928E-02 -5.31775391391760416E-02  5.76702741036172917E-01 -1.22957123863790166E-01 -3.82029638720063791E-01 -1.06514632494839750E-01  1.74542721632008818E-01  3.23689862734247158E-01  3.26525382695967314E-01 -4.13603270532099596E-02  1.37457756650935597E-01  5.51267117442734489E-01 -3.92169121681663790E-01  5.29342523566866507E-01  2.61028655358720940E-01  2.13596131087416236E-01 -1.02746462155210133E-01  2.06627574257190472E-02  7.01833751239953063E-02  2.74694096283682243E-01  1.02548584565537684E-01  1.91231032403152673E-01 -1.33658097574128304E-01 -2.32448518253671077E-01 -8.21487944545061244E-02  1.96249999953885007E-01  7.42830263038341126E-02 -2.99855472535157264E-01  2.64869499529454155E-01  1.34688021394387625E-01  4.84288751006361554E-02  2.52384854547520687E-01 -1.44421955669063656E-01  1.11013179281253122E-01 -5.16331131488245096E-02  1.72030479672995396E-01 -8.74872439768887428E-03  1.77945106742910752E-01  1.23160394617953306E-01  1.77415556229080063E-01 -4.74919598684746119E-02
 -1.94485412189027568E-01  2.86758603108811204E-02  3.13023700871906639E-03  5.52823521932576001E-01 -2.86654775194120429E-02 -3.08352264599306924E-01  1.20493259950773101E-02  3.48074497913853156E-02  1.42284202235421486E-01  2.02060538041582721E-01 -7.90279632656312736E-02 -1.28659417204426262E-02  2.52385583569835759E-01  3.96401585707314652E-01  1.56394448702924183E-01  1.32526861254995382E-01  3.72133766562374790E-01  9.06466076819255895E-02 -2.50569684044511465E-01 -3.30615279850485888E-01 -4.83058877977856238E-01 -1.64918091649262494E-01 -8.17286762376503439E-02 -1.33421414102551900E-01 -1.43815246428415394E-01  1.93883090962877036E-01  7.19750828350476102E-02 -5.04406404409590663E-03  7.76525955555324721E-02  1.81616965409235664E-01 -5.14844501470665961E-01 -7.11123943372194145E-02 -3.36466130276918268E-02  4.53587706198605375E-02 -8.98387115287610644E-02  2.70563973223164611E-02  1.87872773412985666E-01  2.66025316466204920E-01  1.75312288444913200E-01  8.64865662610458524E-02  4.14816503407621884E-01 -6.05545270357840185E-02  1.17733847946515490E-02  8.08471333391030805E-02 -3.54035109517961966E-02  4.68096002409625345E-01 -7.27902524866999440E-02  2.84464710821054290E-01 -1.80804209760260570E-01
  1.02714022348850131E-01 -3.26064118188145402E-01  1.84137407774296408E-01  4.88600028999693015E-01  9.91750604182824458E-02 -1.27096789041453634E-01 -1.77756779741551935E-01  6.75543029573175691E-02  3.09762392913051743E-01  1.74966457628232930E-01  3.21944508947134722E-01 -3.67965937099368701E-01 -2.46247124594405425E-01 -2.38042566744819772E-01  8.82971596838295625E-02  4.84457880259644424E-01 -4.19730061323457415E-01  3.73461403543537018E-01  3.06757012872375390E-01  8.14548614938741256E-02 -1.77797151410752030E-01  3.40013295588949965E-02 -1.40354309284760753E-01  2.74808757094591183E-01 -1.14645366815953526E-01  1.29517478801577990E-01  1.46657446881343745E-01  3.21952976814538050E-01  2.49682496647051916E-01 -1.88700521636085777E-01  2.96832367005029185E-01  2.44026681345510983E-02 -1.59667069769939246E-01 -4.02826944620313987E-01  1.67378787769362797E-01 -8.94466296541114730E-02  2.88142749925901109E-01  1.29143611977827394E-01 -1.25163552743616818E-01  4.67153771999677780E-01 -3.38629270088999124E-01 -2.92415051271931958E-01 -4.04281676085262942E-01  1.76173048688107986E-01  2.75953848171554994E-01 -2.79631393314646426E-01  2.33080008605396849E-01 -1.18688091922532130E-01 -2.78116873328320913E-01
 -8.08832051988407491E-02 -3.99928680685366245E-01  7.47679886822763956E-02 -3.21307739337864162E-01 -1.22996353148940224E-01  2.43762131254910428E-03  2.76283019011280662E-01 -3.19278482172661748E-01 -9.37964348767233586E-02 -1.55079755305688710E-01  3.81995890086466519E-02 -2.63083441876806101E-01 -2.27713419078886675E-01  3.18129553558619757E-02 -1.30468329099514141E-02  2.52168480427190478E-01 -2.24571909872944064E-01  2.37144451371944093E-01  6.51209021009636346E-02 -4.52772263793990160E-02  2.97509487744157287E-02 -6.03047096912126337E-02  3.40437860565444561E-02 -1.33295817981595538E-01  2.65888425999413092E-01 -2.03612728254771114E-01  8.39515163837865480E-02 -3.13940650083696704E-01  1.15043512266576442E-01 -1.62773910250310239E-01  2.96262781499108230E-01  3.52989929558136073E-01  1.20518983813079683E-01 -1.89670746202359242E-01 -1.43167391176442643E-01 -2.32460730048004355E-01 -4.35578452705925878E-03 -2.05563225753213036E-01 -3.24683228382350419E-01 -8.84908121117101570E-02 -2.35591980741888599E-02  2.20459339921083519E-01 -1.99860747836234920E-01 -2.41298875690620890E-01  1.34479338910256541E-01 -3.24125672679407673E-01 -3.57067226149013969E-02 -3.84046778779403519E-01 -1.68007176242632200E-01
  7.90287482575545847E-02 -1.61110706026928785E-01  2.57023023832627373E-01 -1.03438633170163510E-01  3.39982085473848450E-01  2.23095455169774443E-01 -3.44276312260073991E-01  3.35682928149550697E-01  3.91449259237380442E-01  2.12767357349222197E-01  4.21771206704177448E-01 -2.82173378573787437E-01 -3.29820358388555224E-01 -2.40718626624552345E-01  3.16533882643748432E-01  4.95751917928131669E-01 -2.52046775496564124E-01  9.19086977343432920E-02 -1.06273687623829036E-01 -1.47806326752828759E-01 -3.42620272827142580E-01 -1.63988344722134846E-02 -2.96928489487149561E-01  4.04562930992637473E-02 -8.32193443743946965E-02  7.95342676491420791E-02  3.29092281716383717E-01  4.21457369240509916E-01  7.25534508740815043E-01  1.07352653191978356E-01 -1.12266686387498843E-01  3.03322188057980668E-01  2.03970431380956663E-01 -7.99297550729656109E-02 -1.03722257434754814E-01 -4.64614056973425338E-01  1.67914551907431736E-01  1.19446274646127268E-01  1.55181788965696899E-01  1.80650587344962310E-01 -1.43954226159322463E-01 -5.40730509911139579E-01 -3.00316948718371113E-01 -2.87250529670836308E-01  1.08652676766286899E-01 -4.08438949918652969E-02 -3.59903617870057979E-01 -1.32226017130412377E-01  2.07111556034634825E-02
 -3.34950977429707766E-02  3.70442684782075538E-01  1.00019932254274274E-01  6.14497573984877157E-02  1.91493960408087194E-01  6.93544652356265778E-02  1.28636154913499862E-01 -6.20666404538169139E-02 -9.94384937186843648E-02  2.33449667178893677E-02 -1.04841383290425975E-02  2.45369205058460660E-01 -8.99063308937412264E-02 -1.78723887919906010E-02 -5.24413887532901413E-01 -3.75080947264389453E-01 -2.18216452015154508E-02 -2.29781329902738279E-01  3.60116230488823796E-01 -1.57024373417754964E-01  2.69868343056762050E-01 -2.31907666686612224E-01  5.38896137691441957E-01 -1.42759472199467385E-01 -4.94087494683889822E-02 -2.74827975861452967E-01  1.60990169604225308E-03 -1.19749522450419033E-01  1.98602846195119684E-02 -2.70186038523742955E-01  2.00603308341438143E-02 -9.60560929312029819E-03  7.28270193178542774E-02 -1.56384228356129980E-02  4.90327941061301145E-03  1.35879416056814556E-01 -1.77716671353227190E-01 -3.23770140353933866E-01 -8.51310012427532320E-02  3.29993826469476073E-02 -3.99657417504736892E-02  3.32975086710191326E-01 -1.63477309842425422E-01 -1.48619119186047255E-01 -3.41424750299442262E-02 -2.63585410228179384E-01 -1.60048325374106057E-02 -3.01152910830708685E-02  9.62074323998151348E-02
  1.28728977171890996E-01 -3.30186460693292438E-01 -4.83402710991830464E-01 -2.46320106966776309E-01  3.19846659949369228E-01  1.27226728813440548E-01  5.75726326788965070E-02 -4.37328459246402346E-01 -3.32971930924264525E-01 -2.36105290153079128E-01 -9.21392468199478260E-02 -3.69367457253622078E-01 -4.20197869829728315E-02 -5.24432475057760472E-01 -7.93820063147314542E-02 -3.32743602200677058E-01  2.47700574779028876E-01  2.72829134814579155E-01 -9.82489039801273112E-02  2.30085211710329696E-01  1.98746145586936485E-01  2.89910552192898796E-01 -1.80237280569785357E-01  2.61971073885615413E-01 -6.00861553495135481E-01  2.29373672762382234E-02  1.54179216409066178E-01  9.23236221249504503E-03 -3.49032617104940712E-01 -2.26227919804424138E-01 -1.07410280223961208E-01 -5.71259614046969802E-02  1.68782833718169795E-01  2.51604911727775271E-01  1.34019938418853651E-01 -2.47703781586385674E-01 -1.37059293038594182E-01  1.70334883016626942E-01 -1.40962275941028614E-01  3.95842919204290617E-03 -2.73067409548950132E-02 -4.59320105332926068E-02  9.48978538397558941E-02 -1.96778283301423440E-01 -3.25288316722563628E-02 -1.54061323980090092E-01  2.55379486623420693E-01  3.13827953084500552E-02  2.53310007189505582E-01
 -1.06353853605576448E-01 -9.40291038049520383E-02 -4.03133986961494873E-03  3.66191055006165056E-02 -3.91411182690103165E-01 -1.19464562647888753E-01 -2.09849990297209188E-01  5.86761435777110527E-02 -2.57855241725404583E-01 -3.09685192709345858E-01 -2.22174568354907009E-01  2.34112760730090214E-01  5.34205407592593273E-01  2.65790210361222634E-01 -3.99598564983804028E-01 -5.25500080069389974E-01  2.65725157266601675E-01 -1.11207640717964379E-01 -2.89887353202823994E-01 -8.05763715096638189E-02  1.37612195006155315E-02 -9.44115044211009946E-02  6.11968790240018587E-02  1.64539937867956426E-01  1.86238090826168684E-01 -1.19713643824650426E-01  4.81433152872102338E-02 -6.42695827423286070E-02 -4.53028806720487454E-01  2.81160553036735761E-01 -4.11961576286219988E-01 -3.72958896887154667E-01  3.54938462375018859E-01  4.30035486902667421E-02 -3.55284256805198317E-01 -6.04434227894730336E-01 -9.37475643132271302E-02  1.05647927891045865E-01  2.14100214162085328E-01 -1.18434157395078996E-01 -2.01702700476378477E-01 -1.31065385188910366E-01  4.00566264683529738E-01 -5.09471036369991692E-01  7.21520208519555173E-02  2.75120654676940302E-01 -5.29736238290737169E-02  3.48201957769011361E-01 -1.49612890726810555E-01
 -2.63405899837779135E-03 -5.27414165524968184E-02 -3.45595093686237101E-02 -2.50349142334841457E-01 -9.61413567719076878E-02  4.50493748009506867E-01 -1.98740018602198171E-01  1.68121087917360607E-01  2.81529182164409031E-01 -2.19682783518217427E-02 -1.30103819187593783E-01 -3.17899336476904840E-02  6.78890125121453386E-02  2.43400821164559550E-01  2.80255412775053059E-01  3.21033335004965059E-01 -3.35243563878346529E-01 -5.17220335971338343E-03 -6.73984579315653615E-02 -1.71920554939708203E-01 -5.01864469528457979E-01  2.72885911131788561E-01 -6.09201338222082001E-01  7.92096838227889788E-02  2.02464155457782707E-01  5.98429988977941044E-02 -2.20675904778803472E-01  4.45945009140247650E-01  2.81222498261732845E-01  3.87244732159950533E-01  3.36482591282837654E-02  2.20223773564871578E-01 -2.68900928387741378E-01  4.67708735302659420E-04 -2.44783461867063117E-02 -4.30210884612568734E-01  4.79046825014048994E-01  8.11363219859460999E-02  4.27884467727477513E-01 -3.31981535754558410E-01  4.19778990817956998E-01 -5.81429117048638422E-01 -2.92383121055855066E-01 -1.41281760007159640E-01  5.93898995958365705E-02  9.53753784548710404E-02 -1.28186500799361919E-01  2.51001879769787217E-01  1.68216819625775504E-01
  6.91978130243985357E-02 -1.56704783607628878E-01  2.15017793266702423E-01  1.54658644819478330E-01 -1.13427193344480232E-01  2.75995320248100529E-01 -9.18960305852785514E-02  1.65228683197055859E-01 -8.79966217633121328E-03  2.67895668381030738E-01 -4.76437651048235572E-02 -4.05843161692763313E-02  6.29951505130840229E-03 -1.79548989879294796E-01  2.92711706713267295E-01 -3.78913779844403872E-02  1.26053899463130892E-01  3.26174223244784844E-01  1.23690128157144336E-01 -1.03407329061542458E-01  3.88907613066477170E-02  5.11518184018320970E-02 -3.71824754194952478E-01  1.07366498341909936E-01  2.44893312966711102E-01 -7.33300847948140933E-02  1.50563530070098484E-01  2.64377957829709631E-01 -3.04247641689983570E-02  2.91577944006857492E-01 -2.43991272510181656E-01 -4.17935593361436486E-02 -1.96201828864237503E-02  3.05595590040846250E-02 -4.37765823342093852E-01  5.04424022270172842E-02  1.85295033442009344E-02  3.09285310108693423E-01  2.87660749312046271E-01  3.73378356450815907E-01 -3.11051508207666694E-01 -8.56811847273923621E-02  7.03250106050959112E-02 -6.46880629442609795E-02 -1.53310410016309712E-01  1.73619330828047799E-02  2.34591790804473926E-01 -2.03269170297346147E-01  1.85596788727269077E-02
 -7.77935701461276718E-02 -4.79159224789251048E-01 -2.45104611492130725E-01  5.38632252883708348E-02 -1.27857568243795156E-01 -9.08464368282306256E-02 -6.37541991092357985E-02  1.22173091419572222E-01 -4.19951406344692101E-03  1.54154224381680360E-01 -1.55940214725896920E-01 -4.07076434434183940E-02  4.94016705034060477E-02  2.52559891578021944E-01 -1.43437501411145009E-02 -1.08122573670372341E-01 -1.25637360209224138E-03  2.43769947196414150E-01 -1.00695190255497710E-01 -5.67786063286147766E-02  1.56722261900191534E-01  2.51966138433648179E-01  6.40102194383024847E-02  8.10393502444996527E-02 -3.25695284390269887E-02  1.02217265038394456E-01 -1.35147895607247548E-01 -1.82169438771406580E-02  7.68537617242285725E-02  1.13825168247502981E-01 -1.20965621029956491E-01 -1.30168823001494849E-01 -1.48572914044725141E-01 -1.17409828491804227E-02  7.42111803066664161E-02  1.60037758951075415E-02 -3.57171734706626708E-03  1.84864102347847420E-01  5.73344444571884382E-02  1.27066319871592670E-01  7.72181943390993497E-02 -2.62477130015952131E-01 -7.19909300081072873E-02  2.70711466500724529E-01 -1.15925864334008005E-01  3.06920147753319099E-02  7.54229837915620233E-02  2.13959334129425298E-02 -1.89541707640136531E-01
  3.67755909897315020E-02 -2.03815144381471330E-01  2.45603546119084137E-01  3.19196057474067874E-01  7.16798358909738059E-02 -3.73971991468551646E-01 -7.36858712642973479E-02  2.67747552887038442E-01  2.19576536913401066E-01  1.95797435801464054E-01 -1.73536784184820270E-01 -1.37288395317272355E-01 -3.77212074458250057E-01 -9.92226069911020109E-02 -3.63049842173777740E-02  6.68339830432281179E-01 -4.04627440786554715E-01 -1.18378721814898710E-01  5.36694767050031885E-02 -3.44718455737271889E-01 -1.56430061244112906E-01  2.62798981741268270E-02  1.97367316936029269E-01 -4.58023257273452222E-01 -5.54442538760074391E-02 -2.01060263552303026E-01  1.40687662972014432E-01  1.04972215696320051E-01  4.33580200687395736E-02  5.84123575712768989E-02 -5.63398217366292767E-02  1.99862091719705315E-01 -2.65883876670024888E-01 -2.48396184761460331E-01  2.01981113585594646E-01  6.50802790705165557E-02  4.03589603024045285E-01  1.92740301128817126E-01 -6.12050841487203345E-02  1.98332209313519248E-01  2.75467265328366517E-01 -1.78183488765552844E-01 -3.10913323127273100E-01  8.78273718939932557E-02 -1.34507724131106621E-01 -5.95225331225784707E-02  1.61136837646441405E-01  1.00689572533302629E-01 -1.22085345465473172E-01
 -2.68445227052676906E-02 -3.23196504866336137E-02  5.95254418909844873E-01  3.32045631656994022E-01 -6.33673303812265276E-01 -4.53466883507950391E-01  1.49444288193997910E-01  1.93858822835696970E-01 -1.06349780716086431E-01  2.16975078186686959E-01  1.37636017875422623E-01  1.44457822290438576E-01 -4.42617133463085316E-02  2.55257649799493669E-01 -1.24642620397917181E-01  1.70727852665482904E-01  1.75508017189557497E-01 -2.49244097491039956E-02  1.77237218555346410E-01 -1.57159880595982154E-01  2.83474059877119842E-02 -9.28191022119213144E-03 -5.25196714848999505E-02 -2.52341068632250920E-01  1.59670826885090822E-01 -9.68106348518914944E-02  3.56383529380769004E-01  4.88211218962189053E-01  2.73505332357473041E-01 -1.61156039753925534E-01 -8.98336578489013909E-02  1.18573743816993898E-01 -3.48714480591070908E-01  1.50417742570527896E-03  1.94829247404582018E-01 -4.43785692843501681E-02  4.12556734188622043E-01 -6.49648883100256286E-02  2.42427497153983901E-01  5.90064048214918105E-02  4.67341937106801275E-01  3.20290316937163866E-01 -1.80213412278871971E-01  2.30539938252603688E-01  1.44705229130888281E-02  1.26687898174634522E-01 -6.93435062341404007E-02  3.82067150121559396E-01 -6.65733840557878986E-01
 -1.78205271969118298E-02  1.35347146566887236E-03 -2.02852519244142382E-01 -7.32852321445620764E-02  8.86063883647764637E-03  1.75090481488781938E-02  5.74642992380999945E-02 -1.09603972314191958E-01 -6.49702946036331608E-01  9.10357167811886164E-02 -5.55628931645790677E-02 -3.83621133165774272E-02 -1.67253474748494002E-01  2.54421329753358350E-01 -3.07505792246611787E-01 -2.17666541695659549E-01  1.38984598914913493E-01  1.38109133275756718E-01 -2.14636743469003521E-01 -1.02237588765993537E-01  1.71537829002150949E-01 -1.39755256233808106E-01  3.10028428299443437E-01  2.32555102838683470E-01  3.60981052708235439E-01 -7.18691909433387816E-02  5.61410204522852577E-02 -4.61381243130629837E-01 -5.52344629799673248E-01 -1.73414039980312427E-02  8.06709260237457454E-02 -1.20059623592828638E-01 -2.38147504371046509E-01  3.30835479361489215E-01  1.24252503692210484E-01 -1.50922511858269603E-01 -4.66907902041478973E-01  5.24012552959445266E-02 -1.71884635521679680E-01  1.69881678680122404E-02 -1.50878453166315901E-01  2.34917759726711334E-01  4.39511727838162725E-02  5.83569965361017753E-02  2.77994927953131264E-02  3.03863624980626780E-02  9.12757367921714427E-03  2.43409022803152464E-01  1.20280795730931228E-01
  8.56801042007446223E-02 -2.93837572747980447E-01  2.37862957343345172E-01  3.41066008790095021E-01 -9.66078035775727595E-02 -2.53939464453258990E-01  3.19580216764489666E-01 -1.98067411171643032E-01 -7.02850818252931525E-02 -4.21112453703914535E-01 -4.16982528257583918E-01  2.75789621880083269E-01  1.96245566888293588E-01 -7.27726914362458871E-02 -3.31902575314112491E-01 -2.87563755893031514E-01  4.51957193997981413E-02 -1.55093292973565555E-01  9.99299957032802159E-03 -5.22184767635069269E-01  8.60354666914117938E-02 -4.19232280263056728E-02  2.47880048038768008E-01 -1.38444781671020645E-01  4.08172166976629835E-01 -2.38483668650293912E-01 -2.75366440591087558E-01 -2.87459500561131967E-02  2.56728851787945377E-02 -3.72483528154237853E-01  2.37412500486292755E-01  2.29586180295637404E-01 -2.63922526045635653E-01  1.55812372500584856E-01 -3.22809588889461235E-02  7.00544753407491422E-02 -1.82589566704186107E-01 -2.28309301141908783E-01 -3.42814552765181579E-01  1.98993529150875925E-01 -5.70616539039018433E-01  2.40689298608404711E-01  2.59873323769407687E-02  2.29789212780744490E-01  4.27398833677424886E-02 -3.44484035898214580E-01 -1.42630939285646519E-01 -4.70782373318619496E-02  7.06500049584511819E-02
 -4.82053078585376327E-02  1.79530772078521361E-02  3.05068093612987257E-01  4.61326078429905792E-02 -3.81886630750909867E-02 -2.36299057035464305E-01  1.78444357789216024E-01 -2.47623159507582374E-01 -1.80646013481327861E-01 -1.59977847241400961E-01 -2.80329908137626760E-01  3.17760690021117731E-01  3.46392087982923536E-01 -1.84084026815520219E-01 -2.83766329457256827E-01 -1.85874189726977571E-02 -1.65905125311953894E-01 -1.56901366999368588E-02  1.35588370238040018E-01 -3.43745015998556225E-01  2.63511700750595990E-01 -2.27844120396280464E-01  2.51297290723839384E-01  9.45155917431117314E-03  2.73609113817682992E-01 -2.33740032444576029E-01 -5.68690419371951014E-02  4.69890549345865424E-02 -1.76449237082147575E-01  6.84792336693019060E-02  3.58567503565004775E-01  5.46330823574961433E-02 -2.20294186918373602E-01  1.93788572065571006E-02  1.53748311153602935E-01  2.87177695121947629E-01 -7.61307442775819437E-02 -2.01714305460248648E-02 -1.71229108393438079E-01  7.48307512429947363E-02 -2.23559371856880754E-02 -5.57286612914498145E-02 -1.84757863667335820E-01  2.58678512791604642E-01  1.15651753462538334E-02 -9.96457175170487736E-02 -4.34961530548130693E-01 -2.90075521964388405E-01 -2.44412436988806658E-01
 -6.21767959267754480E-02 -1.54123315766141522E-01  2.46811761849753092E-01  3.16800853922065195E-01 -2.37691770408539772E-03  1.36524654065068890E-01 -7.25769452638999613E-02  1.59981507717647659E-01  3.61994613621757333E-01  2.29221529601431773E-01  2.39280304463032112E-01 -2.42788464470427678E-01 -1.37665732585945833E-01 -1.72582173193553567E-01  3.64974542874896501E-01  4.20445203798927802E-01 -3.94782277141965787E-01  1.74974908638300314E-01  1.35077774234044462E-01  2.16877065185550943E-01  1.19850685527004893E-02  3.16190492160254577E-01 -2.10978113822316515E-01  8.07943172780300478E-02  2.52029460004517203E-01 -2.08719476923079940E-02  1.66238070971222590E-01  4.56669058931755911E-01  3.40534638503134923E-01  4.58318274982094653E-03  2.63762899818314356E-01  4.55908554258296794E-01 -1.68634274809690732E-01 -1.34154872778325968E-01 -2.23623546210717672E-01 -3.86251995240752599E-01  2.54462748933566817E-02  5.37855895151161736E-02 -2.23897842786353746E-02  2.97202689151358779E-01  2.82635927555996869E-01 -1.01198995528473890E-01 -3.66299961684614761E-01 -7.03799646862552919E-02  2.47793664988272877E-01  7.50725672203585992E-02  2.08921361850551907E-01 -2.37442820459200038E-01 -3.37172086166969309E-01
  1.44023430612293279E-01  1.81543158213342166E-02  1.30958632554653370E-01  4.22825436998251702E-01 -4.71308741720824001E-02 -6.59819938928110861E-01 -2.82334242491242171E-01  3.82329075484420355E-01 -4.08294611642488481E-02 -2.76429844204515371E-02 -9.12793843027882579E-02  3.14619193533054731E-01  1.78633498785266548E-01  3.28118244322374297E-02 -3.07500984873647798E-01 -6.79070441293725124E-02 -1.96498542102578777E-01  7.19538131286183002E-03 -1.39836507223120771E-01  4.93977698217850716E-02 -1.32077321144696253E-01 -8.21026658422254890E-02 -1.22706064443708247E-02  8.07684464160826482E-02  5.75707517161548263E-02 -5.45104469490374360E-02  3.08001766458596726E-01 -1.01603818268082860E-01  4.08500467459961200E-02  2.17333055526350544E-01 -6.82957260265935201E-02 -4.66148939925698710E-02 -1.50002066206590179E-01 -1.18595672857329193E-01 -3.02387228709789568E-01 -2.20993962163990254E-01 -6.38641847954239256E-02 -3.21133383281982321E-01  1.10796473883298593E-01  3.32201663977024012E-02 -3.38911679426017354E-01  3.04889640876313206E-01 -1.43371886344933641E-01  1.27010427028095479E-01  6.58973216485574664E-02 -2.18857276337480165E-02 -1.78686975892890731E-01  4.65661083447811153E-02 -1.46975244626235568E-01
  1.82040227133898530E-01 -1.14441311566634674E-01  2.18727115335486666E-01  1.66144199092492811E-01  4.37307782606650153E-01 -1.34133029658043385E-01  2.49364090731502480E-01 -1.07664394718286427E-01  2.73807274507781750E-01  3.22637158927734591E-01  4.59359212069374023E-02  9.29414514900282207E-02 -7.22029785651010642E-02 -4.52996303454433202E-01  1.07676045142345814E-01  1.59440305291515594E-01  3.28230447775019529E-01 -8.61341106703610443E-02  4.09318907178101210E-01  1.45900256087426544E-01  1.05232901874968171E-01  2.90130144357233603E-02  4.69402450014555495E-01 -7.30804401633049355E-02 -1.63586486786782365E-01 -1.81579250848533047E-01 -1.25687521606073854E-01 -2.44676196238710369E-01 -8.50977212733213945E-02  3.54389169167681484E-02 -1.59550052885063659E-03  2.25438288043738576E-02 -3.15420078787150893E-01  5.97520419015076312E-02  4.89321412299877856E-01  2.05612921975036916E-01 -1.14755898360615671E-01 -9.59967905497535329E-02  2.00841636249248223E-02 -6.71844118602044071E-02  1.48414053795123013E-01  1.63133740548383394E-01 -1.33636569411109657E-01  4.60795165980229737E-01 -3.44922614631114829E-02  1.49729105753960492E-02 -3.87740806266001579E-03 -2.97334299880153863E-01  1.56343363081784176E-01
 -3.61361022486684494E-03  7.52052960300477052E-02  2.68857656444118874E-02  1.62190636610273942E-01 -6.04594568689971953E-02 -2.65309579016116903E-01  2.27635350979528500E-01  4.63483925070585848E-02 -3.03033460085294137E-01  5.99837433271330628E-02  4.89428118520832955E-01 -1.56577133859227106E-02 -2.55077464384732666E-01  1.11665622520011082E-01 -1.80401095778777582E-01  2.40350490843114460E-02  8.44544928427658076E-02  1.63002047256086302E-01 -1.38209333627039741E-03  2.79986345052116392E-01 -2.92289858985807616E-01  2.66664639445358009E-01 -6.67652965314871061E-02  6.59835138882281132E-03 -3.72730196101959260E-02  1.53533247128981726E-01  3.83102452481053291E-01  1.59813231731190636E-01 -1.65133164694670709E-01  1.50638831140252505E-01 -6.44781271264361633E-02 -5.08533493430978978E-01 -9.58130410804641786E-02  8.08135508651664503E-02  5.61975451466044731E-02 -6.60676478921797539E-02 -8.13508756866290345E-02  4.06106288108829594E-01  1.19705778362352425E-01  2.86899740852295415E-01 -3.05872796336944461E-02  1.00106523633302927E-01 -9.20516313373084677E-02 -1.72015024218624440E-01 -1.25949336132855499E-01  2.31871022735647032E-02  2.80471210923855185E-01  3.17259886952254655E-01 -1.48488411472774501E-01
  1.63074380792725265E-01 -1.52601913449145699E-01 -2.15993838187869908E-01 -3.43184992299858216E-01  2.06670613066256142E-02  5.92126114122157099E-01 -1.10582568985383281E-01  1.16024832359765087E-01  1.30729874205816554E-01  1.55091035025391705E-01 -1.35095800701059365E-01 -1.30625126330587236E-02 -6.14107662700708809E-02  1.72887910261752514E-01  4.25101608782377682E-01 -7.43677244145260902E-02 -8.55837015072925950E-02  4.60114296671047029E-01  1.75723376827775953E-02  1.73374969031294318E-01 -2.48726405655179006E-01  3.95784601868306496E-01 -5.53025544707445249E-01  3.27155346757587728E-01 -4.62194457952371865E-02  5.43434685460168154E-01 -1.82611468595189647E-01  1.89261260279220606E-01  2.92909173263320687E-02  2.21517196485559870E-02 -2.26568474427744720E-01  1.59989749933661329E-01 -2.73542960695300034E-02  2.63101354688902618E-02 -3.88617428232058748E-01  8.67035913353087356E-02 -3.79398592012524738E-01  1.74136630867897324E-01 -3.47959130706192776E-01 -1.26932460199523700E-01  1.20684384494345043E-01 -7.54334597976679899E-01  5.83333567328115435E-02  1.53022549599433760E-01 -3.33218892498771346E-01  1.78505969900192130E-01 -1.45688595715863622E-01 -1.15881359964330050E-01  5.45223076194428002E-01
  3.75925537632760209E-01 -3.90708249215375378E-02 -2.16296495613366203E-02 -7.85137045918559845E-02  3.81536574647478921E-01 -2.73636954381815511E-01  6.63421651346822461E-02  1.83144982020665625E-03 -1.96566754731887471E-02 -1.07058902347333354E-01  8.20805952497485614E-02 -6.73562344968266224E-03  2.20465276576407992E-01 -5.84739132410059606E-02 -9.87075028820740552E-02 -1.34233204335547585E-01  8.18599427880764841E-02  5.53488685086547458E-02  5.34604177508797712E-02  2.45339766163852058E-01  6.22041486804774460E-02  7.12791566777900565E-02  3.73201977556316053E-02  9.28749811904751831E-03 -1.53426627511361824E-01  1.18328223124036652E-01 -4.21998014012913390E-03  1.31351740358132713E-01  2.99149925516508319E-01  1.14838864179516945E-02  1.35806758107296144E-01  1.04995321347106194E-01 -5.23789027294866566E-02 -1.98177563566215714E-01 -9.20681441251643279E-02 -1.34778066798416252E-01 -2.10760759780325935E-01 -8.86940129910235298E-02 -3.87503509655220180E-01  1.51690012556490589E-01  3.67436674566249746E-02  6.67973567756313669E-03  1.45465051909246024E-01 -9.28300161625079945E-02  1.87279283941616914E-01 -9.35908642753142256E-02  2.26999037169520551E-01  2.15394022799709595E-01  2.38451527024588383E-01
  1.29579565821410420E-01  3.74822718068778482E-01  3.32256068260966056E-02 -1.76896871971428254E-01 -1.70064179092254825E-01  2.08797828559237758E-02  2.05926951010864973E-01  1.52072445830114172E-01 -4.95189628995470824E-02 -1.39850377277631027E-01 -1.36474136217244829E-01  1.52362241890225569E-01  2.53362771521581133E-02 -2.82074551349652869E-01 -1.44968093777400539E-02  6.25146907209209873E-02 -1.17176891243747958E-01 -2.49993541671396619E-01  9.32081956477344847E-02  1.61246541694433726E-01  1.26045655155963388E-01 -1.19961186932904473E-01 -1.06519892744172291E-02  6.00480936799690085E-02 -1.10590398545878224E-01 -9.58697573382508994E-02 -2.02463674189967746E-01  1.97216369394521192E-03  6.11405722942706537E-02 -1.40264929705651603E-01  3.25938636165523543E-01 -1.83723056402458840E-01 -1.90236997692275589E-01  1.45189802004556234E-02  1.16120468463539517E-01  3.71561375434903252E-01 -1.25576174011208380E-01  3.04842992609046126E-01  5.13766164274453499E-02  2.07798150706234697E-01  5.70248059872851543E-02  1.98309936780993928E-01  8.82144904503095045E-02  1.27906220650451402E-01  8.62154118272589337E-02 -1.83621022882211049E-01 -9.51570152736292280E-02 -2.03582653980958650E-01  1.33482533915676771E-01
 -6.11217984238936717E-03  5.24620905702607554E-01 -8.38481053001161464E-02  4.14304639958851195E-01 -1.34209447608445109E-01 -1.59901599272963435E-01  2.08909262994099454E-01 -3.81136441716275545E-02  3.84974681485517750E-02 -4.80433459852792233E-01 -1.18917125065297336E-01 -3.33144603905376591E-01 -1.71953948295503228E-01  4.37790359317014488E-01  3.34450503318135972E-01 -7.92175659579891223E-03  1.29105397205263761E-01  3.76204595258160940E-02 -2.08455862760331373E-01 -1.07988916918979813E-01 -3.58799712738109067E-01  3.22173638714329802E-01 -2.20348652289735283E-02  6.09113325334964366E-04  1.50874298545234237E-01  4.87653512435363284E-03  1.65717542200057411E-01  7.38884683560729061E-02  5.62913177981379312E-02 -5.81224230165523978E-02 -4.99198553210315477E-01 -4.93444836422602229E-01  4.13336901663031372E-02  4.27494754782777653E-01 -8.34083496344763670E-02  1.76147537264872422E-01  1.07766057574552973E-01  1.29134004286273862E-01  3.05083789837017338E-01  1.08204637211615606E-01  1.92045084036420483E-01 -1.88030366293910373E-01 -5.36682720035736305E-02  3.96953694779623723E-01 -2.28845989684580614E-01  3.73769394283190726E-01 -1.39925881833119969E-03  3.07206118730432076E-01 -2.84095626128053447E-01
  1.34073222105307643E-01  2.57777641460680218E-01 -5.94002122431102411E-02 -1.28529961838223128E-01 -2.44910079086550325E-01 -1.91702649261486502E-01  4.30810205542497410E-02 -1.00024753236052907E-01 -6.76499811554499147E-02 -2.09866742351519975E-01 -1.35777318771944794E-01 -4.46198544516465678E-02  5.89103779076096193E-02  1.17752193806940464E-01 -2.40352589376390015E-02 -2.61041926783938283E-01  8.00690405611320377E-02 -3.29628845209202145E-02  1.78648287775369591E-01  1.80729204178333214E-01 -1.74692895527367609E-01 -1.63077292259241974E-01  5.17948353644586343E-02  1.25069458963399938E-01 -1.92495845620071770E-01 -1.65500348243581480E-01  6.43067179816474571E-02 -2.22712630769889980E-01 -5.67953561860834802E-03 -3.30963077929822200E-02  1.31268596506600305E-01  1.33827602945512554E-02  5.96069936396018754E-02  1.43672643244110582E-01  1.23346948148039870E-01 -3.23615435690831621E-01 -7.34921641736737963E-02 -2.04922881119389000E-03 -1.30247601473472731E-02 -3.93531276946764014E-02 -2.78663534220261692E-03  1.58015928158755405E-02 -6.78321996949991374E-02 -1.82868310585017790E-01  1.98318803926621594E-02 -9.69095369194134804E-02  1.94055905213838004E-01  1.37270063586838631E-01  2.38368578483421550E-01
  1.36833600714574427E-01 -3.31840083753303761E-01 -6.79288316921874080E-01 -2.66867499176189404E-01  2.51044960134749362E-01  1.47457417645796396E-01 -2.02223001744600367E-01 -3.77187469455668044E-04 -4.59244065324950768E-01  4.70400155954549884E-02  9.69340692430973316E-02 -7.42775385971764929E-02  2.83267614967676606E-01  4.64137392872033330E-02  1.08213605067419821E-02 -2.69921635995702116E-03  1.97427377334354781E-01  2.43819756433267781E-01 -1.81168988484104843E-01  4.49550914892201059E-01  1.53948139779897325E-01  9.67131885337722402E-02 -1.89340021609874676E-01  2.47121202745701901E-01 -1.61659747584565021E-02  7.02482778301604521E-02 -3.80599727022151280E-01 -1.73356187203004414E-01 -2.88347509014481085E-01 -1.75757144649508514E-02  1.52896960038196972E-01 -3.60849176618235457E-01  1.04319005575295928E-01  4.55504226490577091E-01  1.86653309845775078E-01 -9.55072168627962986E-02 -2.12417284127682460E-01  2.82568444989003825E-02 -3.19457107113034988E-01  5.98633998548565929E-02 -2.50912042033772341E-02 -3.41528131955546599E-01  1.89434747263931336E-01 -9.18869464445264406E-02  4.00955665733131600E-02  1.10249494762156522E-01  6.15908274185438115E-02  8.17927982223033423E-02  2.81890867633253661E-01
 -2.16511284973929435E-01  2.27017178529424213E-01 -4.04089455374499959E-02 -5.79274436762842251E-02  1.14866830301880801E-01  6.47772919090726512E-02  1.44326886889179662E-01  1.25424405067151329E-01  1.33624310295457297E-02 -1.55482912465642054E-01 -1.34240141130161111E-01  2.40746908044756264E-01  3.59737401478387064E-01  1.39113433604900749E-01 -1.06764818547725973E-01 -2.37860151134720171E-01  7.76453392828018851E-03  4.38733869405939642E-02 -1.91096200859067505E-01 -3.80994260345151992E-01  1.93482881913630889E-01 -2.82206115986343820E-01  4.72305441504292239E-02  1.09014998758538692E-01  2.51686487200340168E-02  7.49397847230747899E-02  3.26172026775285062E-01 -3.15819190506414993E-01 -1.51956168560590771E-01  3.99170579283330898E-02  6.49631940371779987E-02  3.83762703152824639E-02  3.18458894732156605E-01  2.54601656164631374E-01 -7.52155030138889208E-02 -7.69917002364857300E-02  1.40221527309795663E-02  1.92791899856626925E-01 -9.54094339218435200E-02  3.76103031559433476E-01 -3.31333993870005727E-01  4.89942205295127720E-02 -1.94054947036150227E-02  1.30683546273499152E-01 -1.75789513645794954E-01 -5.54354517402586219E-02 -3.07366927127037559E-01 -1.67638835143740644E-01  3.62106486811413358E-02
 -7.60788090621231650E-02 -8.26712763119737820E-02 -5.45948906751255181E-02 -3.75163337337216019E-01  4.18436135466642434E-02  7.04695424231588513E-02  7.95648528142878925E-02 -9.40963085422143047E-02 -1.51419077166692756E-01 -4.42409037402020033E-01 -2.53707619131893214E-01  5.68921126042322589E-01  2.43921715223452601E-01  4.58228898978203569E-01 -7.77310386361041716E-02 -2.73399928573072715E-01 -2.60703036747881201E-01 -1.06916854237184403E-01 -2.25636512575912412E-01 -4.22939526006219368E-01  5.19480246450426883E-02 -2.06681584702277543E-01  1.61307015390424441E-01  3.98433890576991967E-01  1.87521607809723240E-01  1.74078260062040635E-01 -6.47573574927123863E-02 -2.39339832600348995E-01 -1.22444514984413194E-01  2.07256861127565029E-01 -9.28406603611020148E-02  1.26658271455294208E-01 -2.78060108592636301E-01  3.77646378238173819E-01  4.75581020410613606E-02 -2.35032719879800123E-01 -3.44601795727990656E-01 -1.21597908580005132E-01 -1.27972166782680669E-01 -1.22566967652058226E-01  2.32894284182701555E-01 -1.66286771257912330E-01  3.60920835583525335E-01  2.79878651612202822E-01  2.16697255474107675E-01  3.70197541221482665E-03 -8.03381507530580852E-02  2.21790290582755151E-01  3.66189078126441303E-01
 -1.59179799243520909E-01 -3.77172792062451134E-01 -4.44876497064124327E-02 -3.52300932492982111E-01  1.01001935355593292E-01 -1.84980791644805860E-02  2.30816461233931569E-01  3.01394705634262738E-01 -5.78772718644722170E-02  5.24512902888847818E-02  9.47831182544630344E-04  2.05260302700593922E-01  7.38467327558932768E-02  2.57589340751925577E-01 -3.72098841561439228E-02  1.00350560936117619E-01  1.16810001676973130E-02  2.05161434516225677E-01  1.93398195655912868E-02 -1.05277488808402601E-02 -3.16390161884806537E-02  1.01299886701979147E-01 -6.92528080668324778E-03  5.60813627906688594E-02  1.76824743834503056E-01  1.39378054321197320E-01  2.40622184714374937E-01  1.80588485749097777E-01 -1.14852765541224006E-01 -3.57635790982758078E-02 -1.10103068517484762E-01  1.83487171139672389E-01 -7.47148368776226306E-03 -1.45680962744042103E-01 -1.50515274468942650E-02  2.78900076571060140E-01  5.50512175444574977E-03  3.20972291667293186E-01  3.73637713237556124E-01  1.49568164946640436E-01 -3.58943643095179388E-03  1.41206835872606601E-01  2.69302518434836186E-02  4.38023054477641505E-01 -2.92144587160620861E-01  2.82520435647375390E-02 -7.21214089956137977E-02 -2.72204171452000321E-01 -1.97782136074711928E-01
 -1.06159474659477775E-02  1.28394437386034149E-01  5.92259325878866927E-02  9.38108329816273595E-02  3.42292842564902210E-03 -2.31409739277617349E-01  4.04491222466646705E-01 -6.66166849876501932E-02 -1.98983338336505867E-02 -9.79142029508988931E-02  2.24424270858574498E-01 -1.35351982089841227E-01 -1.43039546870159767E-01 -2.43286310333542422E-01 -5.07366046329837950E-01 -7.38543460607928460E-03  2.47519331512042057E-01 -2.66392430699778637E-01  1.59377447492390939E-01  9.11112264548495226E-02  2.20553411108355718E-01  1.22717189102722571E-01  2.35613117775693132E-01 -2.61494886546980054E-01  3.84653829967154109E-02  7.49973564320977337E-02 -2.06931749581222880E-02 -2.15622061125280456E-01  1.16525082178994988E-01 -1.69021189228024588E-01  1.75725246182169975E-01 -1.38178840763722333E-01  8.23068795476965438E-03 -1.05288950421077929E-01  1.19058438705828371E-01  8.60371331851801230E-02 -1.72802677036189012E-01  5.87452709046778279E-02  1.41662025134195763E-01  2.16783130986463290E-01  1.32866195542111015E-01  1.34410443776408178E-01  1.20813199587999798E-01 -3.57222172149482098E-01 -1.86652089611504063E-01 -2.08237449744288289E-01  1.45307781010436315E-01 -2.15573827228802833E-01  9.33949685718458017E-02
 -7.77107075422975857E-02 -1.13944944167777090E-01 -9.12494448247777729E-02 -1.78026108717284498E-01  1.55845327557315089E-01  8.72110272388920277E-02 -1.12317424630204027E-01 -6.87252481261953624E-02  1.76588303760887605E-01 -1.09345278278759006E-01  3.03962576755508959E-02  1.88104827547311365E-01  3.68240592949351908E-01 -2.15065065416502471E-01 -1.89579988132859284E-01  2.44806220673365015E-02  1.01568465158138180E-01  1.28393373537337457E-01  3.17062854449706236E-02  5.40882412316224526E-02  9.01748055086619362E-04 -2.82380471474670713E-01  2.63128846849070182E-03 -7.41911911061765156E-02 -7.84701101831929287E-02  2.96508358576284714E-01  2.40616621483403480E-02  2.35719762473180008E-02  1.44506064079886171E-01 -6.35766310440915722E-02  3.25000036673189358E-02 -1.61423240043407440E-01 -1.90832451058725039E-02 -1.65742948314971633E-01 -7.56658278553544034E-02 -2.82696325588368798E-03  2.90671833222659493E-01 -2.89674773100061719E-02  3.66178739260809682E-01 -5.43552796009826450E-02 -1.85013266477456972E-01 -2.10857648785525570E-01 -1.24108541284712506E-01  2.32276386541620916E-01 -1.35537064618354547E-01  2.12193799328125876E-01 -9.19572086161786345E-02 -1.42240111530139907E-01  9.08416298470551831E-02
  1.67118559360021013E-01  3.40407672065232092E-01 -2.47902759666115191E-01 -6.34145085942125042E-01 -2.04730167612743250E-02  6.58891119967982553E-01 -1.34475699141635319E-01  2.37542119034894403E-02 -3.65645986629531350E-01 -2.32160783094444184E-01 -1.84124725641743203E-01 -2.27760896117895739E-01  1.58753804531380410E-01 -7.59674311529713597E-02  4.01866750700748294E-03 -4.81637071194524757E-01  2.63241021872129208E-02 -1.75225924073933143E-01 -1.90162075242547385E-01  3.24969367390300704E-02 -9.63025383657939577E-02  1.74553194225909813E-01 -2.87053919651904466E-01  2.61942345151734035E-01  7.27298819896545073E-02  2.58244961678728013E-01 -1.38875169579321500E-01 -8.19996940454894019E-02  4.35757684842518755E-02  1.28303835814592065E-01  1.01618084902118003E-01 -3.75463643506982053E-02 -1.94884831966554178E-01  3.16834318893487510E-01  4.58817393455410449E-02  9.03237174936655091E-02 -3.26440581849275047E-01  9.73180999665946428E-02 -2.09978967354014709E-02 -2.41216139172004185E-01  1.02507586612235718E-01  9.36099413220928545E-02  3.85796126587133859E-01 -6.66009305416279118E-02 -6.02991985325901925E-02  4.13793264850770282E-02 -7.09710866148866304E-02  1.22394044306514849E-01  9.51764714296973180E-02
  1.49184518840169006E-01  2.80870388801236104E-01  2.11424051498271703E-01  8.47507405219006527E-02  2.19295260698531863E-01 -3.42372978200254863E-01  9.18105808987377953E-02  1.63257499858998900E-01  1.70572053050827926E-01  9.53081572335760407E-01  2.44916936624082648E-01 -2.25047486722072920E-01 -5.17043616959522390E-01 -3.83517005147838153E-01  8.15954625628067809E-02  6.12066958240591874E-01  1.44226891727331247E-01 -5.43626208078678910E-02  2.19629859825195284E-01  1.23376821184414523E-01 -4.75354941487304214E-02  5.05623886305196432E-02 -3.31775428028283914E-01 -1.69492168263273880E-02 -5.19518991783074369E-01  1.28754329450749078E-01 -3.96519304514732843E-02  2.85226553981785425E-01  4.94015303337496547E-01  6.06084439501544670E-03  5.92959048423309584E-02 -1.86041147538675532E-02  1.94665442753122753E-01 -1.10079510293278407E-01 -3.18753065144719627E-01 -6.16701580546549985E-02  4.19949363034053003E-01  1.91215563009405898E-01  1.41642706372462929E-01  2.76844615840555974E-01 -3.25607397977021429E-01 -3.07415669242284084E-01 -1.04477004165287699E-01 -1.17069532602006490E-01  6.88504220733602429E-02 -1.61060369813405420E-03  2.55525021187914869E-01 -4.63209753527336898E-01 -3.89881588406259416E-01
 -3.80341674158625673E-02 -4.81920100021381026E-02  1.09687522886495938E-02  2.86897662764077632E-01 -1.38658607939886463E-01 -4.32216898767715074E-01  2.53049384138060496E-01  2.90020347417170976E-01 -4.70229439141219285E-02  1.42125605443071318E-01  1.65881873719333356E-01  8.80863403277016427E-02 -4.34291052364250835E-02 -1.55153649826969914E-01  1.73464955352346573E-01  1.15640758354689663E-01  9.42015135245371366E-02 -1.11213664318756081E-01  5.58114289791848545E-02  2.42007434925942400E-01  1.91596956487171538E-01 -1.41803711708857805E-01  1.07844067675342548E-01 -3.44532013623468691E-01 -2.18854493193254174E-01 -2.27213712612012675E-01 -4.55767566771875174E-02  8.45657241291593864E-02  1.07844217960148064E-01  1.59040818705082701E-02 -9.03040055286742499E-02 -1.22543861862396700E-01  2.74591773372779777E-02  6.95519076533657882E-02 -7.41813188609219548E-02  9.76555289907838492E-02  3.14262756094954909E-01  1.57377485750377522E-01 -1.67010642221138456E-01  1.55712593940494221E-01 -3.08440137871033748E-01  4.23131314936496195E-01 -2.25129099027826018E-01  9.36917552689295746E-02 -3.77445223614358838E-01  1.95166247965749794E-02  1.46174973655139956E-01  3.33897640656566908E-01  1.12584991181025898E-01
 -9.69783549610780948E-02 -1.32823793221890585E-01  2.82972879505253017E-01 -1.91202233889166157E-01  3.60775628719175678E-01 -3.05410470135032003E-02 -7.58675148726160441E-03  3.31201281263611258E-01  5.64750656928958095E-01  1.80246250340123232E-01 -2.52024187729541459E-02  2.17215519255242601E-01 -1.58444028161243505E-01 -1.53567594859849832E-01  4.98422801632018853E-02  2.02457099463613593E-01 -1.34191201456311526E-01 -5.21797319902956025E-02  3.84793646670886058E-01  7.78202608620565811E-02 -5.04116385298319994E-02  2.51244727053908379E-02 -4.28885295435759817E-01 -3.28003413402125854E-01 -1.60412706169933389E-01  8.96730043488677339E-03  1.33140537887199317E-01  1.01844054508136411E-01  4.43888781188281289E-01 -3.87058788116668606E-01  3.54514413024688280E-01  3.23386492930001768E-01 -8.47757052787765503E-02 -5.31788474621609497E-01  3.29982075897113591E-01 -1.74336186373250268E-01  3.01611686229498355E-01 -1.70114961216539795E-01 -1.51003407795369769E-02 -1.34719714173086536E-01  2.11492234799593004E-01  8.71868907248739694E-02 -5.00064698602082580E-01 -2.89419611241019281E-01  4.93626791296222667E-01 -3.89500437817448600E-02  2.45935061028268558E-02 -6.53949648043015974E-02 -9.80281991750024256E-02
 -1.87937114255428722E-01 -1.76939620468906433E-01 -1.18037820004749480E-01 -4.09411169293673938E-01 -3.39639447302339248E-01  6.16058783302120716E-01  5.30076589395432549E-02 -1.85721864388127184E-01 -5.21165750926830956E-02  2.07070343889821956E-01  1.27073224887614994E-01 -1.25330390562944399E-01 -5.98340958608959694E-02 -1.81978932653481057E-01  2.07763240262604981E-01  1.13418703431349827E-02 -1.18306005976134873E-01  1.01458133245524981E-01 -3.30967442805752188E-01  3.52067726347302545E-01  8.59438744766859858E-02  2.35351653485061998E-02 -1.54229204366263417E-01  2.02522873322979580E-01  2.18932445067150927E-01 -6.38458383304890964E-02 -3.73275584397856908E-02 -1.95918617660148814E-01 -1.72912263663873578E-01  6.37640410164913435E-02  2.44302177429471329E-01  8.15975335989759520E-02  7.26607246108947474E-02  3.13322187121090445E-01 -1.67907254732871103E-02  9.96378745391587606E-02 -1.95633622277860686E-01 -4.08966282515049392E-02 -3.34417230533804871E-02 -1.58201818085519308E-01 -1.63856008733759162E-01 -2.02000261001733766E-01  3.48041312651936163E-01  4.88578525312829554E-02 -9.90079626391290185E-02 -2.54382398430734458E-01  1.05997088849269783E-01  1.04023137941467878E-01  1.83631801777110110E-01
  1.51004681119397743E-01  7.11237037760737295E-02 -1.03469520192614350E-01 -2.85366521786989902E-01 -2.90592615635754725E-01  1.51882440668528906E-01 -2.72014907333547717E-01 -2.40110771012921692E-01 -5.57070818582418303E-02 -1.30119624120235450E-01 -9.90231314884156277E-02 -1.18317523916591449E-01  1.31567121543096827E-01  9.77603386177503392E-02  3.29220411557335779E-01 -2.06192479966123304E-01 -4.40480311651923306E-01 -4.39853769750323930E-03  2.39494820472651408E-02 -1.24935851662538802E-01  1.44554755114875894E-01 -2.01359914729131118E-01 -2.14718744495003666E-01  2.11356995861310071E-01  8.93179092281182613E-02  3.21013771658729352E-01 -5.40360480911019292E-01 -2.96023889971193055E-01 -1.68986091810955141E-01  7.11651948168389586E-02  3.30551177867326629E-01  1.33468024008220942E-01  7.99450512692169296E-02 -1.62436872600086268E-01 -2.48715911897778363E-01  2.50585354774425298E-02 -2.61888377092704627E-01  3.18583013146169269E-01 -1.63037130340878772E-01 -3.11148610536128190E-01  3.41273493338562162E-01 -1.10642874019430085E-01  2.71474924331799386E-02 -2.95233530988874282E-01 -2.59489832782680452E-01 -1.19642628359106010E-01 -1.48962638796063616E-02 -3.49154021564787309E-02  4.18753664668546244E-01
  3.69997907649908392E-03  4.69321057486676158E-02  3.96616829182909414E-01  7.02083248373958600E-03  2.26601956371819679E-02  3.66823146399809369E-02 -5.42741716002778929E-02  1.17753701232506447E-01  3.50891050565147522E-01  5.63056194770918839E-01  3.35041668749983590E-01  8.25424747792442015E-02 -1.38481262937712873E-01 -1.43557810948450021E-01  4.69017117574613025E-03  3.64441165405805567E-01  3.00907644345543512E-01 -1.92105513113018600E-01  1.52500866319009110E-01  7.18212712922772500E-02 -2.62137305589032088E-01  1.49730612170930505E-01  1.48128134893817681E-01 -1.95959385486334653E-01  2.41355547999665063E-02 -2.64963140296594624E-01  7.40683680990776305E-02  6.59089196019903456E-01  2.32926351152091426E-01 -1.45149459401240022E-01 -2.86629555140123449E-01  1.37678279057220299E-01  1.24622457006409809E-01 -2.38456917597137774E-01  5.98162844284246750E-02 -9.69980754442296700E-02  4.30458890746104161E-01  7.55494297774539532E-03  6.19259287663349242E-02 -1.25834394214097544E-02  8.02855073547948800E-02  6.70490081089809981E-02 -4.87998437868854051E-01 -2.96787374312573349E-01 -1.01145667658727650E-01  1.18707052225885276E-01  3.28927060220852385E-01 -4.30280955180772501E-02 -2.75752813081084402E-01
  3.29523410127816385E-01 -1.79971026390430278E-01 -2.18045086150085082E-01 -1.00277167045985521E-01 -1.09779550112312357E-02  2.98236870425441669E-01 -1.74149655527721658E-01 -2.53379466004508613E-01 -2.86800491399313330E-02 -5.69961783127263602E-02 -1.63624870032722247E-01 -1.92310879940221391E-01  1.17660269306466836E-01 -3.87006739552022194E-01  9.04709986949285977E-02  2.36532613580786311E-01 -4.40589696827797472E-01 -9.70063338631339984E-03  3.26543779879029883E-01 -6.73451138192459747E-02 -4.84556867815688005E-02 -5.53633626970683815E-02  8.01790637032582243E-02 -3.61533950192058778E-02  1.87788889448107545E-02  9.25033614866477144E-02 -4.46202668716756123E-01 -3.64366841979316541E-02  1.80193347297133100E-01  1.74994442292964375E-01  2.47278856831277649E-01  2.23061008266439570E-01 -1.79969014212701672E-01  4.04680715964492524E-02 -4.80661302571999960E-01  2.19109335297847541E-01 -2.36418507224589458E-01 -4.03713258646920467E-02 -3.56100296662724802E-01 -2.68475346044895535E-01  5.09641301964540716E-01 -7.06942780988855241E-02  6.46091109905836125E-02  5.23144595647928243E-03  1.18054870905061796E-01 -2.66248572763891356E-01 -1.61536516600374380E-01 -2.74940335227901837E-02  3.35805985959444164E-01
  3.94701699187286707E-03 -5.98003183794396705E-03  2.47074591959605162E-02  1.39085554507610065E-01  3.98910076985795448E-01 -1.30926090507176240E-01  7.87660749931062276E-02 -1.86653864563374128E-01  3.13080954447288284E-01  1.08972690330471148E-01 -2.64628784455317567E-01  1.81349154008225183E-01 -1.64586245336248771E-01 -1.17729772584578549E-01 -2.94366856505157981E-01  2.17053072089806662E-02 -9.73311225423327403E-02 -3.73913964205741467E-01  5.04247669013284439E-01 -1.64633854150954828E-01  1.68413951049965593E-01 -6.56343993307002410E-02  1.52999060755625610E-01  1.46700069268201866E-01  6.10160249564718968E-02  1.32397348237285190E-01 -1.14675800773706385E-01 -1.17963838978272131E-01 -1.18645118085835194E-01 -2.50881146354483220E-01 -1.40090005176888271E-01  3.14838604327482452E-01 -1.23812576680583392E-02  1.82639884884826603E-01  2.15586622696882863E-01  1.20998359822922799E-01  1.88227346962683256E-01  2.89704444826144394E-02 -1.96085826568812127E-01  6.73549724780427572E-02  1.07272971142529899E-01  2.62596602342524521E-01 -1.74421611993112097E-01 -1.28579368481923917E-01  8.56749790490286406E-02 -2.60737576280746841E-01  1.02814483219038022E-01 -9.92817069481091441E-02 -1.41224123996498668E-01
 #l=           4
  2.43292650614070557E-02 -2.71876883526567803E-01 -3.10772798019868568E-01 -5.98210246661037767E-02 -5.19600731225284482E-02 -4.76373445996528311E-01  1.86339666580028318E-01  6.73794973400890090E-02 -2.90554670007622695E-01  3.74992023206921987E-01  2.05899018048174925E-01  4.12740980602625041E-01 -3.71599527684419062E-01 -4.64680527610084215E-01 -8.41312975234487660E-04  1.30648625594106307E-02 -8.78855911457762873E-01 -2.79077815137329377E-01 -1.10276647373385564E-01  1.36897620483889981E-01  2.88426632731560273E-01  2.72091213289915625E-02  4.85051312807620261E-01 -2.00135249127423892E-01 -5.10296053682502859E-01  1.07016422303271200E-01  2.63122007664292445E-01  3.13799043693631652E-01 -1.74632175385278032E-01  5.50770300285583825E-01 -1.57817302113869452E-03  1.50117132800789699E-01 -6.72121842931618502E-02 -1.74824858832078961E-01 -3.56007309708821218E-01  4.34917049700945968E-01 -9.32654017452041045E-02  7.27082697822693195E-03  8.10936059957275551E-02  3.40715833629690990E-01  8.97408358872332362E-02 -3.89373213293286308E-02 -1.45069081121244031E-01  1.68038422973159872E-02 -7.89229988845988883E-02  2.39088025042752339E-01 -9.00488644502427937E-02  6.32706833308947059E-01  2.93151082851361919E-02
  4.58053165238430093E-01 -5.78584379625187051E-01  2.17796952471864924E-01 -1.08340658342579166E-01  4.75840744371764879E-01 -3.02014713463738205E-01 -1.42146972654636855E-01  3.74621299597039242E-02 -7.62300473967014169E-02  3.02842344637441863E-01 -3.37790853387513468E-02  3.30376973025239551E-01  2.10072402959572246E-01 -4.77317076494778780E-01  1.90430186275649921E-01  4.19764743500461390E-01  8.47050087618968162E-01  1.06933172860354350E-01  1.70534646293876269E-01 -1.90143676584610039E-01  7.69766559167390976E-03  2.87745784478087685E-01 -3.60272662050505676E-01 -2.50808986182640171E-02 -1.86632271975420427E-01  1.37947375354793317E-01  4.82398320918778267E-01 -2.64695917742598263E-01 -2.36397273774330757E-01 -2.74967468503511281E-01  4.46580723859454132E-01 -2.11697879071079675E-01  3.50998710864043675E-02  1.58728904660946829E-01  4.12523407539112097E-01 -3.24689171873174809E-01 -1.86603570111293984E-02 -1.55914305161506422E-01 -1.85832772609036218E-01  6.51289301405906657E-02 -1.42692405474547895E-01 -5.43558063796710077E-03 -2.19835156269070603E-01  7.16565772892088348E-03 -2.68090302795401803E-01  2.57431099774608985E-01  1.32176847445074396E-03  3.31461533620044824E-01  3.48047750821277591E-01
 -2.59983240091635343E-02 -7.82624205968755482E-02  1.05230853914264177E-01 -3.76091956384003889E-01  9.36593230492983458E-02  4.54581713871953300E-03  3.76494022146201923E-01  1.32440238130012045E-01  8.27100863579568357E-01  3.11474197816166809E-01 -2.78296758473720429E-01 -1.18896054858747421E-01 -4.13087630764536695E-01 -2.89783607971298263E-01 -1.26987042649829088E-02 -3.68366888573476159E-01 -1.18384381479910775E-02  3.20079157787955204E-01  2.31387613449234975E-01 -3.24894640851308703E-02  1.51473077678211426E-03 -6.80701621404410595E-01 -2.99775305034540751E-01  4.67388435077304085E-02 -1.78944442082981298E-01 -6.44243921129619479E-01 -2.63077805622264904E-02  7.55709262224701778E-02  6.27535153892405440E-01 -9.32900445616184071E-02 -1.23732883426505555E-01  5.40883356742876131E-02 -3.44330122499929059E-01  1.43218176347430143E-01 -1.72849378949554711E-01  7.49649132474518309E-02 -1.01707382734661775E-01  2.54881308812867566E-02 -7.85687562146479057E-01  4.22100226836038539E-02  7.30751125434700465E-04 -4.03242576994316329E-02 -9.17895687205986521E-02  9.77039094821519627E-01 -2.32079659930043369E-01  3.39580899006812431E-01 -2.47591306698977914E-01 -2.39769605555078563E-01  4.36520134683967331E-01
  1.14909270321790741E-01 -3.55273283606738557E-02  3.12303869808453483E-01  7.65938571885963371E-01 -3.92381469983703671E-03  6.34803873209921626E-02  1.46962610370024005E-01  2.69478728821297253E-01 -5.34263626745123510E-01  1.44426764156494386E-01 -6.08332937639363247E-01  4.07533616898341611E-01  2.37749431850546866E-01  6.39798811296081460E-02  1.12920730937327879E-01 -5.41982506869885139E-01 -2.04426230719747908E-02  3.74130528319882805E-01  3.33538567844438305E-01  1.21522463440038600E-01 -6.37423957778231354E-01 -2.59145535269972915E-01 -2.63354640126001627E-01  5.18933445144473926E-01  3.35519518286671925E-01  2.01014596229154088E-02  5.29312563524853341E-01 -5.91500321685426100E-01  3.06494701508607026E-01  2.72607737336182154E-01  5.68206936228286413E-02 -1.47364061358092324E-01 -8.78951243938513038E-02 -5.81114434747602021E-02 -3.74206028923944334E-01  4.64208461593890620E-01 -1.76759411781821668E-01  2.93375628472522465E-01  6.77862040265603122E-02  1.81083929075663480E-01  7.06765336592072024E-02 -1.15599831920344953E-02  1.66706204747863213E-01 -5.22885122987956419E-01  2.45361932506222319E-01 -1.81387876129646075E-01 -3.65929308867949499E-01 -1.51875049597022721E-01  6.85968930464678911E-03
 -2.12785930005871815E-01  3.58077796506391932E-01 -2.01100715876335184E-01  6.08689371696654880E-02 -4.24579328775709849E-02  9.79493104956363630E-02 -2.13148592841071238E-01 -8.27318517364393491E-02  9.36339197025768954E-02 -1.28888330495127157E-01  6.48962457992915409E-02  3.56155908048401623E-02  1.02886690754623353E-01  1.35451117589444670E-01  5.60503028276964854E-01 -5.80997169613201095E-02 -2.92456682346362851E-01  2.76006475073496405E-02  2.35768391529194238E-01  2.40038148101472532E-01  1.37781527089653216E-01  5.36082445509676250E-02 -3.37227233933146298E-01  5.76734737393006722E-02 -9.83599661899311611E-02  1.11430820755975650E-02 -2.14817905976356693E-01 -4.72557912473964888E-03 -1.36503836047675187E-01 -5.17799357943959648E-02 -1.18748555622149629E-01 -5.46588160240117471E-01 -3.31178792844419478E-01 -1.88284992506123905E-01  4.53623344016233429E-02  3.68288510443911671E-02  2.08041080644378235E-01  2.36972164389114393E-01 -1.20204704330379705E-01  1.78709258409545171E-02 -4.29854557496903933E-01 -2.41407564800724755E-01  1.17964186866701223E-01 -6.82860892447775397E-02  3.91661648405144835E-01  2.62678107446892295E-01 -3.44487670298802728E-01 -2.08968489035399357E-01  8.51559691214634068E-02
