6000
func 0
Activation_out 0
4
2
48
48
5
 #l=           2
 -1.94273210933664120E-01  2.08333626741727604E-02  6.82194910920840558E-02
 -1.04261916886032147E-01 -2.19336920308630876E-02  1.21143041249559671E-01
 -1.52964524143202829E+00  3.31238703550114477E-01  2.76494007649141504E-01
 -4.21541674055984528E-01  1.27790453308202046E-01  2.07424700524336016E-02
  1.43066775687619496E+00 -5.60916151657621986E-01 -1.36470900096874823E-02
 -7.83291177911603187E-01  3.70959856962176149E-01  3.67470737119709678E-01
 -6.05184666097029811E-01  2.55476997776808823E-01 -4.82581777442384549E-02
  9.36859082467883075E-01  4.39003561282555022E-01  2.81974113886886563E-02
  4.49508221184399648E-01  6.13531733571083815E-01  3.54786369841902788E-02
  9.88949661708231398E-01  4.19689132422487787E-01 -9.20568473004413496E-02
  1.33846543274949270E-01  2.31926804443003287E-01 -1.30979447117984295E-02
  2.37101622714088189E-01 -2.51966045104581482E-01 -1.45777423035496456E-01
 -9.46075678348688109E-01  2.77843557345437975E-01  3.98932755343127804E-02
  1.29145458657260792E+00  2.95062859037075517E-03 -3.65216918993806927E-01
 -8.76360901061582598E-01  2.40169815202179504E-01  3.97412248105210808E-01
 -5.15374574736440216E-01  1.35256304100197899E-01 -4.51465616981379381E-01
  1.28242146419756864E+00 -4.82334310185765572E-02 -5.38555748820349733E-01
  2.67467370264222404E-01  1.23440211777710029E-02  1.79949825745921776E-01
  7.21336879021995059E-01  2.48293461014362365E-01 -3.05933330563588790E-01
  1.56056107349684736E+00  4.34171199581249792E-02  5.87072583101292511E-01
 -5.12853082015290340E-01  1.19912599857081737E-02 -2.14581881604215319E-01
 -5.49719595170001130E-01  1.92513543089452899E-01  3.87223967973544414E-01
  3.76700602082940095E-01 -2.97424025749847554E-01  1.94205392308449826E-01
 -3.93092295042862416E-01  4.81177173554561341E-02 -1.72994373588622741E-01
  1.66382433581252237E-01 -1.07528138107040747E-01  7.86682226486495819E-04
 -2.16220180414511159E-01  2.39155278095347562E-01 -1.59414574938548242E-02
  7.57166451030861443E-01  1.60980142647438262E-01 -3.96454945911486445E-01
  2.33294756620594873E-01  2.51690626468693557E-01 -3.86538008016225204E-02
 -4.86936684709930512E-01  5.25186729145929315E-02 -2.12622747040310728E-01
  5.20443192530094301E-01 -2.43997282484466033E-01 -1.03747131428420000E-01
  4.55999571345743093E-01 -4.06755498271035965E-01  4.72731848130553245E-01
  8.35297293758384574E-01  2.98926421250141627E-02 -6.92473138784121672E-02
 -4.99599348390850073E-01  1.40118990292519147E-02 -4.44104997012527078E-02
 -4.32460479501967032E-01 -3.85176090102669011E-01 -4.30772857859291480E-01
 -3.85736170403037759E-01  1.65139095809572756E-02  3.70432124884619851E-01
  1.24019424069732254E+00  3.85155171463174739E-01 -1.47190193570623587E-02
 -2.70705897502012294E-01 -4.05243210156813249E-01 -1.97533123666549404E-01
 -1.55164403187269623E-01 -1.58729429735099056E-02 -1.68908268540738343E-01
 -4.95480686004158177E-01  2.21860891676310318E-01 -1.65059636195760279E-01
 -1.75830353369846426E-01 -3.86475062437139749E-01  4.08928311462159633E-01
 -3.63178697946990092E-01  1.22494803957591533E-01  2.61314846648103727E-01
  2.88215464439459335E-01 -2.96293621163566168E-01  1.80198388419525291E-01
 -1.02917162164657894E+00 -4.09802395602112624E-01 -4.32373625307464649E-01
 -2.33712956026870394E-01 -2.50486235938608748E-01 -3.04029588714697208E-01
 -4.90127037819348632E-01  3.88665859326196780E-02 -1.99370706542371989E-01
  5.74034622527916927E-01  3.61400904764035469E-01 -3.14009768738512107E-01
  5.24198586182045512E-01 -3.82211747215527309E-01 -9.38099344595908352E-02
  1.27974777864853961E+00  4.25275514473393346E-01  1.93015681319055388E-01
 #l=           3
 -4.83676024003594884E-01 -6.34491724343644176E-02 -2.13214345066007505E-01 -4.28767068967704945E-01  3.61532040161104073E-01 -2.43075425012033969E-01  1.77658680619973280E-01  3.65231703476431024E-01 -1.87596128923868177E-01 -3.42564553185524756E-01  1.64913493542723055E-01 -1.35692204636105790E-01 -6.24226870813009496E-02  4.24821335194202787E-01  1.71920468233291546E-01 -1.56318886293696668E-01 -4.45085916108501900E-01  1.01406128815408919E-01 -1.59426105259902195E-01 -1.31701512170600443E-01 -2.95967772220091851E-01  2.97774320715443852E-01 -3.10975099091772900E-01 -5.42266453183231356E-02 -1.31052749629712063E-02 -3.73585669734941894E-01  4.96104589411380081E-01 -1.67615564628580516E-01  4.61079223442093997E-02  3.27479076064775221E-01 -7.62099373558652871E-02  2.35658147737913937E-01 -1.32511768379890121E-01  7.33258018183249316E-02 -6.75658158450802154E-02 -1.82432781888002715E-01 -2.69924943496138270E-01  1.94040844295221754E-01  3.30534333858276741E-01  3.72914303810523762E-01  1.01887409717244401E-01 -4.13509208590472466E-01 -4.73590616060611241E-03  4.18530690177248255E-01  8.33637784833911877E-02  2.67096047671067871E-01 -2.16548397534534698E-01  1.15263566496987852E-01 -1.25673008870596542E-01
 -1.59064471008019931E-01  1.22398278117514761E-01  3.38860072232481241E-02 -4.28080890585531337E-01  4.59170091469016273E-01  8.27429709425797910E-02 -4.92679224636341506E-01  1.86690777198720709E-01 -1.34289330600943103E-02  6.03374827085344234E-02  5.26330916759821132E-01  3.41690241952351467E-02  2.28963848367623485E-01  1.13397250122432680E-01  3.15889808340528211E-01 -1.59188100423651890E-01  4.16549807022600013E-02 -2.00283134771302093E-02  1.18041033836742693E-01  2.36252216326815423E-01  2.09206135460274528E-01 -2.43533881851071971E-01 -1.37113034176436471E-01 -1.51612942269448409E-01  1.53641429704171717E-01 -2.17380509131609584E-02  3.10979664144990064E-01  2.29843784455023376E-01  2.57252577375883640E-01 -1.61482128584920753E-01  6.79292393765747321E-02  6.89499234152164686E-02 -1.04334981872986635E-01 -1.92182218692958345E-01 -3.44125877194853824E-01  2.33772526007284431E-01  1.57001878173512362E-02  2.11136198250281182E-01 -4.63261751447859929E-02  2.58365479077728333E-01  2.10094631513226410E-02 -1.82190639352025369E-01 -9.42226053461233115E-02  1.70728097837326426E-01 -1.07979232834633704E-01 -5.55370157378177604E-02  4.61112930453419667E-01  2.82245215557090534E-01  7.90796794389525548E-01
  4.87206111091719810E-02 -8.46547244762781564E-02  9.02285500803142460E-02 -1.55518476474421380E-01  2.60354093554256566E-02  4.49141211363649345E-02  1.62938364176426903E-01  1.07601245265353543E-01 -2.53358302862652478E-02 -2.35534876043157509E-01  4.45322785589346154E-02  1.86867050590144190E-01  2.25047777569924806E-01  1.83141497520812102E-01 -8.77436777966267567E-02  1.87866542696919298E-01 -1.32680861850286991E-01  1.58786770724768767E-01 -1.85388940781119588E-01 -1.47395142605663942E-01  9.11121918665675629E-02  2.96116400956939918E-01  3.26187004490177124E-01 -5.51765202800140325E-02  3.29976671991926984E-01 -2.15818786192355255E-01 -6.39628805434638631E-04 -1.11349774620208633E-01 -2.91608761010216447E-02  3.53829595704326816E-01  7.80989924130550458E-03  2.36740441070132451E-01  2.54855331383742945E-01 -1.10577310204849705E-01 -4.91174483846338550E-01  6.76008532557384467E-02  1.81923195298847928E-01 -2.68834226898363671E-01 -4.32968847070996574E-03 -1.01408675130835707E-01 -4.44296589464241373E-02 -6.37332446072538389E-02 -9.53044286087204734E-03  8.70051152937662553E-02 -5.15921161698627229E-01  1.99712091532817604E-01 -3.43609162454631689E-02  6.04467491274948265E-03 -2.81349623408722778E-02
  1.25264179237943946E-01 -1.63403365268176254E-01  2.55616190615718331E-01  1.83977225308775333E-01  5.18897567786383296E-01 -4.76734682229655760E-01 -2.47172057994660188E-01 -6.14504187808166610E-02  7.61678048903064314E-02 -3.66263587509531086E-01 -5.31519339740156305E-01  4.19693650411305852E-01 -6.10156500712349836E-01 -1.07923444069291958E-02 -8.59700492740269294E-03 -4.63192209974996050E-02 -1.92651512787013868E-01  2.17273436458996182E-02 -4.69948922155469656E-02 -2.98370830687809896E-01 -1.69095208302237981E-01  3.04777627338652379E-01  4.97287863132073904E-01  6.11151178184655350E-02 -3.07400681712628986E-02 -4.20264603990679941E-01 -1.60215353217030704E-01 -1.58536534360500969E-01  2.80611927373728143E-01  2.00909670941788659E-01 -1.84745703943244244E-01  7.16217732438261950E-02 -3.15298252989326566E-01  3.31511989789280564E-02 -3.23924361960902685E-01 -9.60423390506035396E-02  1.03440533330542844E-01  4.41781226194412902E-02  2.59404251898022298E-01 -2.10087183231917718E-01 -2.60661580880177823E-01  2.66226303535503805E-01 -3.60219317481884418E-02 -1.44965561300261864E-01 -3.23285480387111079E-01  1.11933826673678207E-02 -7.59469984277891919E-01 -1.16380048727637436E-01  7.83853170187527454E-02
  6.80345481625510839E-02  4.85401310503800643E-01  1.31642683934304755E-01 -3.84429100245455568E-01  2.59831536689552334E-02 -3.93821293822455773E-02 -3.15122304375087744E-02 -2.29964821571438244E-01 -1.12877491889616322E-01 -6.28131816330497732E-03 -8.68051776070449671E-02 -1.00506980146098671E-01 -1.24808831837437115E-01 -2.48059954187132198E-01 -4.42129142173098788E-01  2.16813482928313872E-01 -2.62576741772365840E-01 -3.08582509214860523E-01  3.40356544117698168E-01  2.26535391597214308E-01  5.51874999869468530E-01  2.26212350707165289E-03  4.42675896669163099E-02 -2.29982508521851647E-01 -3.42221540577036798E-01 -2.62180003390242999E-01 -9.48519039367589495E-02 -3.30825145449791469E-01  1.00628136570351467E-01 -3.93832737118570142E-01  3.48191032070443385E-01  6.87599504276269896E-02  1.54037375697244350E-01  2.06695716781308020E-01 -1.59012822261840020E-01  3.71102724624068903E-01  2.65951506778702110E-03  5.83921336240045205E-02 -4.50404806744421127E-01  2.60020203429884855E-01  1.78384299047493533E-01  2.18044079366693122E-01 -1.42869336707793643E-01  2.07870069770314192E-01  1.95073767242737589E-01 -6.03574441065479528E-01  2.08491577394017330E-01 -3.54528558465991239E-01  2.17070457550297913E-01
 -2.00246568681502396E-01 -5.60074668319870059E-02  1.27317846613793056E-01  1.61608809699529260E-01 -4.33352993808351072E-01 -5.59214748668194692E-02  4.34230093048400823E-01 -3.04639811824238327E-01  1.45623226077268131E-01 -1.19887290502058291E-01 -7.97081273204886198E-01 -5.52368363936241100E-02  3.00347874554812599E-01  4.10694155281534856E-01  3.40624867082350152E-02 -5.21978080362544672E-01 -6.47587787447896773E-02 -1.15883911029276171E-01 -1.18330430859403646E-01  2.73416935910069769E-01  5.01284290279218947E-01  2.01755797090903549E-01  2.95845193256049459E-02  1.55195190999883242E-01 -5.39789524805955878E-02  7.41766049923483911E-02 -3.18375833720167312E-01 -5.78826101521283887E-01 -1.11624488464982630E-01  1.51474304036465751E-01 -6.24645502639862293E-01  2.45289944820713812E-01  1.27084146211514010E-01  2.64644673776907695E-02  3.60119751002951127E-01 -2.48428551055714875E-01  2.24918308399342098E-01 -3.61955849858557221E-01  3.00444069906541988E-01 -2.35823145079554208E-02 -2.14389816398534161E-01  2.53953678332200450E-01  7.88406347415340353E-02  2.07863750659304763E-01 -1.82039909368823249E-01  7.51274172976641313E-02  4.80174540084619017E-01  1.73202446758014050E-01  3.90276856907259218E-01
 -7.92078200381107767E-02  1.73785606765276990E-01  1.37203990656316499E-01 -1.05040146293726377E-01 -4.32038257602937875E-02 -4.95812643260284125E-01  2.57894432361530812E-01  1.95192374971868227E-01  9.16646493302145232E-02  1.01921436455994052E-01 -2.14039170678286990E-02 -3.66036789372464269E-02 -1.60826721542089074E-01  2.40491351029671341E-02  2.04584625942517140E-01  2.38309683991477811E-01  6.29301648266848757E-01 -3.67430066897528121E-02  8.76137809671946044E-02  1.39120425956951649E-01 -1.99794737448872245E-01 -5.34356190127873096E-02  4.43326967227721913E-01 -2.57207394786506449E-01  4.09281613948875855E-01  4.81809611887156208E-02  1.97267481710793918E-01  3.34719540238149593E-01 -2.49453474511996287E-01  8.72520546563091033E-03  2.23387594453800138E-02  1.20739523192373729E-01 -2.84286653065585593E-01  1.15085259354881272E-01  3.61850599566090822E-02  3.29715440118965239E-02 -1.99135624282082341E-01 -1.36834388718043543E-01 -9.70476477017948036E-03 -1.28874489524066008E-02  3.15919928515997969E-02 -2.62796918850442984E-01 -5.43383569042190304E-02 -2.31014922659917216E-01 -3.31009182274819846E-01  5.07844400470534585E-02 -7.31530816767310549E-02 -2.54622267247562095E-01  1.66471272002958248E-01
 -3.94288993752958949E-01  8.68438167228577224E-02  1.63095494957485515E-01  4.34096739523975317E-01  2.14740089566963055E-01 -4.38566428626711857E-01  1.61007743901656841E-01 -2.00750312059970820E-01  3.11445177251691296E-01  7.66614599567009558E-02  5.83785265363617412E-01 -4.98591969863423495E-02 -6.09133443884901718E-02 -1.64856188217176930E-01  9.00456853894571335E-02 -1.15150434915546190E-01 -2.60324224361183298E-01 -9.56064656227722937E-02  3.31508338030919170E-01 -2.70216006534020392E-01  2.35653433404781482E-01 -1.58172214813334766E-01 -8.15995796438570842E-02  2.16692056689935825E-01  4.87438566286986247E-03 -5.23172614617700593E-01  2.98652667967917902E-02 -6.04167271511345111E-02  3.00767768667808855E-01 -4.82648176956036068E-01  1.51956680448346159E-02 -1.80235425118311088E-01 -1.91735824830742502E-01 -9.82981617205845176E-02  1.26511497049181476E+00 -2.53587660576960972E-01  1.47772029475755573E-01  2.35341860800571036E-03 -3.75578659086484856E-01 -1.30453568679372023E-01  1.84695454818214977E-01  6.59867082875073008E-02 -1.06979028701559065E-01 -2.53508336714036719E-01  2.14581781329832882E-01 -1.25465911696523602E-01 -1.35409418914493040E-01 -2.40963185481895104E-01  3.98295514610666146E-01
 -2.50037843744607524E-01  3.38913370759175658E-01 -1.77433228851147068E-01  2.80415147095035233E-01  7.41463488731792519E-02 -1.38599724800705065E-01 -1.03451984494207005E-01 -3.04676279902218572E-01  2.01178181056690802E-01  4.55047257412956804E-02  2.96304955379261936E-01  6.59447900888687349E-02 -2.06063380717176725E-01  3.58863137489482259E-02  3.88346674533639358E-01  2.03314372845202179E-01  1.18570527933349448E-01 -1.74605309689486649E-01  5.09681048784249666E-03  1.19959784248550583E-01 -4.53938324255435677E-01  3.81088343897093951E-01  4.19918560861314405E-01  2.69154064727879283E-01 -1.00911250160168990E-02 -8.84483737547998722E-02 -1.11425912572910554E-01  1.24858476899050760E-01 -1.36475834656652473E-01  3.39803929801648252E-01  2.08044667193928307E-01  6.47133735183861164E-02 -4.18678208685926645E-01  4.33368889709668526E-01  1.29029957546592244E-01 -2.08028357501886668E-01  3.42198321339061640E-01 -4.85621931619483749E-02  2.96263476557766081E-01  3.32811233369519829E-02 -1.58334978095286849E-01 -2.60343894167257062E-01 -9.31235628441729468E-02 -4.46289771945893754E-01 -3.14272425695985957E-01  2.82738694034090687E-01 -4.48068643960299939E-01 -3.82024958888639410E-01 -7.14196839100068731E-02
 -5.77865649367562267E-02 -1.32069768794289832E-01  2.14742518278222161E-01  6.35530149204021289E-01  2.25096699462399519E-01 -6.18130277683909823E-01 -4.37498471920646365E-02 -3.03759547912853534E-02  2.12765601888448230E-01  3.08842685995406041E-01  3.40287620851617678E-01  3.48845624957425174E-02  1.14164149142468183E-01  1.56699761831636149E-02  1.67412707558539403E-01 -8.05810830792175713E-03  4.00281795375075466E-01  1.21951212656197308E-01 -4.04868457279135632E-03 -6.32058754439907777E-01 -6.22432420989182389E-01 -3.18898349992936980E-01 -1.88264787028284586E-01 -2.28189632904733181E-01 -8.40940601131211912E-02  1.18188961136296539E-01  3.45755816174511538E-02 -5.59717760143024698E-02  2.06649707391391602E-01  1.11013056914892189E-02 -2.36393398711927827E-01  1.40137830600673308E-01  1.24654541795775481E-01 -2.05354638466558846E-02 -3.40879456040570572E-01 -2.81332347179758663E-02  2.17492254475691316E-01  2.24140663697619757E-01 -3.16055151910521193E-01  1.77003076135240078E-01  7.76520325152729285E-01 -5.05029162294377762E-02  7.14587058436386424E-02 -4.12171560693781538E-02 -9.36238780850490865E-02  2.19795351308789105E-01  7.96573963263433882E-02  9.74465386312591345E-03  1.47504727069570407E-01
 -5.46406963059662520E-01 -9.51674119017784370E-02  7.11228866765213196E-03 -1.33247451128266137E-01 -7.39520235304637896E-02  2.05545203546038391E-01  4.15970453153435143E-02 -3.49906537412138438E-02 -1.54339315485884754E-01  1.75233732660024871E-01 -3.63765627123030511E-01 -3.62377574784845391E-01  2.45992784620642613E-01  8.05642771744770059E-02 -4.60265365810564542E-01  1.91836511635718882E-01 -3.75416356083884462E-01 -2.46671615359172147E-01  2.40813960149463241E-01  2.43873496220397973E-01  9.57208741556660712E-03 -8.23843149002615183E-02  3.90879795328817281E-01  2.16056586765402125E-01 -3.50503073069096227E-01  1.95287915037160725E-01 -1.54511992253300728E-01 -4.18617557833411535E-01 -2.83895000895065697E-01 -4.04899285618459115E-01  2.20588313889725884E-01 -5.52065779687919922E-01  1.99368334972873346E-01 -3.42830034704170394E-01 -3.26670632258228288E-02  4.09597661893517512E-02 -4.60422746682005501E-01  3.03951316247405456E-01 -3.98809604196912193E-01  1.22594747716032279E-01 -7.37005320812305853E-01  2.27192071475371377E-01  1.12561715523879308E-01  1.80750759381756804E-01  1.70222671029004430E-01 -4.21011497237838428E-01  6.39290673567623591E-01  2.83265320715154978E-01  1.29900440581599080E-01
  6.11931747600647391E-01 -6.72049271681819313E-03 -5.42756201393075448E-03 -1.49033388472284561E-01 -2.54804184287509727E-01  1.38142535297231320E-02  2.60417730311398865E-01 -2.39794374754935175E-01 -6.36986104979998802E-02 -5.07177429265228463E-01  2.81117803812053757E-01 -2.84841423128710858E-01 -2.25006272708899752E-01  2.26927755295320166E-01 -3.57861500735454863E-01  3.71532223335110157E-01  6.06620338876370305E-02  3.43626839135925788E-01 -2.98114844784982437E-02  1.68995743294848115E-02 -6.35083856444152717E-02  1.00593343677325475E-01  1.19723181681536429E-02 -1.27069630437392223E-01  3.47402435843488899E-01 -3.05150846658188181E-02  1.72613921608573639E-01 -2.39034778118795421E-01  5.32748924094509635E-02  5.32672861324408956E-02  9.25198500156071933E-03  1.24965379072432173E-01  1.96102854492042650E-01 -2.06387579758756989E-01  7.45464064164782642E-02 -5.36736893865067261E-02 -1.33713695818989092E-01 -1.03775554422193050E-01 -2.05793657069882507E-01 -1.47038539486476688E-01  9.82672674961653503E-02  2.46667989230976464E-01 -1.69464879187663592E-01 -3.96063381586090724E-01  2.12318757365684396E-01  5.48034926066491013E-02  1.67513457688548112E-01 -2.49787594231993787E-01 -3.88847735629563929E-01
  3.53748852615958648E-02 -1.66375164831722849E-01  4.52786662574022669E-01  2.40285556055800570E-01  5.11641920388939853E-01 -6.23705875565611426E-03 -2.58028701409799055E-01  4.80588493902069092E-01  4.23127012420670745E-01 -4.61048471156948525E-01  6.73112406182759915E-01  1.54535201214200363E-01 -8.17798063080156651E-02  2.72338038418123041E-01 -1.26216582073693462E-01 -1.63616790806707518E-01  7.98689069846296451E-02  3.00939771503231313E-01 -8.21364560766981722E-02 -3.33590068895667724E-01 -7.02607853434300406E-02 -1.41204978210699467E-01 -3.01299939853553633E-01 -2.13049287952289140E-01 -3.07826303475737788E-03 -2.12715318078951804E-01  4.87029857869817173E-01 -6.23305751217281215E-03  6.48580035839654512E-01 -2.53037175524228330E-02 -6.65024464172365382E-01  2.63692632445129971E-01  3.65764649340629244E-01 -1.55933113415813226E-02  1.19314802371159129E-01 -3.80946876430504011E-01  1.88575592819591631E-01  1.11347494811656289E-01  7.70906141505137976E-02  2.72825080102483630E-01  6.01175823540339382E-01 -2.55731754121725607E-01  2.44654918399953708E-02  4.21661020721066759E-01 -7.95504996749072796E-02  9.42394796250569933E-02 -4.95999290824153505E-01 -2.20387205246094023E-02  8.21081981550537271E-02
  6.43892987504463554E-01  9.26336239454196159E-02  1.24613613543439472E-01  3.98559890959173602E-01 -1.79409798422382000E-01 -7.42660787938733413E-02 -2.96952291200056173E-01 -3.68443278084957249E-02 -2.83390613427537998E-02  3.37115965765835482E-02 -6.10876497131535690E-01  1.97040872083708407E-01  9.97852207791300044E-02 -1.38084318553540641E-01 -4.71808021131296551E-01 -3.66020615659770343E-01  1.22770907529062417E-01 -1.45211681724912917E-01  4.47607290145697501E-01  3.85085444397545662E-01  2.69759518914163332E-01 -1.93296599892302939E-01 -2.14659055356077738E-01 -3.26899985320381170E-01 -8.63837355062056222E-02  1.13209887366478718E-01 -1.12839153241703183E-01 -2.66462810289557872E-01  2.69927462595759352E-02 -1.69805610722988332E-01 -1.15843468716222114E-01  9.24335860185332286E-02  2.37975697042161261E-01  2.89417580689230571E-03 -5.46986168321902874E-02  2.76676076602963061E-01 -2.25179547891552367E-01 -2.53647039845602496E-01 -8.03805980435157996E-02 -7.83014348253241455E-02 -5.70409458596545238E-01  1.47351937302414193E-01 -2.12116691423578252E-01  1.60150522893344166E-01 -3.61795577321207429E-01 -2.00852996483352919E-01  1.75429982787740940E-01  3.19873299386854715E-01 -1.11887928975573994E-02
  3.15309248600566694E-01 -2.96258713931552009E-02 -2.45027150944824829E-01 -1.26559313950791397E-01 -6.10863461556099344E-02  4.19069702188702431E-01  1.49176973438491428E-01 -3.94908865583693702E-01 -3.88373760313299454E-01 -2.05623101522932644E-01 -2.40548358947827612E-01 -3.68527583227021394E-01  1.00074554409002300E-01 -3.94373866056019595E-01 -2.02936573148295524E-01 -1.73531726382991774E-01  4.01405699666172344E-01  2.33584568898268230E-01 -6.67314394160380686E-02  3.23201110139661074E-01  2.93613270566957851E-01  7.36576117280063770E-03 -4.16895821114073695E-01 -8.80787595499511466E-02 -3.93248173256610545E-01  1.48948740658706003E-01  2.62369554317842535E-01  2.88320030395472104E-01 -3.12370115214707811E-01 -2.24185129301438441E-01 -1.34188093212354254E-01 -3.32838046184699352E-02 -1.37840542314697972E-01  1.20001292067038343E-01 -4.41330667494285955E-01 -2.85643929673482060E-02 -1.71486412179292558E-01  2.29061279454782107E-01 -6.31174113823987637E-02 -3.67135582021169415E-02  1.18238767893867336E-01  9.44047242433864453E-02 -9.40822882687407241E-02 -1.43565990433810853E-01  3.98930522625625880E-02 -5.89049313568698468E-02  3.42649900891521475E-01  2.52308303576022686E-01 -1.18235054091505365E-01
 -4.00380231190727714E-02 -2.43755155976945054E-01  1.50713447793184768E-01  8.36545279555997862E-02 -5.60453348192226711E-02 -3.69536979278995217E-02 -1.18729703338544199E-01  2.01602183515398464E-02 -8.07537620232242209E-02  1.70113288174743887E-01  4.18603273690656003E-02  1.93823585622575123E-01  2.21911570951342202E-01 -2.91579815149998235E-02 -1.21151195700585371E-01 -2.55735037528158848E-01  1.03511265446111347E-01 -1.05924942170247963E-01 -1.85983482320978721E-01 -2.73346069995713925E-01 -3.38468832429495936E-01 -6.27652231890651613E-02 -7.30853493524801778E-02  3.50794946762668647E-01  1.06188706046152728E-01 -1.45079616949810558E-01 -5.48408865697913445E-02  1.19153441719612466E-01 -1.18753940137911823E-01  1.93114383306627002E-01 -2.48546468316638625E-01  3.21281544778160399E-01  2.80223751143403754E-01 -2.22809847491075678E-02 -1.16735610354721617E-01 -4.76939654596503171E-01  5.69115979343038161E-02  1.76076099250561981E-02  1.73347142956800121E-01 -1.00905535173996905E-01  3.33210862890747528E-01 -2.74369012060890149E-01  2.02621150475403605E-01 -1.30670478950912355E-01  3.07356904524613422E-02  1.29541844789810096E-01 -1.21578744249295670E-01  6.56881594599895147E-02 -1.18729054789179056E-01
  4.00496673459683344E-02  1.36945075371012970E-01 -9.49972051752124014E-02 -4.50869861711178377E-02  1.07269065639356259E-01  2.17636345368746709E-01  1.71854162731752358E-01 -1.28707957395235661E-01  2.43895682955846571E-01 -9.03937339243638810E-02 -2.65028852572786244E-01  1.49059862684578437E-01 -6.36986830703265006E-02  3.33180085065054449E-02  2.58185158644250901E-01  9.39524981235116338E-05 -3.26986783130561731E-01 -1.11162767160752504E-01 -5.35067218426744304E-02 -2.07729298978217708E-01  1.93560849552875495E-02  3.39919776488429803E-01 -8.47403106209577428E-02  2.30241776114826796E-01  1.08842421221069435E-01 -2.63544986888667940E-02 -3.67260182822392478E-01 -7.44573166405845949E-02 -3.79823263241986717E-02  3.06214405062080419E-01  1.15922867180356506E-01 -1.95591324906025404E-01 -1.86863403165442393E-01  2.32241863325712228E-01 -2.19758208486138473E-01 -2.25638743158917410E-01  4.13074535701357326E-01 -1.32225626049094519E-01  4.37006982090528129E-01 -9.47834157430497426E-02 -1.69706738241729216E-01 -3.35136977076160802E-01 -1.61531471794572196E-01 -4.42213581546640533E-01 -3.08306865874470815E-01  4.98628379276963851E-02 -1.67171946722110526E-01 -4.64740639199372266E-02  1.47874524514021055E-01
  5.37221601983919217E-01 -2.11040343625022248E-01  2.42631132011027539E-01 -3.67947866038752791E-02 -8.09932978905864853E-02  2.45730028487320035E-01  6.50992789515381087E-02  1.97325693555704451E-01 -7.53134117773807121E-02 -2.41216545356511908E-01  3.98033539367492917E-01  4.20437879632864359E-02  1.33902266526121444E-01 -2.26217361952567794E-02  2.67011460041326920E-01 -3.96828237528138519E-02  7.34156067949400526E-02  2.91018071737654538E-01  1.82798333006199687E-01  2.73590467098146994E-01  2.21567380126281091E-02  9.24904614824974824E-02 -9.01523840617401151E-02 -1.73863494147470987E-01  1.29154588016078181E-01 -9.63371664656217375E-02  1.03650356368287636E-01  1.44478589038456839E-01  5.62131775159695757E-02  2.19409253462918868E-01 -2.29072788026903451E-01 -3.46304190385894162E-01 -4.10821717221403482E-01 -5.98207827387778612E-02 -2.31306174117940189E-01  9.85235492575842198E-02  1.84965883992563272E-02  3.65272357809559911E-01  1.90190501026258507E-01  4.11981106871575686E-01 -1.69816834331334904E-01  1.02354484234920370E-01 -3.35285944044882434E-02 -9.19644998996023283E-02 -5.27295660869857505E-02 -8.53209627030742657E-02  1.74756023341378769E-01 -4.87148960751955951E-03  3.04898346588288904E-01
  2.84783707587374368E-01 -2.54071150144553726E-01 -3.99565010976876078E-01 -2.60545596142423619E-01 -1.41699651486793976E-01  1.54815752179437334E-02  3.97803039776015444E-01  1.42964328588929518E-01  8.38180456297104443E-02 -2.77013212602989856E-03 -2.21098586471372927E-01  1.45955782395192663E-01  2.55245200880518996E-01  2.50688932879762738E-01  9.62689814553301521E-02 -2.27970103116276607E-01 -1.83129758887564692E-01  2.29250634367221540E-01 -1.21928183127416614E-01  1.68388392932596304E-01  2.62033690073363745E-01  1.79622351068649377E-01  1.77838646011033358E-01 -2.91715921561426610E-02 -1.73039295209182542E-01  2.04102242696363290E-01 -1.28112337629241013E-01 -2.29652641113351069E-01  2.00687040396734691E-02  5.81201968677853356E-02 -6.62112072276287988E-02 -3.35195286852571106E-01  1.24749756481600943E-01 -5.01829789125326983E-02  5.77441827996513779E-02 -6.25450442320600319E-02  4.87884870166251303E-02  6.55007694035719956E-02  2.11135247590906808E-02  1.22468105568649288E-01 -2.58231047604690400E-01 -1.67870395793481647E-01 -7.83949899265800471E-02  2.44585500236555703E-01 -1.94191079531452704E-01 -8.33563326136880778E-02  3.77858521888760485E-02  1.04052451683370271E-02 -1.52690637925407352E-01
  4.70328421000962171E-01  4.66185449546574343E-02  2.27122308270375994E-01  1.93643604022620708E-01 -2.19000961493639387E-02 -2.05287666294012155E-01 -6.71587139440815977E-03  3.26732508095301188E-01  1.05103374975938621E-01  5.47648403018924035E-01 -1.84404445564158109E-01 -4.06089007338097507E-03 -2.38897751213861753E-01  1.28545962674726066E-01 -4.30924646763081176E-02  4.15874056122321811E-01  2.58309885840443815E-02 -2.66536894660569679E-01 -8.61369956163516581E-02 -5.32801009601016284E-01 -3.09308008047913197E-01  5.92667794018952934E-02  3.59107876004761239E-01 -4.55610633123529285E-01  1.32780023865668839E-01 -2.61583659081614406E-01  2.32340583580129934E-01  2.09821227409898309E-01  1.06516272464079575E-01  1.61693980601440968E-01 -1.83963279535994367E-01  3.81199485100189195E-01  5.28313189649975007E-02 -2.96214294348797813E-01  5.85410975757973406E-01  1.16293285713598774E-01  2.51322052517442551E-01  1.76602471722199728E-01 -7.65308924263266160E-02  5.19867375451778080E-01  5.55170471805288446E-01 -1.24094113847186535E-01 -1.88261097019518292E-01  3.41427748466120451E-01 -7.36773430116035022E-02  1.03375203658342046E-01  1.92658599828750776E-01  1.55531915056841968E-01  1.26003882733552564E-01
  3.90169628504336230E-01  3.40873766752248619E-01  4.33820025993501890E-01  6.01581206653962752E-01 -2.73079541217284782E-01  2.82098213246196716E-01 -8.93042700820867230E-01  2.28489890671679824E-01 -3.05939146348876367E-01 -1.48033262333967908E-01  5.57383789762191606E-01 -2.95834005203835348E-01  1.21350963298873057E-01  1.56616643012619822E-01 -4.92900961724867581E-01  4.28264529403067029E-01  3.92667840131117607E-01 -1.26001628042026775E-01  7.57405823828625535E-01  2.82001633388101414E-01  1.35298554117180253E-01 -5.24575998517818776E-01 -9.28354301347611988E-01 -8.18985568578995404E-01 -4.50899055684324535E-01 -1.01691780399593520E-01  5.90066260440909707E-01  5.78178527366703721E-01  2.65129046162975390E-01 -6.80551930842713926E-01 -2.35435160243013197E-01 -2.34021786354124892E-02 -2.81230496301117169E-02 -6.15499094741573036E-02 -2.12741692180360931E-01  5.17560646969546401E-01 -1.10824289780247442E-01  2.99757891128435594E-01 -3.94385846652893723E-01  5.65321488364629143E-01  3.46703600394193567E-01  3.51567990509202621E-01  3.91411524709134429E-01  4.22622000061298325E-02  6.47227637471442518E-02 -1.44843641630523823E-01  3.83374941543017378E-01  4.09220775951979421E-01 -4.97683348812770376E-01
  2.71897311216441284E-01  1.55303531119610677E-01 -2.24570532898470482E-01 -4.94108670111880477E-01 -8.28995079128204554E-02 -6.89893999056792467E-02  2.68591363641115632E-01 -3.18986973115660613E-02 -7.37208639059945159E-01  7.66474255040974661E-01 -9.07693144440547967E-02 -3.31402037945633277E-01  2.96590476752518284E-03  1.34446521565051658E-01 -3.74214362309106541E-01  1.22261985873289583E-01  4.41128236808650376E-01 -3.08384043819511733E-01 -2.05431546888491523E-02  3.69384761648787696E-01 -2.24444633362148066E-01 -3.40552014615138343E-01  6.81480664391338475E-01  1.55519080860328895E-01  9.47692849625181711E-04  1.43292808644253977E-01  1.72154431163216270E-01 -2.98160836486379144E-01 -5.60445585545615854E-01 -2.33394996887513279E-01  1.71077398183564267E-01  3.65049809358170899E-02 -9.46090863651810332E-02 -9.08940622557913433E-04  2.52097437765327614E-01 -1.33947554784451889E-01 -8.64639794326295785E-01  3.32165398482856145E-01 -2.35060570720822731E-01  2.96605835821133410E-02  1.42775335954671567E-02  3.92876274089263122E-01  2.03158482191982875E-01 -3.07755249950162173E-02  7.45593376758064280E-02 -8.35577133226115404E-03  8.89712576975413949E-01  5.36298118949745994E-01  3.58264828723110329E-01
 -4.55434238937211688E-01 -4.26437841761717895E-01  3.74390562358217105E-01  5.15876307911500409E-01  3.01670901305968325E-02  9.87612268666168275E-02 -4.30312454629220797E-01 -2.97795920225405408E-01  1.07918476376484121E-01  1.67976201887354876E-01 -9.14298932328951097E-01  9.91772082750101008E-02  1.13397179743143672E-01 -1.07813887113947349E-01  3.99411607631492527E-01 -3.46250164291911078E-01  2.13394911211604338E-01 -1.02883198844589976E-01 -1.93287920972843169E-01 -7.43305167283598633E-01 -3.55607196618909382E-01  3.36754048245005488E-01  3.33719095300962887E-01  4.55673052760246389E-01  1.15256552088040296E-01  6.34896152214793202E-02 -6.03853054245911069E-01  1.33906507301287447E-01  3.67024423807984168E-01 -2.38342840790103511E-02 -1.08066254369899389E-01 -3.90335334718346250E-01 -4.50220958600604959E-01  3.21914764338729009E-01 -1.34568839820158409E-01 -3.98845369136836159E-01 -1.98427893125106614E-01 -1.33265132415743143E-01  2.17800486564708656E-01 -5.27535704805386363E-01 -5.07278088264367599E-01 -3.22377502750585243E-01  9.97056101484690149E-02  2.75564415208193025E-01  1.32413377599510274E-01 -2.33280709669099445E-01 -4.82101359181369982E-01  3.44389203084274689E-02  3.14634623677141900E-01
  3.77251803967275590E-01 -1.08552945352152208E-01  7.91885501548654780E-02 -4.49408854190559204E-01 -1.02894578370658976E-01 -2.26247678061859969E-01  1.24752036024585525E-01 -1.10353510504142563E-01 -3.68657196115145469E-01  2.06249525296866937E-01 -2.10723573281353910E-01  1.18369973210846816E-01  8.15268382744503556E-02  1.49692299388739652E-02 -4.78081474254117289E-02  1.53776578973217504E-01  2.25471228884367408E-01 -1.82982282215061270E-01  5.25996565514899733E-02 -1.48929852056439660E-01 -2.98601797404795366E-01  2.32260330863767211E-01  2.33336247824650789E-01  2.05475202646606292E-01  3.28697628446458445E-01 -6.67311849136200258E-02 -1.23107015076399026E-01  3.93965713900748915E-01 -1.16353515854135572E-01  3.46387081896237847E-01  3.07426191021529460E-01  5.90030785153468351E-02 -1.83959260478428789E-02  1.34936616557421230E-01 -7.13185592272428837E-01  4.25407893505282797E-01 -3.34629752457867968E-01  2.75052835780864091E-01  2.66027441266270925E-01 -1.92921445785961099E-01 -1.32161931146842493E-01 -4.74693412568121142E-01 -1.90317133523104087E-01 -1.19134515707050220E-01 -1.06406220842261076E-01  2.38112809817278004E-01 -3.31892365192818506E-01 -4.57891883382535947E-01 -4.23643972471371033E-01
  1.39677437975776648E-02 -1.87055193743724896E-01  3.59652023893999168E-02  1.09484369321661112E-01 -3.06965544901154630E-01  1.20801872710654248E-01  2.30621765942795293E-01  2.72896200321235904E-01  3.50112018385211776E-01 -3.09910252194465982E-02  2.64225657375518730E-01 -4.25212047181032417E-03  8.35554023728896783E-02  2.07543378561093089E-01  4.84953750380964277E-01  4.59455896747513193E-02  5.85089599240542352E-02  1.55792052226705169E-01 -2.78192609644139055E-01 -1.77513908605430676E-01 -3.95974114089827495E-02  7.21880498898934242E-01  9.20085733957891755E-02  5.21763588134658909E-02  6.87704745541843465E-01 -8.27541350983282825E-02  1.31106858710031710E-02  3.03548240038007178E-01 -2.87804694094507108E-05  5.01470895051068011E-01  1.21998978410374059E-02  9.64663979475478994E-01 -4.76287085231721849E-02  1.94822063294609847E-02 -2.97289178208004490E-01 -9.68307066041522099E-03 -8.08781226626698740E-03  7.68466886854553971E-02  2.55063142942501264E-01  2.66009543022272310E-01  7.25960362128137970E-01 -2.60602660021145960E-01 -4.60996378425652997E-01 -3.83047106668699788E-01 -1.85546489072271198E-01  6.16410034635368032E-01  1.92507401676178136E-01 -6.60856466830968409E-02 -2.87152478764089003E-01
  3.10813742212056265E-01 -1.65213714886945084E-01  2.73106431381349768E-01  6.48149936351271050E-01  2.12788835690279177E-01 -4.14194532488307732E-01 -9.97069573392087349E-01  2.28246281920141875E-01  1.98644449914987642E-01 -2.74441408871027789E-02 -1.83204211912745385E-01  2.59948931295648722E-01  8.72166695912884593E-02  2.62518061898280620E-02 -2.16993494404308318E-01 -2.33143794362303591E-01 -3.14090284360722560E-01 -3.37187118637103433E-01 -1.28167152948007956E-01 -2.04479544056913015E-01 -1.55531308090284287E-01  8.03806726608921607E-02  7.77271900343344119E-02  2.86101983505287261E-01 -5.36399378726165679E-02 -2.97278546119035869E-01  4.26199855127682228E-02 -2.68974340195812789E-01  2.24470189103245898E-01  2.04022562733998603E-01 -1.01739784625024688E-02  1.39722254501411541E-01 -3.46562969530077938E-02 -1.85871877906472915E-01 -2.05588501621455366E-01 -1.72488946142385385E-01  4.31573913688359165E-02 -2.87415853453688086E-01  5.19998125344221032E-02 -1.95976921229778167E-01 -3.35860601111921953E-01  1.66773335507253567E-01 -5.01545625221591768E-02 -1.70377701339212512E-01  1.18856324984381492E-01 -1.84838207827996953E-01 -3.00874876846545181E-01  8.14629356144369043E-02  3.00050485836363900E-01
 -3.99600268158050609E-01 -4.25052234473133728E-01  1.26756901873397915E-01 -2.47240668806745223E-01 -2.02663105436646063E-01 -2.83644070230725354E-01  4.55130610159224958E-01  5.01040405818931490E-03  2.31543876384740194E-01  1.88792520044851808E-01 -4.53020436669793802E-01  3.82549097216656087E-01  2.09817883451823457E-02 -1.65963579221905633E-01  5.31301881248493646E-01  2.47580387149340525E-02  4.07255007684447223E-01  3.29552084063557460E-01 -1.00697045192495588E-01  4.69047361960914400E-01 -3.50394944837937650E-01  2.09959487902316666E-01  3.76003829345427421E-01  1.07426234437332249E-01  4.42260447530268996E-01 -1.09683520254955397E-01 -2.79135915999602524E-01  8.19979057736115874E-02 -2.05060148809583925E-01  3.86505728748786082E-01  7.61761106712111752E-02  4.43099855334627479E-01 -1.69327670858561957E-01 -4.61756903379847636E-02  2.94285179479590930E-01 -1.69094521918011775E-01 -1.92458570360199227E-01 -1.48826597869953059E-01  2.35948809199989562E-01 -4.29667421054701015E-01  3.53639548569892104E-01 -7.60383036380870014E-02 -3.86883462999203565E-01 -1.37201533588851807E-05 -2.75578380086561825E-01  3.40632295163731447E-01 -1.28025772066448829E-01 -3.63644338473385731E-01  3.23969300470664134E-01
 -1.79782835243988443E-01  5.92206025767921113E-02  1.50099681659093293E-01  1.35227762262269208E-01  8.15039293780328578E-02 -6.39195901638204500E-01 -2.03533991939694237E-01  7.57117517998226880E-02 -1.52392917890617985E-01  4.48080376330291852E-01  2.00422763438004692E-01  8.13210102737706997E-02 -2.36378392036419249E-01 -1.82407916793838637E-01 -6.99371469621881126E-02 -3.90938872568788870E-02 -2.65874858063518904E-01 -9.87907475014777325E-02  4.32585001179642409E-02  2.36218719911008818E-01 -7.97634823430239948E-02  3.26499598376466249E-02 -3.35794519580421447E-01  1.77384204628417280E-02 -1.90413420370942998E-01  2.40380080678524455E-02  3.42961754014065312E-01  7.23985310491753915E-03 -7.00232876105869734E-02  8.21222424334403234E-02  4.23844736701664213E-02 -7.65270743038229395E-02 -1.88556259976710966E-01  5.71988744670147084E-02 -1.36812224514613723E-01 -3.37767891670740783E-02 -1.34542287477968064E-01  7.09447881098879685E-02  1.05273355437272842E-01  2.44578289820953532E-01 -3.57956805689591886E-02  4.30816286082347441E-02 -1.31605379247351800E-01 -1.52252241666067267E-01 -1.43053361814128810E-01 -1.60238464888532883E-01 -1.59138084209253274E-02  2.42396117886081675E-01  1.29352344268207964E-01
 -9.55133641831039382E-02 -3.07854978647243094E-01  1.11573580894288787E-01 -1.20827273967958976E-01  7.73450427618194714E-02 -6.29223115102042485E-02  3.51080835894017673E-01  2.87800330901536339E-01  7.65049803171843762E-02  3.06286480773677039E-02 -2.08052367211674555E-01  1.04462923222729320E-01 -5.22665978911060064E-02  2.08374491451491228E-01  6.99713409469626679E-02 -1.85899511155811464E-01  2.83013648739935508E-01  3.37973331653706799E-01  1.85156158852668867E-01  5.56613898591218088E-03 -2.80590812636499376E-01  2.97201384800255042E-01 -3.29527960496596883E-01 -9.33619427100454702E-02 -4.88225189777676608E-02  1.05556899958214490E-01  7.10925975902115120E-02  3.20507820386927988E-01  1.67125601369374002E-02 -2.21911976558002988E-01 -2.77040006092366731E-01  8.26957205049205779E-02 -2.02547515882777640E-01 -1.85822877077802158E-02  3.70675518789823702E-02  9.31068628481530186E-03 -3.64391641500623142E-01  1.04569799342221673E-01 -2.88704767647279426E-01  1.24460356645927001E-01  2.45991207728410849E-01 -5.07421054921022852E-01 -1.57338882307036271E-01  4.70868505069890309E-01 -1.36731865557144200E-01  1.71703195565802214E-01 -1.96035618530668587E-01 -2.24075375999260779E-01  3.09757521324633356E-01
  4.46757288229709185E-02 -2.79919373822059836E-01  2.19936446252318896E-01  3.14436832671474500E-02  3.70989607162162893E-01 -1.81673144710058132E-01 -1.61785506028198744E-01  2.11459939979883660E-01  3.33542998071306440E-02  1.38815558887818741E-01  1.49291025404924588E-01  2.35615230271862333E-02  1.51514977874029177E-01  2.37420971374019574E-01 -2.34185115486280349E-01 -2.56708309374329535E-01 -1.64491527595884875E-02 -1.78543047174326286E-02  1.44470747224311941E-01  2.35240921465265429E-01  5.67347583180735464E-03 -1.16868588007703073E-02 -1.87259715677728339E-01 -1.01572842472116051E-01 -2.76019730477048975E-01 -2.05643708540586105E-02  1.31371599128284167E-01  7.86154485475703685E-02  3.97550060714734699E-01 -9.30898565508349735E-02 -3.86591492786030680E-02  2.42135457658758380E-01 -2.55270015674080808E-01 -1.61106256767332562E-01 -9.62285909817728602E-02 -5.62366385425493442E-02 -6.65009993421936674E-02 -1.66150799701997698E-01 -2.29187694199892794E-01  2.09709039396355462E-01  7.03977354802857030E-02  3.55882877388515664E-02  2.36760543471850299E-01  2.73118529102879648E-01  4.91466180749566689E-02 -1.19125841018531423E-01  1.63218900709207609E-01  2.72226026213137184E-01  2.25333353477707832E-01
  2.58472527861831836E-01  2.50354516427917895E-01  1.10492060316743843E-01 -1.69997484228244816E-01 -3.18742612926137925E-01 -6.30237396001438244E-01 -2.65449923188277835E-02  2.72802724093629712E-01 -3.80287044452741696E-01  1.61004563854393434E-01 -4.52968799573492453E-01 -1.72358827810728976E-01  1.06231224882595288E-01 -3.68457833416330816E-01  6.34593485282039932E-02  1.58656949822948784E-01 -5.36620958654119296E-02 -4.43344267265327829E-01  1.35685030498951559E-01 -3.26230858510853039E-01  1.64572285885059011E-01 -3.37981953236245247E-01  3.21309444049021620E-01 -2.53879682603870338E-01 -2.31229043567300063E-01 -2.13920613735660223E-02  1.05316801013101286E-02  8.27329329429601357E-02 -8.30256973694346451E-02 -2.91575554314937091E-01  3.32187134501748138E-01 -4.88764733581768196E-01 -2.16635905054203604E-01  1.72887995584392329E-02  2.62214249470649023E-02  3.06811415380792762E-01 -3.19857154365655705E-01  4.98414253269667817E-01  5.00967457121810553E-02  3.58168718783496431E-01 -1.99533024419179528E-01  2.59631924324500496E-01  1.54164822228316067E-01 -2.12361261772759963E-01  2.38260910947745513E-01 -2.78728832322688969E-01  4.40883045762351822E-01 -1.65055906700974087E-01  2.84235754658296147E-01
 -1.46849163218862017E-01 -1.81876237743433589E-01 -1.44659366456791283E-01  3.37291553289883694E-01 -2.56411412244122554E-02  1.38779616743535783E-01  1.22046711786963802E-01 -1.60627190158305566E-01  2.39386127811635513E-01  1.18348969732353482E-01 -4.81070383784985511E-01 -2.94797158854761487E-01 -7.77963068091855753E-02  5.15729117123153100E-02  4.16481928524745248E-01  2.08539776949799166E-02  1.14773155390363008E-01  1.21930268282981633E-01 -1.49173194209052895E-01 -6.52198340678032951E-01 -6.28218737942473737E-01  5.92885335902121891E-01 -1.14662121873081559E-03  8.27714732338052928E-02  8.59319922770815509E-02  1.42089059850091820E-01 -3.27228626546646681E-02 -1.67957419640458461E-02 -5.06726995202134642E-02  5.69806721648399295E-02 -8.70110491167482292E-02  7.10611309516221302E-03 -1.62446219899037486E-01  6.54699851219661899E-01 -5.74702031785081849E-02 -7.43468768403849761E-02  9.85064419520069734E-02  1.34327553585386006E-01  2.90419978964220282E-01 -2.35042221416698366E-01 -2.99088585562032154E-02 -3.55314852932470671E-01 -1.99284118895191847E-01  1.17715303033347068E-01 -1.45182387339415520E-01  2.64787912848539364E-01 -4.79948218580479646E-01  2.12790619107009915E-01 -4.23934223478872108E-01
  3.28216978503193049E-02  3.07481184831214782E-02 -6.08700933278614395E-02 -3.86907266501043956E-01 -1.80254150912580346E-01 -3.40618666659058100E-01 -1.94009460092914809E-01 -2.36552868963932489E-01 -1.52907249173399706E-01  3.08403360312513419E-01 -3.23880626682218953E-01 -1.40164930847401892E-01  3.04892942943782372E-02  1.55202108057348378E-02  4.28322561397136564E-02 -2.73492207679264798E-01  1.14499305877413561E-02 -3.44419736604726412E-01  2.76113511618923835E-01 -2.33651651028419838E-01 -1.72587706925676931E-01 -3.20929546458695980E-01  6.70907312628807317E-02  2.53072291160084395E-01 -3.23621436328070666E-01 -1.16840290379776710E-01 -1.43560342543893101E-02 -5.53971324090212769E-01  3.48629368323410890E-02 -1.80495824202652227E-01  2.29451915395310457E-01 -3.90963440946484331E-01 -2.18112893060930541E-01  1.06931157788969597E-01 -5.01040375110372027E-02 -3.13576735035957233E-01 -1.72771329852319022E-01  1.35614043161021106E-02  6.61857334176925854E-02 -6.78142184721197833E-02 -4.83224062076007266E-01  1.60096272045227753E-03 -3.01345806331150268E-02 -3.44866112021888938E-01 -8.87811075140512163E-02 -3.12514563989687133E-01 -7.70058973549355708E-02  8.65133617295454488E-02  3.87076398489465179E-01
  1.09073676559231572E-01 -5.15763841228893756E-04 -5.21405511170189073E-01 -2.55461011238171720E-01 -1.73876992087409303E-02  2.46685738659666837E-01 -3.02635752403326019E-01  9.94233270200178404E-02 -2.51898638895526272E-01 -1.12273988182222270E-01 -6.16657207770404531E-02 -1.07157926855890664E-01  1.58387232733787409E-01 -4.09974113357893521E-02 -1.75925405670505769E-02  3.25859334858082245E-02  2.87903784058050616E-01  2.20348903838841509E-01 -1.38010070859030387E-01  2.82898361083326666E-01 -1.12765198212422785E-01 -7.98905629477253687E-02 -2.98543954233452535E-02 -2.81068313196330063E-02 -7.73476920395890499E-02  2.92466380579641305E-01 -5.30826515542649618E-02 -3.84069047008781667E-02 -1.64744597584995989E-01  3.14281766732071866E-03  8.73242176863371772E-02  5.59521308929270197E-02 -1.98258640261482599E-01  2.62084992731374367E-01  7.00506388598581969E-02 -1.43473732794733272E-01 -2.67148695927331647E-01 -3.16377849929439306E-02 -2.55567499903508411E-01  6.12554100547245267E-02  3.82803657776151107E-01 -2.69208576865708926E-01  2.56012789063690648E-02  4.04328119848402986E-02  1.80654079374536092E-01  1.54820271421217653E-01  2.45982364273358595E-01  4.97301928097277218E-02 -1.41884462072034163E-02
 -2.36560762699823929E-01 -1.53164840947011632E-01  2.08047982337288023E-01 -5.08994229835128958E-02  3.05286335684663235E-01  1.44668331180773102E-01  1.83826539387221044E-01  3.11706496997832705E-01  3.25964181510050355E-01 -2.05604014525269163E-01  1.66846504774909060E-01  1.00890169804083621E-01  2.07997732694708004E-01  2.77490179513658231E-01 -2.42190229971610715E-01 -3.39858437169845651E-01 -3.10362653054871596E-01  1.84538292299005618E-01 -9.43670973417126274E-02 -4.80196845404854189E-01  1.78520325442704075E-01 -3.37820306800410489E-02 -1.95418327575397788E-01 -2.82550111859502136E-02 -5.84906642482805397E-02  2.06435026675648760E-02  3.21808771863376142E-01 -6.11780946671039549E-01  1.67355343759237662E-01  7.26899181509519376E-02 -1.39633436769954156E-01 -2.05622224062073117E-01  5.49580204796334515E-01 -2.00488738707326484E-03  4.31686843340143844E-01 -1.86963426786930398E-01  3.71777287484254870E-01  8.23647637454745091E-02 -1.72185353766036553E-01  2.63622290082998201E-01 -1.32722787764440908E-01  1.51854368488582636E-01  7.29282165180282632E-02  6.92138255520398094E-01 -9.70836730153800953E-02 -2.49289669818044207E-01  4.83456598411545618E-02  1.03396829586795594E-01  3.35048743609628441E-01
  1.14077897721771779E-01 -7.60115347029427235E-02  1.13307796582965373E-01 -3.29047585552513178E-01  1.92662854840728925E-01 -1.11001712392293644E-01  6.69065880645572514E-02 -3.94571027182644748E-03  1.32640536158666361E-01  3.21347546609572418E-02  6.28674126315654780E-02  4.45563683441187408E-01  4.75889901380847080E-02  2.67998090182290483E-01  1.87794233854484960E-01  4.39745864114873403E-02 -1.40815650088691319E-01 -1.31561621681283464E-01 -1.08495569814624146E-01 -2.46296888841132905E-01 -4.09231485914805793E-02 -1.24032341886331554E-01  2.01979531494963754E-01  1.45634772640068050E-01  2.92607111824190053E-02  5.11258827429490262E-02  1.31373907223559017E-01 -4.79013592578244468E-02  1.52194630264779307E-01  1.60898782524706463E-01 -8.17179254208444394E-02 -8.40148876856853244E-02 -1.39964768781771942E-01  1.37355180754594481E-02 -1.99957932986132153E-01 -1.70928639260050613E-01 -3.79078773296247298E-02 -1.20451755037389849E-01 -8.78262586770195142E-02  1.37080398388221697E-01  4.15135306028246859E-02 -2.32667121685967870E-01  4.08337133140434863E-02  3.52456001986167167E-01  5.96240336317093861E-02 -3.91628686777063528E-02 -3.97222281787588394E-02  1.11882281723780591E-01  2.09610518237087512E-01
  3.23890865172106024E-01 -2.84201538925964226E-01 -1.41032147224638749E-01 -4.05840407449072182E-01  2.17877632615184919E-01 -2.09513504121362271E-01  2.08643330462683407E-01  3.72626177987997131E-01  1.63573957301772245E-02 -2.04241852890174574E-01 -2.86872113865121285E-02  2.41074808837267784E-01  1.76086983810440023E-01  3.42388741891346271E-01 -1.69459759288288936E-01 -1.67281758787379581E-01 -1.04850057276039396E-01  2.47267814729402069E-01 -8.62803349072616826E-02  5.88845434791170283E-02  1.96233643326556045E-01  3.14925418516558586E-01 -5.86093752706439500E-02  3.02386877494407631E-02  1.32177295865275823E-01  1.47714888015472751E-01  2.31127077701670847E-01 -1.87245837794179887E-01 -1.61695893806495378E-01  1.21703870289320851E-01 -6.46192657706426699E-02  2.66034688654117502E-01  1.88589110231455387E-01 -1.34170070717867407E-01  2.36298019350168420E-01  1.34153742114808489E-01 -1.16805710868594467E-01  3.70163461608649436E-01  3.76525984658507118E-01  1.35418955518267575E-01  7.97715315793897685E-03  1.55540427350861460E-01  2.13970276326287678E-03  2.29674460358053473E-01 -1.37811287529221116E-01  6.93832264464772641E-02  1.17902176527973565E-02 -2.16757564884358628E-01 -1.47908080812917592E-01
 -3.84381618936738556E-01  2.80476764646764742E-01 -9.14483906288691833E-02 -4.31363415557345697E-01 -2.96075083395588023E-01  2.21819445426794243E-01  1.51982718669343903E-01  3.72803429007015283E-02 -3.30557047088579803E-01  1.30476067984428595E-01  3.06322694068000945E-01 -3.46434973253284872E-01  1.60966718401082148E-01 -2.09168137789330078E-01 -8.22831108434264213E-01  3.33774075090544298E-01  3.75915660818076758E-01 -1.41420373269311894E-01  2.01981691728364610E-01  5.92888149443845935E-01 -8.61213980971355930E-02  4.56396345879807597E-02 -1.13263523492432669E-01 -4.27971323478120669E-01 -3.34255798043670525E-03  1.86288281417098578E-01  1.80812846843504377E-01  1.21164135677870530E-01 -7.41905522008657614E-02 -1.38838326900005943E-01  3.21115255681422795E-01 -2.05067721142754456E-01  8.42601763884710808E-02 -8.23296621160051895E-02 -3.47989939495371936E-01  4.05960343179777694E-01 -4.62365993963273880E-01  2.58486598090426456E-01  9.72642676616475715E-02  1.48698040703203915E-01  3.00436302338745187E-01  9.27154805620484523E-02  1.46836255443855285E-01 -2.61006894689018332E-01 -3.03492851095609584E-01 -7.28905961180400935E-02  6.17804202070936559E-01 -1.16093085557121029E-01 -1.73451421383385811E-02
  1.55932986957306452E-01  3.86716987080500813E-02 -1.24886296128799965E-01  1.00137346278050821E-01  7.28890644595932419E-02 -1.92681744101200370E-01  2.56475205260059125E-01 -1.77510467205761413E-01  2.54111821331542531E-01 -2.73991799012116233E-01 -3.59494760081423836E-02  2.29779757066810447E-01  2.06518230891681975E-01 -1.85801194695353139E-01 -2.99479406661571579E-01  5.69148078501647350E-02  1.24365869589584566E-01  6.14391465030577136E-02 -5.59053819901314045E-02  2.35415067815101409E-01  3.33624270162935610E-01  1.34361843883626635E-02 -2.85986612944517903E-02 -4.45677627632630260E-02 -2.30785735566766508E-02  1.76710454884153517E-01 -9.39637722833614464E-02 -2.64698974504322726E-01  3.33334876156539603E-02  3.30343272192231072E-02  1.83314099290501992E-01 -2.21349553042333502E-01 -2.69459446043229280E-03 -1.28983888133654079E-01  1.20067024743558529E-01 -1.59577565050338183E-01  3.17273599107729010E-01 -1.11171316277698537E-01  2.97833728871102987E-01 -1.51401528041364922E-02 -3.78274826348126536E-01 -8.25997326563919915E-02 -1.50523832360924203E-01 -2.82110190634774549E-01 -3.96381139694695211E-02  2.86112218776683302E-01  4.13799899422005249E-02 -1.29208123961519733E-01  3.39757255287397864E-02
  2.16114446538315269E-01  2.18638713569257903E-01 -1.49991873890560318E-01 -5.72351668154745363E-01 -1.51983842052249435E-01  3.58557508314490792E-01  2.86281953010937562E-01  5.11752758572886143E-03 -3.14154823409525663E-01 -5.80884337608363749E-02 -4.88580171224205044E-03 -3.61768341882656330E-01  1.45612708292687132E-01 -1.41003834745636741E-01  2.17974750144636249E-02 -1.60038107952413911E-01  1.91364479007290311E-01 -2.41676904741845833E-01 -5.06191025080539383E-02 -9.68940478632690921E-02 -4.43922347773170356E-01  1.45714939461611043E-01  8.58858131818014681E-02  2.58301314033277385E-01  3.15781208703419733E-02  3.19509025139908032E-01 -1.14979089297435971E-01  5.31056815757409637E-02  9.15951197151247815E-02  1.87776196083385902E-02  7.88071508256306535E-02  2.27778162832809744E-02 -2.25619086365471816E-01  2.58117000270973618E-01 -1.52339441217247684E-01  9.95009299146438209E-02 -2.34925555770301608E-01  3.25634873621796994E-01  2.52986989228469010E-02 -3.57749290770829120E-01  1.32724415821271091E-01  1.10758073558978223E-01  9.39073975474891409E-02 -1.13461213138994960E-01  9.16809452427114480E-02 -3.37251428950551199E-02  1.80830554378799357E-01  3.28264388698751408E-01  6.11066302753617077E-02
  1.67350403932955943E-01  1.24619846414339387E-03 -5.03167774295404935E-02 -8.17603791511015143E-02 -8.07832395812465576E-02 -4.21627248132443122E-01 -5.28121523931291484E-02 -1.92118694841230397E-01 -2.88363913845505804E-01  6.32899579209684870E-01  1.48207051349391588E-02 -4.69977236466394069E-02 -2.12612412323045202E-01 -3.55260923935909967E-01  1.94544958424900383E-01  1.67109241116906337E-01  2.22562803174607693E-01 -1.69019207265450139E-01 -1.29598728363691990E-01  2.17193286909644234E-01 -2.27681438697759475E-01  1.11088497328648700E-02 -3.08421707521269850E-01  3.98279347930234340E-01 -1.54255653259135039E-01  5.66893424705578811E-02 -3.71474443738714466E-01  2.76278952482376772E-01  1.17128668655041047E-02  1.90017703538864047E-01  1.44776915452303340E-01 -1.67947447369170860E-01 -1.62670353528243244E-01  2.42758069904092960E-01 -1.41216788186897146E-01  5.32226369786477816E-04 -9.48391762254921222E-02  1.21845924377792056E-01  2.03772354271874762E-01 -1.35114483729817908E-01 -4.50199808958120284E-01 -4.83233151128198646E-01  7.79094147342794252E-02 -3.13251433959648051E-01 -6.48706228508244276E-02  2.82044018797330320E-01 -2.45273550963468839E-01 -5.62014940374723881E-01 -4.90111654771039795E-01
 -9.66794008961313067E-02 -2.98165476296263443E-01 -7.53579459761069825E-02  1.88638584147011346E-01 -1.07139456432536664E-02 -3.27009895245202242E-01  1.34657145925892008E-01  2.71144780184668033E-01 -7.12731486713262113E-02 -4.72159731392705548E-02  1.79233835986916945E-01  1.58704184110503216E-01  5.68886172655228353E-02 -1.51119113111621659E-02  1.64410738707698456E-01 -7.60130898920860082E-02  2.04989959036161497E-02 -1.56508522482186937E-03 -2.23223741213004270E-02  7.27642812583663510E-03  1.15942963488959300E-01 -1.76047951738390940E-01 -1.78835870690631060E-01 -2.39814248356799958E-01 -1.80762870655756858E-01 -8.30747075292262854E-02 -3.62852134511283952E-02 -1.53297962335026128E-01  1.56969939917118301E-01  1.07684744278791364E-01 -2.14935757665735361E-01 -2.28719164246367096E-01 -2.92989368784171353E-02  1.45049115575832138E-01  2.01689102806066889E-01 -1.05657898579695875E-01  2.33366590052735301E-01  1.34935080373388250E-01 -1.13204705970060396E-01  1.20883352459599053E-01 -2.27842311784245827E-01  2.93561771715703190E-01 -3.34727456560393113E-02  3.52817475997924457E-01 -2.80316731205626835E-01 -2.95357610818876813E-02  7.11711281815536889E-02  2.65728290628670927E-01  7.81222561983496017E-02
 -2.05385805088380072E-02  3.10934291322001843E-01 -1.32845553892579876E-01 -2.27528654765212397E-02 -6.48232487276494962E-02 -4.56911930166262123E-02  4.61291704272361269E-01  1.89189859093781082E-01  2.02203492595827511E-01 -3.04573467749944121E-02 -3.58017618420903627E-01  3.29556895961393315E-01  7.22053825461309723E-02  9.23142458069922262E-02 -9.96778140825327480E-02  1.75514165857228316E-01  3.34574416975347955E-01 -1.37680238490342194E-01  1.21700180638970867E-01  3.09701188006182515E-01 -4.38671488897686424E-03  1.51576342337377074E-01  1.32908437391218298E-01 -7.19024610494397101E-03  1.63941549794248742E-01  1.71996616040005518E-01 -9.72893919759875991E-02 -1.14916780275499925E-01 -1.17619273915107972E-01 -1.07524576443843375E-01  2.39343543374611001E-01  2.27770539294001789E-01 -1.76568211301379813E-01 -2.59484284334917208E-02  4.14167589598372299E-01  8.90265012524228821E-02 -3.29325511992067180E-02 -8.89655087352854285E-02  5.87710351778711424E-03  2.41141020275103743E-02 -3.15347013999122294E-01  3.58072520855562071E-01 -2.93271088972721472E-01 -1.66041638858658497E-01  2.18531740109611461E-01  3.57671855182847886E-01  1.82162780366839673E-02  9.60315466173182301E-03 -2.72255621906759671E-01
  1.16917606838477919E-01  1.34570264105029286E-01 -2.11836503460874126E-01 -2.95054898255273423E-01 -3.14095684324686597E-01  4.02785193632248406E-01  5.27963433755969991E-01 -3.51892456283894484E-01 -2.18490674237596411E-01 -1.40482428948869753E-01 -6.09982653838926775E-02 -5.79315028787740563E-02  8.85765212498953319E-02 -3.80902694718865786E-01  3.80297149245470978E-01  3.19084258241408403E-01 -3.25482914827221192E-01 -6.56572467059093473E-02 -2.29371041002314008E-01  7.50400097946359979E-01  1.29522530851638090E-01 -1.17977436121687609E-01  2.12912835698666980E-01  1.40982093004268422E-01 -1.64710208539082144E-02  4.23078625431301189E-02 -1.77516064605743096E-01 -1.43608877157428531E-02 -3.32537014305413381E-01  2.00528924636934284E-03  2.47753839051328029E-01 -3.00342598606358147E-01  1.08069399418205717E-01  3.22723917349692024E-01 -3.71897518749448486E-01  3.06514825999217477E-01 -3.46901084409261928E-01 -3.85236367083941489E-02  1.50147462948078286E-03 -2.74986907539373604E-01 -6.71718550975972772E-01 -2.07053179028192758E-01  2.97552602566416580E-01 -3.62426878706758215E-01 -1.79450121004451846E-01 -3.11405041849996067E-01 -8.63640232147884351E-02  1.05399562665543664E-01 -2.36411894416564683E-02
  8.12561948615613261E-01  3.12452444068142987E-01  5.51563825502474209E-02 -7.99965792776771711E-02 -2.52523310838338511E-01 -1.24544782024995110E-01 -2.95615719838132340E-01 -1.43452348251421280E-01  3.33852576474953384E-03 -3.51920771934417786E-01 -1.17120940441954702E-01  2.22398691697036743E-01  8.99255889016318220E-03 -6.88839114984978879E-02  1.24252147794442880E-01 -2.82985530494325177E-02 -5.89451692196221178E-02 -8.83904590764826581E-02  5.68474488264443314E-02 -1.34655008077834787E-01  1.42424188481426850E-01 -1.73018692981704331E-01 -1.29872105168145707E-01  1.02564972515416020E-01  2.10054624064402423E-01  1.48412689101343614E-01 -3.61194188066216226E-01 -1.73613676018483654E-01 -1.27461162136860678E-01 -2.19857083273697802E-02  5.23471915423419087E-01  1.86474489402717436E-01  1.04026082038518888E-01 -9.02464415462372882E-02 -2.81407820879076620E-01 -8.99546301524874053E-02 -3.17031865532316562E-02  1.27688095460406270E-01 -1.07168497118789272E-01 -1.89647457035398981E-01  2.71375886317976434E-01  1.51264746634977142E-02 -1.44366830645537542E-01 -1.15018738876359702E-01 -2.24633192409067178E-01 -1.96890203824963028E-01 -1.42721561118640192E-02 -3.76948958427246961E-01 -8.73859479551907792E-02
 -2.31393159527927550E-01 -2.27458591071683980E-01  9.03860929031129190E-02 -5.89427576620584204E-01  8.89999680041538010E-02 -5.08811917943141179E-01 -4.41152016817521753E-01  5.93411124277744423E-02 -1.58170621697394320E-01  8.11461361869294850E-01  1.60274145503995852E-01  7.05702848839865615E-02  2.06969622165669304E-02 -3.12339408367920179E-01  4.72862018846248011E-01  3.90788924964698969E-02 -3.82994129666988370E-02 -4.86264399550436877E-01  2.24925858943829209E-02 -3.17808059574952562E-01 -6.64597703208454904E-01 -9.63854959779241599E-02  2.17295429085876624E-01 -9.91183661065739990E-02 -3.34128132757552238E-02 -1.90803992817354523E-01  2.10633588027471508E-02  6.57029425668755440E-01  2.81158354198314475E-01 -1.92661444813759630E-01 -2.16406138431313629E-02  6.57058707327014657E-01 -3.25074126692705079E-01  4.82047231164214884E-02  3.85056981556613831E-01 -2.39612941975737403E-01  1.30084269296041444E-01  2.02644765235172969E-01  2.25350174581752215E-04 -8.23502550879562090E-02  6.42556509141814947E-01 -5.44834146005743203E-02 -2.87451320957950396E-01  2.03092128807397077E-01  1.34545154075864482E-01 -2.01459717649419640E-01  6.34423035612943775E-02 -1.12159726464547249E-01  2.67956803365408558E-01
  6.78654283948034620E-01  8.59005789936177350E-02 -1.85831374382927628E-01 -7.25971679811471676E-02  5.14149614985884920E-02  1.07300032412102522E-01 -1.81886592610662395E-01 -8.40119427287823288E-03 -3.81338551796780167E-01 -1.36563532666690968E-01 -2.05788026874543749E-02 -1.81924276492146930E-01  1.69526961162942275E-01 -3.41962614455194935E-01 -4.66257846186552624E-02  9.65805652395608089E-02 -4.34775202256245608E-01 -9.72332342047638049E-02  3.14290326155365674E-01 -2.73806781592318249E-01 -1.11688934167144621E-01 -8.54398869696025021E-02  9.07679944595554677E-02 -5.10181135606722833E-02 -1.97960639869875749E-01 -7.92006187299784392E-02 -2.23344816352055858E-01 -6.97839346347604904E-04  9.79798959918192075E-02  8.89689953816934082E-02 -1.49260409834295876E-02  1.41450435964145527E-01 -1.23871526933317780E-01  9.30902171949140739E-02 -4.60297089593866782E-01 -5.36954905862108561E-02 -3.18438642251055670E-01  1.50711299453422681E-01  8.45129907085946236E-02 -1.88084653175498745E-01 -1.23000169115207812E-02 -6.23053742396556011E-03  4.60451866167115517E-02 -1.30027170067007536E-01  3.73064184297735191E-01 -1.68819360270717783E-01  2.01356684719871271E-03  3.84426894773583563E-02  1.07875012661319616E-01
  1.52827521718788606E-01  4.28200941558054105E-01  5.51604033573125374E-02  1.75016578935701939E-01  2.88944451069159669E-01  4.99434858682025959E-02 -2.28878763382654588E-01 -1.12009398979151492E-01  4.04166897968803562E-01 -3.46411359414586006E-01 -9.31698840285326846E-02 -5.89114755459224579E-02 -9.73914428625612255E-02  1.36735711913615998E-01 -2.05669826422765212E-01 -6.31978029084342835E-02  2.81432061115736605E-02 -3.78257401642265734E-01  5.36486204208668549E-01 -3.97240518171677881E-01  2.76330938697802786E-01 -1.51316070104283301E-01  2.16807026381669182E-01  6.46156569926595748E-03  1.60882923081296342E-01  1.16882472919672784E-01 -1.33619414587188307E-02 -2.21075769860345189E-01 -1.76056134038029305E-01 -3.39012446234500664E-01 -1.45591253136259285E-01  1.92589159061635519E-02  7.98890206276272608E-02  1.83723912910249865E-01 -2.76639982763130787E-02  2.89327452415745534E-01  2.52549368539880026E-01  7.12564385852578752E-02 -2.08086594675462283E-01  2.22945480264175766E-01 -6.60053389502105684E-03  4.11662574672089943E-01 -5.62714649542414938E-04 -7.05364517618448095E-02 -9.54600419127024993E-03 -3.39616570298545473E-01  2.55406101682102371E-01  1.54249862312744235E-01 -2.10449670335839834E-01
 #l=           4
 -8.09715708604199363E-02 -3.59172044863570628E-01  8.89149138045780135E-02 -2.21982802541615849E-02 -7.48526986233527647E-01  8.51702343989853561E-02  1.48577610074732491E+00 -5.81241702750988146E-02  3.01872708813056501E-01 -7.89270361843759871E-01 -1.35677211153544142E-01  8.31189947069685298E-01 -1.99984004810142613E-01 -1.21671646166990749E-01  8.32843083623146074E-01  5.46708751280661986E-01  8.68455024213970854E-03 -1.13155240781297461E-01  2.01576483081575025E-01  8.13211974280461214E-01  4.38563713325368254E-01 -1.15312031476154897E+00  1.54495352078465231E+00 -3.00040026426350415E-01 -1.07861586828706768E+00  8.55239279354077619E-01 -8.52199314212089387E-01  1.57764187522660015E+00  2.28249645450404215E-01  7.41230912488203553E-02  2.82693679348886617E-01  6.05463590343519709E-01 -4.42462957685073544E-01  2.24221075811194877E-03 -6.96163684204217814E-01  6.77670562622909256E-01 -1.98889497214819855E-01  3.14560617862675640E-01  5.51440695727442587E-02  5.11085041017440456E-01  4.34791009579267307E-02 -1.01453292658949046E+00  2.85947933547850614E-04  4.94978311614760913E-01 -1.56966694285266040E+00  7.29751951595942083E-01 -1.95166943262646525E-01  6.02861536498774164E-01 -8.53110166218741944E-02
  7.24362891139022413E-01 -3.92469808753090121E-01 -2.50355950985917119E-01  4.25445121714991326E-01  4.48886258026216400E-01 -1.13594394543825153E-01  1.37144456792545277E-01  2.38685752727059858E-01 -5.08553148898740148E-01  3.12308138271746083E-01  4.34039966913216502E-01  3.22704599241240286E-01 -3.23580523958309274E-01 -6.14377095837005616E-01  7.80395886015547657E-01  4.08288007308008072E-01  3.07220228581145449E-01  4.72542785075394878E-01  7.31564321287959340E-01 -1.89109125637293513E-01  1.80132700375180976E-01  1.01775029487726321E+00  3.49873820679290015E-01  9.19971550364570151E-02 -7.80385037198863651E-01  1.12557923797596171E+00  8.33931103070267743E-01  4.51668993353468884E-01  1.29320234322650163E-01 -3.40062183704466559E-01  1.60212213187978070E-01  5.36000470335177059E-01  1.11270888184579997E+00 -4.49860282778329790E-01  7.82247083895427964E-01 -4.28066002333287066E-01 -2.17628220719783161E-01 -4.98992010062436819E-01 -7.72259009277791897E-01  5.24121841251150133E-01 -4.81237302716452986E-01  2.08649103078748233E-01 -2.08509867716663105E-01 -4.24922705763839600E-02 -1.03280641138102469E+00  3.86491743493017625E-01 -1.27790690498920417E-01  1.13969145437332631E+00 -1.96951978471860412E-01
 -1.28272737246697081E-02 -9.57238477085898598E-01 -3.52755216169598762E-01 -7.24006298721635577E-01  5.83861328115523159E-01  3.29218191772750607E-02  2.27912445796234431E-01  7.40167065536010693E-02  1.06611773058917936E+00  8.78524772916997820E-01 -7.08142362901879152E-01  3.61727619843261183E-01  1.30871899919601797E-01 -1.44194088702883483E+00 -2.07181602231118450E-01 -1.07592460045206928E+00 -5.79385552839686402E-01  9.86495953833244177E-01  2.40647350398932425E-01  1.68597030012730326E-01  5.36277454262213515E-01 -1.89126021071376327E+00 -6.50530481984597286E-01  7.23637833489999660E-01  1.14725493830410552E+00 -2.32318813962053700E-01  1.75585226588827081E-01 -1.96778735715450355E-02  2.73625702765873502E-01 -7.04428361991316421E-01 -6.09580982030147656E-01 -3.59575767009291614E-01 -2.83481665427958274E-01  3.90507137122595216E-01  9.99176548456311986E-01 -5.16496141448831020E-02 -1.01709773573408560E-02 -2.71988856444702054E-01 -1.42679349484585227E+00  8.76643011979136966E-01 -2.74626590048611952E-01  3.94616385440797413E-01 -1.34663371577051050E-01  9.02951780866457498E-02 -2.07928868812323059E-02  6.00809104818772588E-01 -2.94946651189724462E-01 -3.39871374329576648E-01  1.09221854097748677E-01
  6.85134730946808379E-02  7.44800254660140659E-01  3.75889102872767056E-02  9.51635593334437369E-01  8.75429440308121198E-01 -1.66023873325865517E-02  3.68285890282989414E-01 -3.65717178818469213E-01 -6.60574319153777956E-01 -2.91181284717871969E-01 -3.57813473139652616E-01  1.06011562574976481E+00 -6.02609636286681405E-01 -6.37821844651239034E-02  5.19416239583486150E-01  1.15296043823292171E-01  4.99086352068660088E-01 -2.62388665883375762E-02  9.63035810833997585E-01  4.03498175483051835E-01 -8.95190949427034366E-01 -5.99070577031514895E-01 -3.25189994285597028E-01  1.12870676498099454E+00 -3.43155057846687206E-01 -1.35716870827427782E+00  1.03983434973582667E+00 -7.45667836259755523E-01  8.94091996825990609E-01  3.60596779609433038E-01  5.99501092991949314E-01 -9.24156118449454556E-01  6.42431411701452793E-01  3.67846859842460572E-01 -8.46092404652204144E-01  1.11679803474111572E+00  5.82490497098136828E-01  5.26917913281495953E-01 -6.88722375086858629E-01  6.46564692224613491E-02 -1.11192018722985661E-01  1.12341691317104544E-01  5.05190652456688261E-01 -4.59618060815137119E-01 -1.38904236799321068E+00  1.03733711850344390E+00 -1.50947057440718485E-01 -1.41279335802508232E-01  7.21742531788361064E-02
  4.66102300634080147E-01  7.37511842475222168E-01 -1.54722244322619940E+00  5.40612514903154984E-01 -9.14082567273520885E-01 -1.68312982605744899E+00  2.57740745883096589E-01 -8.03528898707407624E-01 -2.54818451351828512E-01 -2.27540075605759590E-01 -1.25734242435705923E+00 -3.39310039167974975E-01  1.03589286583516871E+00  7.26483211035065746E-01 -1.42713440200440550E-01  8.68046301264717296E-02 -2.47784550974263412E-01 -4.66700634562439431E-01 -3.46597067824904626E-01  5.23190095860381565E-01  6.25650353962889594E-01  3.35366317335182906E-01 -1.20130765796450301E+00 -1.53605572783238697E+00  6.85290498928449870E-02  5.90329705587988807E-01 -3.07193837810311454E-01 -4.90473241139093963E-01 -8.50869788864074383E-01 -2.82284821749627157E-01 -3.75707270739140342E-01 -5.93726449493830244E-01 -1.52897913808690833E-01 -6.05912154740800513E-01  1.79789270155993081E-01  5.22775011700951975E-01 -2.55193820295164853E-01  7.90965661818638921E-01  2.64067167073473830E-01  4.19531610637367436E-01 -1.18876389176049457E+00 -5.71305718539356078E-01  5.57649271596493967E-02  2.30801992003791173E-01  8.15982422898351226E-03 -2.94154228276538754E-01 -1.82612486447689881E+00  2.00623638072084942E-01  1.97304183979435854E+00
