# DNNF90 training history: one row per validation event
#  1:epoch  2:patience
#  3:cost_train    4:cost_val    5:cost_input   (per point;
#    the composite objective, Loss_term weights applied --
#    the same sum the optimizer descends)
#  6:cost_train_f  7:cost_train_df  8:cost_val_f  9:cost_val_df
# 10:cost_input_f 11:cost_input_df
# 12:rmse_train_f 13:rmse_train_df 14:rmse_val_f 15:rmse_val_df
# 16:rmse_input_f 17:rmse_input_df
# 18:mae_train_f  19:mae_train_df  20:mae_val_f  21:mae_val_df
# 22:mae_input_f  23:mae_input_df
1  0    0.20713E+04    0.26957E+04    0.21754E+04    0.51214E-01    0.20713E+04    0.74305E-01    0.26957E+04    0.55063E-01    0.21754E+04    0.32004E+00    0.66372E+02    0.38550E+00    0.75394E+02    0.33185E+00    0.67959E+02    0.26056E+00    0.48690E+03    0.30566E+00    0.57211E+03    0.26807E+00    0.50110E+03
100  0    0.59256E+02    0.79408E+02    0.62615E+02    0.16537E-01    0.59256E+02    0.21837E-01    0.79408E+02    0.17421E-01    0.62615E+02    0.18186E+00    0.11436E+02    0.20899E+00    0.13166E+02    0.18666E+00    0.11742E+02    0.14638E+00    0.94239E+02    0.17411E+00    0.10797E+03    0.15100E+00    0.96528E+02
200  0    0.20114E+02    0.31839E+02    0.22068E+02    0.10396E-01    0.20114E+02    0.14104E-01    0.31839E+02    0.11014E-01    0.22068E+02    0.14419E+00    0.67542E+01    0.16795E+00    0.84046E+01    0.14842E+00    0.70562E+01    0.11731E+00    0.57917E+02    0.14245E+00    0.69118E+02    0.12150E+00    0.59784E+02
300  0    0.10121E+02    0.18373E+02    0.11496E+02    0.73594E-02    0.10121E+02    0.10959E-01    0.18373E+02    0.79593E-02    0.11496E+02    0.12132E+00    0.48655E+01    0.14805E+00    0.64293E+01    0.12617E+00    0.51592E+01    0.99068E-01    0.43822E+02    0.12797E+00    0.53873E+02    0.10388E+00    0.45498E+02
400  0    0.60933E+01    0.12786E+02    0.72087E+01    0.55696E-02    0.60933E+01    0.92408E-02    0.12786E+02    0.61815E-02    0.72087E+01    0.10554E+00    0.38341E+01    0.13595E+00    0.53799E+01    0.11119E+00    0.41321E+01    0.85661E-01    0.35728E+02    0.11737E+00    0.45249E+02    0.90947E-01    0.37314E+02
500  0    0.39465E+01    0.87780E+01    0.47518E+01    0.44447E-02    0.39465E+01    0.80484E-02    0.87780E+01    0.50453E-02    0.47518E+01    0.94284E-01    0.31410E+01    0.12687E+00    0.44918E+01    0.10045E+00    0.34035E+01    0.75660E-01    0.30559E+02    0.10904E+00    0.38971E+02    0.81223E-01    0.31961E+02
600  0    0.25471E+01    0.60796E+01    0.31358E+01    0.35708E-02    0.25471E+01    0.67295E-02    0.60796E+01    0.40973E-02    0.31358E+01    0.84508E-01    0.25887E+01    0.11601E+00    0.37762E+01    0.90524E-01    0.28216E+01    0.67795E-01    0.26309E+02    0.99729E-01    0.33713E+02    0.73118E-01    0.27543E+02
700  0    0.16438E+01    0.40856E+01    0.20508E+01    0.29100E-02    0.16438E+01    0.57845E-02    0.40856E+01    0.33891E-02    0.20508E+01    0.76289E-01    0.21560E+01    0.10756E+00    0.31516E+01    0.82330E-01    0.23514E+01    0.60992E-01    0.22728E+02    0.91604E-01    0.29133E+02    0.66094E-01    0.23796E+02
800  0    0.11737E+01    0.29854E+01    0.14757E+01    0.24514E-02    0.11737E+01    0.50594E-02    0.29854E+01    0.28861E-02    0.14757E+01    0.70021E-01    0.18888E+01    0.10059E+00    0.27471E+01    0.75975E-01    0.20569E+01    0.55711E-01    0.19968E+02    0.84898E-01    0.25678E+02    0.60575E-01    0.20920E+02
900  0    0.93251E+00    0.23095E+01    0.11620E+01    0.21839E-02    0.93251E+00    0.44627E-02    0.23095E+01    0.25637E-02    0.11620E+01    0.66089E-01    0.17371E+01    0.94474E-01    0.24714E+01    0.71606E-01    0.18795E+01    0.52305E-01    0.18412E+02    0.79399E-01    0.23481E+02    0.56821E-01    0.19257E+02
1000  0    0.80896E+00    0.19555E+01    0.10000E+01    0.20183E-02    0.80896E+00    0.41287E-02    0.19555E+01    0.23700E-02    0.10000E+01    0.63534E-01    0.16536E+01    0.90871E-01    0.23124E+01    0.68848E-01    0.17804E+01    0.50067E-01    0.17527E+02    0.76079E-01    0.22141E+02    0.54402E-01    0.18296E+02
1100  0    0.72541E+00    0.16900E+01    0.88617E+00    0.19394E-02    0.72541E+00    0.39213E-02    0.16900E+01    0.22697E-02    0.88617E+00    0.62281E-01    0.15989E+01    0.88558E-01    0.21901E+01    0.67376E-01    0.17117E+01    0.49048E-01    0.17139E+02    0.74198E-01    0.21454E+02    0.53239E-01    0.17858E+02
1200  0    0.65160E+00    0.14822E+01    0.79003E+00    0.18265E-02    0.65160E+00    0.37516E-02    0.14822E+01    0.21473E-02    0.79003E+00    0.60439E-01    0.15445E+01    0.86621E-01    0.20831E+01    0.65534E-01    0.16466E+01    0.47435E-01    0.16536E+02    0.72322E-01    0.20555E+02    0.51583E-01    0.17206E+02
1300  0    0.59708E+00    0.13072E+01    0.71543E+00    0.17511E-02    0.59708E+00    0.35651E-02    0.13072E+01    0.20534E-02    0.71543E+00    0.59180E-01    0.15045E+01    0.84441E-01    0.19911E+01    0.64085E-01    0.15960E+01    0.46297E-01    0.16153E+02    0.70489E-01    0.19911E+02    0.50329E-01    0.16779E+02
1400  0    0.55279E+00    0.11811E+01    0.65750E+00    0.16868E-02    0.55279E+00    0.34059E-02    0.11811E+01    0.19733E-02    0.65750E+00    0.58083E-01    0.14715E+01    0.82534E-01    0.19224E+01    0.62822E-01    0.15557E+01    0.45272E-01    0.15852E+02    0.68910E-01    0.19438E+02    0.49212E-01    0.16450E+02
1500  0    0.51342E+00    0.10572E+01    0.60405E+00    0.16004E-02    0.51342E+00    0.32658E-02    0.10572E+01    0.18780E-02    0.60405E+00    0.56576E-01    0.14384E+01    0.80818E-01    0.18480E+01    0.61286E-01    0.15144E+01    0.43919E-01    0.15393E+02    0.67465E-01    0.18703E+02    0.47844E-01    0.15945E+02
1600  0    0.48235E+00    0.97343E+00    0.56420E+00    0.15338E-02    0.48235E+00    0.31033E-02    0.97343E+00    0.17954E-02    0.56420E+00    0.55387E-01    0.14133E+01    0.78782E-01    0.17980E+01    0.59924E-01    0.14843E+01    0.42988E-01    0.15120E+02    0.65811E-01    0.18294E+02    0.46791E-01    0.15649E+02
1700  0    0.45390E+00    0.89194E+00    0.52691E+00    0.14896E-02    0.45390E+00    0.30081E-02    0.89194E+00    0.17427E-02    0.52691E+00    0.54582E-01    0.13916E+01    0.77564E-01    0.17500E+01    0.59037E-01    0.14575E+01    0.42133E-01    0.14913E+02    0.64589E-01    0.17977E+02    0.45876E-01    0.15423E+02
1800  0    0.43090E+00    0.82357E+00    0.49634E+00    0.14392E-02    0.43090E+00    0.28915E-02    0.82357E+00    0.16813E-02    0.49634E+00    0.53651E-01    0.13729E+01    0.76046E-01    0.17068E+01    0.57987E-01    0.14339E+01    0.41349E-01    0.14687E+02    0.63406E-01    0.17621E+02    0.45025E-01    0.15176E+02
1900  0    0.41194E+00    0.78101E+00    0.47345E+00    0.14065E-02    0.41194E+00    0.28373E-02    0.78101E+00    0.16450E-02    0.47345E+00    0.53038E-01    0.13585E+01    0.75330E-01    0.16804E+01    0.57358E-01    0.14172E+01    0.40894E-01    0.14532E+02    0.62556E-01    0.17402E+02    0.44504E-01    0.15010E+02
2000  0    0.38988E+00    0.72281E+00    0.44537E+00    0.13629E-02    0.38988E+00    0.27317E-02    0.72281E+00    0.15911E-02    0.44537E+00    0.52210E-01    0.13386E+01    0.73914E-01    0.16408E+01    0.56410E-01    0.13936E+01    0.40219E-01    0.14262E+02    0.61310E-01    0.16976E+02    0.43734E-01    0.14715E+02
2100  0    0.37417E+00    0.67787E+00    0.42479E+00    0.13045E-02    0.37417E+00    0.26276E-02    0.67787E+00    0.15250E-02    0.42479E+00    0.51078E-01    0.13236E+01    0.72493E-01    0.16085E+01    0.55227E-01    0.13752E+01    0.39244E-01    0.14018E+02    0.59959E-01    0.16606E+02    0.42696E-01    0.14449E+02
2200  0    0.35829E+00    0.62484E+00    0.40271E+00    0.12693E-02    0.35829E+00    0.25490E-02    0.62484E+00    0.14826E-02    0.40271E+00    0.50384E-01    0.13099E+01    0.71400E-01    0.15727E+01    0.54453E-01    0.13573E+01    0.38621E-01    0.13842E+02    0.58980E-01    0.16281E+02    0.42014E-01    0.14249E+02
2300  0    0.34578E+00    0.59408E+00    0.38717E+00    0.12342E-02    0.34578E+00    0.24654E-02    0.59408E+00    0.14394E-02    0.38717E+00    0.49684E-01    0.12991E+01    0.70220E-01    0.15508E+01    0.53655E-01    0.13443E+01    0.38146E-01    0.13659E+02    0.57809E-01    0.16022E+02    0.41423E-01    0.14053E+02
2400  0    0.33400E+00    0.55727E+00    0.37121E+00    0.11970E-02    0.33400E+00    0.24124E-02    0.55727E+00    0.13996E-02    0.37121E+00    0.48929E-01    0.12885E+01    0.69461E-01    0.15244E+01    0.52907E-01    0.13307E+01    0.37377E-01    0.13515E+02    0.57044E-01    0.15770E+02    0.40654E-01    0.13890E+02
2500  0    0.32532E+00    0.53939E+00    0.36100E+00    0.11753E-02    0.32532E+00    0.23500E-02    0.53939E+00    0.13711E-02    0.36100E+00    0.48482E-01    0.12824E+01    0.68557E-01    0.15129E+01    0.52365E-01    0.13236E+01    0.36992E-01    0.13435E+02    0.56283E-01    0.15689E+02    0.40207E-01    0.13810E+02
2600  0    0.31352E+00    0.51283E+00    0.34674E+00    0.11536E-02    0.31352E+00    0.22532E-02    0.51283E+00    0.13369E-02    0.34674E+00    0.48033E-01    0.12711E+01    0.67129E-01    0.14925E+01    0.51708E-01    0.13106E+01    0.36580E-01    0.13276E+02    0.55001E-01    0.15468E+02    0.39650E-01    0.13641E+02
2700  0    0.30571E+00    0.48995E+00    0.33641E+00    0.11281E-02    0.30571E+00    0.21904E-02    0.48995E+00    0.13052E-02    0.33641E+00    0.47500E-01    0.12640E+01    0.66188E-01    0.14760E+01    0.51091E-01    0.13017E+01    0.36228E-01    0.13174E+02    0.54056E-01    0.15277E+02    0.39199E-01    0.13524E+02
2800  0    0.29990E+00    0.46037E+00    0.32665E+00    0.10828E-02    0.29990E+00    0.21032E-02    0.46037E+00    0.12529E-02    0.32665E+00    0.46537E-01    0.12567E+01    0.64857E-01    0.14514E+01    0.50058E-01    0.12912E+01    0.35323E-01    0.13002E+02    0.52788E-01    0.14975E+02    0.38234E-01    0.13331E+02
2900  0    0.29013E+00    0.44155E+00    0.31537E+00    0.10881E-02    0.29013E+00    0.20603E-02    0.44155E+00    0.12502E-02    0.31537E+00    0.46651E-01    0.12498E+01    0.64191E-01    0.14398E+01    0.50003E-01    0.12834E+01    0.35303E-01    0.12985E+02    0.52274E-01    0.14947E+02    0.38132E-01    0.13312E+02
3000  0    0.28511E+00    0.41867E+00    0.30737E+00    0.10625E-02    0.28511E+00    0.19902E-02    0.41867E+00    0.12171E-02    0.30737E+00    0.46097E-01    0.12451E+01    0.63090E-01    0.14227E+01    0.49337E-01    0.12764E+01    0.34755E-01    0.12892E+02    0.51165E-01    0.14796E+02    0.37490E-01    0.13210E+02
3100  0    0.27801E+00    0.40582E+00    0.29931E+00    0.10453E-02    0.27801E+00    0.19488E-02    0.40582E+00    0.11959E-02    0.29931E+00    0.45724E-01    0.12383E+01    0.62431E-01    0.14118E+01    0.48907E-01    0.12688E+01    0.34363E-01    0.12817E+02    0.50386E-01    0.14679E+02    0.37033E-01    0.13127E+02
3200  0    0.27182E+00    0.38946E+00    0.29143E+00    0.10224E-02    0.27182E+00    0.18713E-02    0.38946E+00    0.11639E-02    0.29143E+00    0.45219E-01    0.12318E+01    0.61177E-01    0.13980E+01    0.48246E-01    0.12610E+01    0.34048E-01    0.12673E+02    0.49152E-01    0.14454E+02    0.36565E-01    0.12970E+02
3300  0    0.26682E+00    0.38092E+00    0.28584E+00    0.10084E-02    0.26682E+00    0.18488E-02    0.38092E+00    0.11485E-02    0.28584E+00    0.44910E-01    0.12276E+01    0.60809E-01    0.13909E+01    0.47927E-01    0.12563E+01    0.33660E-01    0.12596E+02    0.48777E-01    0.14331E+02    0.36179E-01    0.12885E+02
3400  0    0.26255E+00    0.37278E+00    0.28092E+00    0.98678E-03    0.26255E+00    0.18101E-02    0.37278E+00    0.11240E-02    0.28092E+00    0.44425E-01    0.12237E+01    0.60168E-01    0.13842E+01    0.47413E-01    0.12518E+01    0.33285E-01    0.12515E+02    0.47934E-01    0.14229E+02    0.35727E-01    0.12801E+02
3500  0    0.25864E+00    0.36224E+00    0.27591E+00    0.96536E-03    0.25864E+00    0.17636E-02    0.36224E+00    0.10984E-02    0.27591E+00    0.43940E-01    0.12198E+01    0.59391E-01    0.13753E+01    0.46870E-01    0.12471E+01    0.32819E-01    0.12434E+02    0.47158E-01    0.14115E+02    0.35209E-01    0.12714E+02
3600  0    0.25525E+00    0.35354E+00    0.27163E+00    0.95939E-03    0.25525E+00    0.17281E-02    0.35354E+00    0.10875E-02    0.27163E+00    0.43804E-01    0.12165E+01    0.58790E-01    0.13685E+01    0.46637E-01    0.12431E+01    0.32730E-01    0.12382E+02    0.46477E-01    0.14013E+02    0.35022E-01    0.12654E+02
3700  0    0.25143E+00    0.33701E+00    0.26569E+00    0.95140E-03    0.25143E+00    0.16782E-02    0.33701E+00    0.10725E-02    0.26569E+00    0.43621E-01    0.12134E+01    0.57935E-01    0.13564E+01    0.46315E-01    0.12384E+01    0.32525E-01    0.12311E+02    0.45557E-01    0.13881E+02    0.34697E-01    0.12573E+02
3800  0    0.24794E+00    0.33152E+00    0.26187E+00    0.94174E-03    0.24794E+00    0.16421E-02    0.33152E+00    0.10585E-02    0.26187E+00    0.43399E-01    0.12101E+01    0.57308E-01    0.13517E+01    0.46010E-01    0.12349E+01    0.32188E-01    0.12264E+02    0.44842E-01    0.13839E+02    0.34297E-01    0.12527E+02
3900  0    0.24621E+00    0.32163E+00    0.25878E+00    0.93689E-03    0.24621E+00    0.16004E-02    0.32163E+00    0.10475E-02    0.25878E+00    0.43287E-01    0.12086E+01    0.56576E-01    0.13443E+01    0.45771E-01    0.12323E+01    0.31959E-01    0.12244E+02    0.44003E-01    0.13787E+02    0.33966E-01    0.12501E+02
4000  0    0.24342E+00    0.31528E+00    0.25540E+00    0.93312E-03    0.24342E+00    0.15733E-02    0.31528E+00    0.10398E-02    0.25540E+00    0.43200E-01    0.12057E+01    0.56095E-01    0.13387E+01    0.45603E-01    0.12289E+01    0.31731E-01    0.12210E+02    0.43453E-01    0.13732E+02    0.33685E-01    0.12463E+02
4100  0    0.23955E+00    0.30942E+00    0.25119E+00    0.90600E-03    0.23955E+00    0.15609E-02    0.30942E+00    0.10152E-02    0.25119E+00    0.42568E-01    0.12020E+01    0.55874E-01    0.13328E+01    0.45059E-01    0.12248E+01    0.31394E-01    0.12091E+02    0.43119E-01    0.13545E+02    0.33348E-01    0.12334E+02
4200  0    0.23774E+00    0.30732E+00    0.24934E+00    0.90267E-03    0.23774E+00    0.15345E-02    0.30732E+00    0.10080E-02    0.24934E+00    0.42489E-01    0.12002E+01    0.55398E-01    0.13310E+01    0.44899E-01    0.12230E+01    0.31265E-01    0.12042E+02    0.42484E-01    0.13485E+02    0.33135E-01    0.12283E+02
4300  0    0.23518E+00    0.29726E+00    0.24552E+00    0.88316E-03    0.23518E+00    0.15078E-02    0.29726E+00    0.98727E-03    0.24552E+00    0.42028E-01    0.11976E+01    0.54915E-01    0.13224E+01    0.44436E-01    0.12193E+01    0.30779E-01    0.11994E+02    0.41958E-01    0.13396E+02    0.32642E-01    0.12227E+02
4400  0    0.23356E+00    0.29269E+00    0.24341E+00    0.87401E-03    0.23356E+00    0.14868E-02    0.29269E+00    0.97615E-03    0.24341E+00    0.41809E-01    0.11958E+01    0.54532E-01    0.13182E+01    0.44185E-01    0.12171E+01    0.30612E-01    0.11968E+02    0.41614E-01    0.13342E+02    0.32446E-01    0.12197E+02
4500  0    0.23316E+00    0.28932E+00    0.24252E+00    0.88200E-03    0.23316E+00    0.14569E-02    0.28932E+00    0.97782E-03    0.24252E+00    0.42000E-01    0.11955E+01    0.53979E-01    0.13159E+01    0.44223E-01    0.12164E+01    0.30408E-01    0.12001E+02    0.40893E-01    0.13400E+02    0.32155E-01    0.12234E+02
4600  0    0.23002E+00    0.28093E+00    0.23850E+00    0.87770E-03    0.23002E+00    0.14196E-02    0.28093E+00    0.96802E-03    0.23850E+00    0.41897E-01    0.11921E+01    0.53284E-01    0.13082E+01    0.44000E-01    0.12123E+01    0.30394E-01    0.11904E+02    0.40180E-01    0.13226E+02    0.32025E-01    0.12125E+02
4700  0    0.22841E+00    0.28064E+00    0.23712E+00    0.86469E-03    0.22841E+00    0.14141E-02    0.28064E+00    0.95625E-03    0.23712E+00    0.41586E-01    0.11907E+01    0.53180E-01    0.13076E+01    0.43732E-01    0.12110E+01    0.30135E-01    0.11824E+02    0.39570E-01    0.13145E+02    0.31708E-01    0.12044E+02
4800  0    0.22655E+00    0.27641E+00    0.23486E+00    0.86021E-03    0.22655E+00    0.13935E-02    0.27641E+00    0.94909E-03    0.23486E+00    0.41478E-01    0.11892E+01    0.52792E-01    0.13047E+01    0.43568E-01    0.12092E+01    0.29965E-01    0.11809E+02    0.39209E-01    0.13118E+02    0.31506E-01    0.12027E+02
4900  0    0.22494E+00    0.27272E+00    0.23291E+00    0.85050E-03    0.22494E+00    0.13702E-02    0.27272E+00    0.93711E-03    0.23291E+00    0.41243E-01    0.11874E+01    0.52348E-01    0.13006E+01    0.43292E-01    0.12070E+01    0.29719E-01    0.11768E+02    0.38726E-01    0.13055E+02    0.31220E-01    0.11983E+02
5000  0    0.22491E+00    0.26730E+00    0.23197E+00    0.83225E-03    0.22491E+00    0.13522E-02    0.26730E+00    0.91890E-03    0.23197E+00    0.40798E-01    0.11869E+01    0.52003E-01    0.12954E+01    0.42870E-01    0.12056E+01    0.29370E-01    0.11734E+02    0.38304E-01    0.12953E+02    0.30859E-01    0.11937E+02
5100  1    0.22307E+00    0.26956E+00    0.23082E+00    0.84790E-03    0.22307E+00    0.13434E-02    0.26956E+00    0.93048E-03    0.23082E+00    0.41180E-01    0.11859E+01    0.51834E-01    0.12985E+01    0.43139E-01    0.12054E+01    0.29421E-01    0.11759E+02    0.37963E-01    0.13040E+02    0.30845E-01    0.11973E+02
5200  1    0.22199E+00    0.26630E+00    0.22937E+00    0.84437E-03    0.22199E+00    0.13295E-02    0.26630E+00    0.92523E-03    0.22937E+00    0.41094E-01    0.11851E+01    0.51566E-01    0.12960E+01    0.43017E-01    0.12043E+01    0.29416E-01    0.11681E+02    0.37761E-01    0.12940E+02    0.30807E-01    0.11890E+02
5300  1    0.22101E+00    0.25823E+00    0.22722E+00    0.83532E-03    0.22101E+00    0.12960E-02    0.25823E+00    0.91210E-03    0.22722E+00    0.40874E-01    0.11834E+01    0.50911E-01    0.12881E+01    0.42711E-01    0.12014E+01    0.29122E-01    0.11667E+02    0.37321E-01    0.12885E+02    0.30488E-01    0.11870E+02
5400  2    0.21937E+00    0.26012E+00    0.22616E+00    0.82539E-03    0.21937E+00    0.12939E-02    0.26012E+00    0.90347E-03    0.22616E+00    0.40630E-01    0.11822E+01    0.50870E-01    0.12895E+01    0.42508E-01    0.12008E+01    0.28957E-01    0.11625E+02    0.37173E-01    0.12849E+02    0.30327E-01    0.11829E+02
5500  2    0.21843E+00    0.25793E+00    0.22501E+00    0.82716E-03    0.21843E+00    0.12811E-02    0.25793E+00    0.90281E-03    0.22501E+00    0.40673E-01    0.11813E+01    0.50618E-01    0.12875E+01    0.42493E-01    0.11996E+01    0.28933E-01    0.11608E+02    0.36973E-01    0.12816E+02    0.30273E-01    0.11809E+02
5600  2    0.21783E+00    0.25169E+00    0.22347E+00    0.83260E-03    0.21783E+00    0.12586E-02    0.25169E+00    0.90360E-03    0.22347E+00    0.40807E-01    0.11805E+01    0.50172E-01    0.12825E+01    0.42511E-01    0.11981E+01    0.28934E-01    0.11584E+02    0.36774E-01    0.12759E+02    0.30240E-01    0.11780E+02
5700  2    0.21705E+00    0.25153E+00    0.22280E+00    0.82151E-03    0.21705E+00    0.12476E-02    0.25153E+00    0.89252E-03    0.22280E+00    0.40534E-01    0.11797E+01    0.49951E-01    0.12817E+01    0.42250E-01    0.11973E+01    0.28662E-01    0.11580E+02    0.36378E-01    0.12748E+02    0.29948E-01    0.11775E+02
5800  2    0.21633E+00    0.25131E+00    0.22216E+00    0.82517E-03    0.21633E+00    0.12502E-02    0.25131E+00    0.89601E-03    0.22216E+00    0.40624E-01    0.11794E+01    0.50004E-01    0.12825E+01    0.42332E-01    0.11972E+01    0.28574E-01    0.11556E+02    0.36032E-01    0.12724E+02    0.29817E-01    0.11751E+02
5900  2    0.21542E+00    0.24993E+00    0.22117E+00    0.81500E-03    0.21542E+00    0.12409E-02    0.24993E+00    0.88599E-03    0.22117E+00    0.40373E-01    0.11784E+01    0.49818E-01    0.12807E+01    0.42095E-01    0.11960E+01    0.28437E-01    0.11515E+02    0.35950E-01    0.12686E+02    0.29689E-01    0.11710E+02
6000  3    0.21588E+00    0.25000E+00    0.22157E+00    0.83295E-03    0.21588E+00    0.12269E-02    0.25000E+00    0.89860E-03    0.22157E+00    0.40815E-01    0.11792E+01    0.49536E-01    0.12816E+01    0.42393E-01    0.11968E+01    0.28615E-01    0.11562E+02    0.35752E-01    0.12736E+02    0.29804E-01    0.11758E+02
6100  3    0.21445E+00    0.24510E+00    0.21956E+00    0.80916E-03    0.21445E+00    0.12117E-02    0.24510E+00    0.87624E-03    0.21956E+00    0.40228E-01    0.11769E+01    0.49227E-01    0.12755E+01    0.41863E-01    0.11939E+01    0.28187E-01    0.11501E+02    0.35517E-01    0.12629E+02    0.29408E-01    0.11689E+02
6200  3    0.21366E+00    0.24460E+00    0.21882E+00    0.81340E-03    0.21366E+00    0.12038E-02    0.24460E+00    0.87847E-03    0.21882E+00    0.40334E-01    0.11762E+01    0.49068E-01    0.12753E+01    0.41916E-01    0.11933E+01    0.28137E-01    0.11497E+02    0.35222E-01    0.12628E+02    0.29318E-01    0.11685E+02
6300  3    0.21432E+00    0.24235E+00    0.21899E+00    0.79694E-03    0.21432E+00    0.11954E-02    0.24235E+00    0.86335E-03    0.21899E+00    0.39923E-01    0.11767E+01    0.48896E-01    0.12730E+01    0.41553E-01    0.11933E+01    0.27966E-01    0.11454E+02    0.35275E-01    0.12531E+02    0.29184E-01    0.11633E+02
6400  4    0.21311E+00    0.24334E+00    0.21814E+00    0.79854E-03    0.21311E+00    0.11937E-02    0.24334E+00    0.86440E-03    0.21814E+00    0.39964E-01    0.11761E+01    0.48861E-01    0.12742E+01    0.41579E-01    0.11930E+01    0.27958E-01    0.11423E+02    0.35077E-01    0.12518E+02    0.29145E-01    0.11606E+02
6500  4    0.21205E+00    0.24087E+00    0.21686E+00    0.81671E-03    0.21205E+00    0.11906E-02    0.24087E+00    0.87903E-03    0.21686E+00    0.40416E-01    0.11755E+01    0.48798E-01    0.12734E+01    0.41929E-01    0.11923E+01    0.28102E-01    0.11427E+02    0.34784E-01    0.12536E+02    0.29216E-01    0.11612E+02
6600  5    0.21165E+00    0.24106E+00    0.21655E+00    0.80066E-03    0.21165E+00    0.11894E-02    0.24106E+00    0.86544E-03    0.21655E+00    0.40016E-01    0.11746E+01    0.48773E-01    0.12725E+01    0.41604E-01    0.11915E+01    0.27844E-01    0.11406E+02    0.34752E-01    0.12500E+02    0.28995E-01    0.11588E+02
6700  5    0.21142E+00    0.23806E+00    0.21586E+00    0.80508E-03    0.21142E+00    0.11701E-02    0.23806E+00    0.86591E-03    0.21586E+00    0.40127E-01    0.11741E+01    0.48375E-01    0.12694E+01    0.41615E-01    0.11905E+01    0.27731E-01    0.11405E+02    0.34363E-01    0.12490E+02    0.28836E-01    0.11585E+02
6800  5    0.21100E+00    0.23698E+00    0.21533E+00    0.79865E-03    0.21100E+00    0.11721E-02    0.23698E+00    0.86089E-03    0.21533E+00    0.39966E-01    0.11736E+01    0.48417E-01    0.12686E+01    0.41494E-01    0.11899E+01    0.27607E-01    0.11397E+02    0.34248E-01    0.12478E+02    0.28714E-01    0.11577E+02
6900  5    0.21044E+00    0.23686E+00    0.21484E+00    0.80109E-03    0.21044E+00    0.11676E-02    0.23686E+00    0.86217E-03    0.21484E+00    0.40027E-01    0.11731E+01    0.48323E-01    0.12685E+01    0.41525E-01    0.11895E+01    0.27590E-01    0.11378E+02    0.34116E-01    0.12468E+02    0.28678E-01    0.11560E+02
7000  6    0.21000E+00    0.23716E+00    0.21453E+00    0.79464E-03    0.21000E+00    0.11681E-02    0.23716E+00    0.85688E-03    0.21453E+00    0.39866E-01    0.11731E+01    0.48334E-01    0.12691E+01    0.41398E-01    0.11896E+01    0.27467E-01    0.11358E+02    0.33927E-01    0.12428E+02    0.28544E-01    0.11537E+02
7100  6    0.21249E+00    0.23605E+00    0.21642E+00    0.77440E-03    0.21249E+00    0.11564E-02    0.23605E+00    0.83806E-03    0.21642E+00    0.39355E-01    0.11749E+01    0.48091E-01    0.12670E+01    0.40941E-01    0.11908E+01    0.27150E-01    0.11370E+02    0.33858E-01    0.12398E+02    0.28268E-01    0.11541E+02
7200  7    0.20995E+00    0.23713E+00    0.21448E+00    0.78802E-03    0.20995E+00    0.11602E-02    0.23713E+00    0.85005E-03    0.21448E+00    0.39699E-01    0.11729E+01    0.48170E-01    0.12685E+01    0.41232E-01    0.11894E+01    0.27349E-01    0.11346E+02    0.33827E-01    0.12400E+02    0.28428E-01    0.11522E+02
7300  7    0.20921E+00    0.23511E+00    0.21352E+00    0.79363E-03    0.20921E+00    0.11618E-02    0.23511E+00    0.85500E-03    0.21352E+00    0.39840E-01    0.11724E+01    0.48204E-01    0.12679E+01    0.41352E-01    0.11889E+01    0.27370E-01    0.11325E+02    0.33685E-01    0.12399E+02    0.28422E-01    0.11504E+02
7400  8    0.20892E+00    0.23682E+00    0.21357E+00    0.79591E-03    0.20892E+00    0.11550E-02    0.23682E+00    0.85576E-03    0.21357E+00    0.39898E-01    0.11721E+01    0.48063E-01    0.12686E+01    0.41371E-01    0.11887E+01    0.27401E-01    0.11358E+02    0.33840E-01    0.12442E+02    0.28475E-01    0.11539E+02
7500  8    0.20864E+00    0.23307E+00    0.21271E+00    0.78583E-03    0.20864E+00    0.11585E-02    0.23307E+00    0.84794E-03    0.21271E+00    0.39644E-01    0.11717E+01    0.48135E-01    0.12654E+01    0.41181E-01    0.11878E+01    0.27170E-01    0.11314E+02    0.33695E-01    0.12350E+02    0.28257E-01    0.11487E+02
7600  9    0.20822E+00    0.23310E+00    0.21237E+00    0.78699E-03    0.20822E+00    0.11511E-02    0.23310E+00    0.84768E-03    0.21237E+00    0.39673E-01    0.11710E+01    0.47982E-01    0.12649E+01    0.41175E-01    0.11872E+01    0.27179E-01    0.11322E+02    0.33661E-01    0.12378E+02    0.28260E-01    0.11498E+02
7700  10    0.20854E+00    0.23376E+00    0.21275E+00    0.77791E-03    0.20854E+00    0.11598E-02    0.23376E+00    0.84155E-03    0.21275E+00    0.39444E-01    0.11718E+01    0.48162E-01    0.12658E+01    0.41026E-01    0.11880E+01    0.27040E-01    0.11283E+02    0.33433E-01    0.12325E+02    0.28106E-01    0.11457E+02
7800  11    0.20794E+00    0.23482E+00    0.21242E+00    0.78175E-03    0.20794E+00    0.11649E-02    0.23482E+00    0.84561E-03    0.21242E+00    0.39541E-01    0.11716E+01    0.48268E-01    0.12674E+01    0.41124E-01    0.11881E+01    0.27001E-01    0.11269E+02    0.33575E-01    0.12318E+02    0.28096E-01    0.11443E+02
7900  11    0.20763E+00    0.23243E+00    0.21177E+00    0.78407E-03    0.20763E+00    0.11624E-02    0.23243E+00    0.84713E-03    0.21177E+00    0.39600E-01    0.11706E+01    0.48217E-01    0.12647E+01    0.41161E-01    0.11868E+01    0.27033E-01    0.11296E+02    0.33660E-01    0.12359E+02    0.28137E-01    0.11473E+02
8000  11    0.20762E+00    0.23096E+00    0.21151E+00    0.77587E-03    0.20762E+00    0.11431E-02    0.23096E+00    0.83707E-03    0.21151E+00    0.39392E-01    0.11700E+01    0.47814E-01    0.12622E+01    0.40916E-01    0.11858E+01    0.27102E-01    0.11293E+02    0.33789E-01    0.12331E+02    0.28217E-01    0.11466E+02
8100  12    0.20714E+00    0.23139E+00    0.21118E+00    0.77886E-03    0.20714E+00    0.11670E-02    0.23139E+00    0.84355E-03    0.21118E+00    0.39468E-01    0.11703E+01    0.48311E-01    0.12642E+01    0.41074E-01    0.11865E+01    0.26892E-01    0.11251E+02    0.33530E-01    0.12307E+02    0.27999E-01    0.11427E+02
8200  13    0.20714E+00    0.23130E+00    0.21117E+00    0.78611E-03    0.20714E+00    0.11478E-02    0.23130E+00    0.84640E-03    0.21117E+00    0.39651E-01    0.11701E+01    0.47913E-01    0.12635E+01    0.41144E-01    0.11861E+01    0.27148E-01    0.11290E+02    0.33658E-01    0.12338E+02    0.28233E-01    0.11465E+02
8300  14    0.20707E+00    0.23377E+00    0.21152E+00    0.77342E-03    0.20707E+00    0.11950E-02    0.23377E+00    0.84368E-03    0.21152E+00    0.39330E-01    0.11710E+01    0.48888E-01    0.12669E+01    0.41078E-01    0.11875E+01    0.26997E-01    0.11218E+02    0.33671E-01    0.12256E+02    0.28110E-01    0.11391E+02
8400  15    0.20726E+00    0.23421E+00    0.21175E+00    0.77628E-03    0.20726E+00    0.11860E-02    0.23421E+00    0.84456E-03    0.21175E+00    0.39403E-01    0.11702E+01    0.48703E-01    0.12662E+01    0.41099E-01    0.11867E+01    0.27071E-01    0.11262E+02    0.33824E-01    0.12317E+02    0.28197E-01    0.11438E+02
8500  16    0.20752E+00    0.23220E+00    0.21163E+00    0.76593E-03    0.20752E+00    0.11712E-02    0.23220E+00    0.83348E-03    0.21163E+00    0.39139E-01    0.11702E+01    0.48398E-01    0.12632E+01    0.40828E-01    0.11862E+01    0.26992E-01    0.11273E+02    0.33810E-01    0.12299E+02    0.28128E-01    0.11444E+02
8600  17    0.20771E+00    0.23264E+00    0.21186E+00    0.76494E-03    0.20771E+00    0.11931E-02    0.23264E+00    0.83630E-03    0.21186E+00    0.39114E-01    0.11707E+01    0.48850E-01    0.12650E+01    0.40898E-01    0.11869E+01    0.26892E-01    0.11222E+02    0.33535E-01    0.12249E+02    0.27999E-01    0.11394E+02
8700  18    0.20678E+00    0.23360E+00    0.21125E+00    0.75589E-03    0.20678E+00    0.11774E-02    0.23360E+00    0.82615E-03    0.21125E+00    0.38882E-01    0.11698E+01    0.48527E-01    0.12651E+01    0.40649E-01    0.11862E+01    0.26743E-01    0.11228E+02    0.33661E-01    0.12245E+02    0.27896E-01    0.11397E+02
8800  19    0.20617E+00    0.23172E+00    0.21043E+00    0.77299E-03    0.20617E+00    0.11591E-02    0.23172E+00    0.83735E-03    0.21043E+00    0.39319E-01    0.11689E+01    0.48149E-01    0.12630E+01    0.40923E-01    0.11851E+01    0.27146E-01    0.11256E+02    0.33699E-01    0.12296E+02    0.28238E-01    0.11430E+02
8900  20    0.20621E+00    0.23227E+00    0.21055E+00    0.76567E-03    0.20621E+00    0.11965E-02    0.23227E+00    0.83748E-03    0.21055E+00    0.39132E-01    0.11698E+01    0.48919E-01    0.12649E+01    0.40926E-01    0.11862E+01    0.26997E-01    0.11190E+02    0.33622E-01    0.12234E+02    0.28101E-01    0.11364E+02
9000  20    0.20583E+00    0.22908E+00    0.20971E+00    0.78108E-03    0.20583E+00    0.11937E-02    0.22908E+00    0.84986E-03    0.20971E+00    0.39524E-01    0.11690E+01    0.48861E-01    0.12620E+01    0.41228E-01    0.11850E+01    0.26868E-01    0.11205E+02    0.33320E-01    0.12257E+02    0.27943E-01    0.11380E+02
9100  21    0.20551E+00    0.23008E+00    0.20960E+00    0.77447E-03    0.20551E+00    0.11943E-02    0.23008E+00    0.84443E-03    0.20960E+00    0.39357E-01    0.11686E+01    0.48873E-01    0.12623E+01    0.41096E-01    0.11848E+01    0.27388E-01    0.11199E+02    0.33765E-01    0.12251E+02    0.28451E-01    0.11375E+02
9200  22    0.20569E+00    0.22997E+00    0.20974E+00    0.76761E-03    0.20569E+00    0.11868E-02    0.22997E+00    0.83747E-03    0.20974E+00    0.39182E-01    0.11681E+01    0.48719E-01    0.12611E+01    0.40926E-01    0.11841E+01    0.27682E-01    0.11228E+02    0.34047E-01    0.12251E+02    0.28743E-01    0.11398E+02
9300  22    0.20525E+00    0.22896E+00    0.20921E+00    0.78383E-03    0.20525E+00    0.12001E-02    0.22896E+00    0.85321E-03    0.20921E+00    0.39594E-01    0.11683E+01    0.48992E-01    0.12616E+01    0.41309E-01    0.11844E+01    0.27574E-01    0.11220E+02    0.33848E-01    0.12268E+02    0.28620E-01    0.11394E+02
9400  23    0.20610E+00    0.23054E+00    0.21017E+00    0.77867E-03    0.20610E+00    0.12168E-02    0.23054E+00    0.85169E-03    0.21017E+00    0.39463E-01    0.11694E+01    0.49331E-01    0.12637E+01    0.41272E-01    0.11857E+01    0.27731E-01    0.11226E+02    0.34063E-01    0.12232E+02    0.28786E-01    0.11394E+02
9500  24    0.20539E+00    0.23083E+00    0.20963E+00    0.78005E-03    0.20539E+00    0.12380E-02    0.23083E+00    0.85638E-03    0.20963E+00    0.39498E-01    0.11682E+01    0.49760E-01    0.12626E+01    0.41385E-01    0.11844E+01    0.28021E-01    0.11212E+02    0.34150E-01    0.12243E+02    0.29042E-01    0.11383E+02
9600  25    0.20590E+00    0.23164E+00    0.21019E+00    0.78417E-03    0.20590E+00    0.12466E-02    0.23164E+00    0.86123E-03    0.21019E+00    0.39602E-01    0.11691E+01    0.49931E-01    0.12637E+01    0.41503E-01    0.11854E+01    0.28187E-01    0.11198E+02    0.34067E-01    0.12257E+02    0.29167E-01    0.11374E+02
9700  26    0.20549E+00    0.23316E+00    0.21010E+00    0.78674E-03    0.20549E+00    0.12861E-02    0.23316E+00    0.86996E-03    0.21010E+00    0.39667E-01    0.11678E+01    0.50716E-01    0.12639E+01    0.41712E-01    0.11843E+01    0.28724E-01    0.11219E+02    0.34643E-01    0.12273E+02    0.29711E-01    0.11395E+02
9800  27    0.20497E+00    0.23253E+00    0.20957E+00    0.77779E-03    0.20497E+00    0.12696E-02    0.23253E+00    0.85975E-03    0.20957E+00    0.39441E-01    0.11675E+01    0.50389E-01    0.12629E+01    0.41467E-01    0.11839E+01    0.28491E-01    0.11214E+02    0.34643E-01    0.12249E+02    0.29516E-01    0.11386E+02
9900  28    0.20470E+00    0.23014E+00    0.20894E+00    0.78617E-03    0.20470E+00    0.13024E-02    0.23014E+00    0.87220E-03    0.20894E+00    0.39653E-01    0.11672E+01    0.51037E-01    0.12615E+01    0.41766E-01    0.11834E+01    0.28712E-01    0.11174E+02    0.34602E-01    0.12191E+02    0.29694E-01    0.11344E+02
10000  28    0.20566E+00    0.22830E+00    0.20943E+00    0.79281E-03    0.20566E+00    0.12996E-02    0.22830E+00    0.87726E-03    0.20943E+00    0.39820E-01    0.11675E+01    0.50981E-01    0.12598E+01    0.41887E-01    0.11834E+01    0.28645E-01    0.11208E+02    0.34437E-01    0.12257E+02    0.29610E-01    0.11383E+02
