9900
func 0
Activation_out 0
4
4
6
6
1
 #l=           2
  1.34836341946155940E-02  7.31725915351321476E-01 -1.39049029233296678E-01  3.89069988380025433E-01  2.93696647957256030E-01
  1.11999012078011273E-01  4.26547380153801253E-02  4.01033885460302775E-01  3.33744826945730877E-01 -2.18593897489677863E-01
 -2.90070425331468637E-02 -2.74679401807153445E-01 -1.22543050232660253E-01 -2.10777648105145765E-01  2.97452075585120101E-01
  1.61702544496877786E-02  6.84651797068875689E-01  1.51585101651634718E-01 -4.57467631951735010E-01  2.57273407976540192E-01
  3.68088839787171565E-02 -6.98981540437994986E-01 -2.36611357173575676E-01  4.08589590712019390E-01 -3.37216276010504412E-01
  3.87946380559295355E-03 -5.14669055850381696E-01  3.50237923869795853E-01 -5.24776284025110562E-01 -3.39063185516808197E-01
 #l=           3
  3.38347033355814036E-02 -3.10217989732254514E-02  4.25237587371985137E-01 -2.89896526879957539E-01 -7.44276165405392959E-02  7.46735840333898476E-02 -1.79558679806852174E-02
 -6.56607911942655720E-02 -4.98637795232603931E-01 -8.22886631253353096E-02  4.55103035393346955E-01 -8.44628110508284097E-02 -4.88942751385577967E-01 -4.67351022803370986E-01
 -1.63601979781112655E-02 -4.66745023205859977E-01  6.10235950433901751E-03  1.51445899560277066E-02 -2.26978852755351151E-01 -4.50760287878192500E-01 -4.61360272085766465E-01
  6.63949821552002606E-02  5.52645023393225077E-01  1.73849150204706433E-02 -5.26961892554706601E-01  1.80136120340794424E-02  4.50694092250220391E-01  5.34568645194218539E-01
  4.40119982381216492E-03  4.53253611726439132E-01  2.05851016194262548E-01  1.14626364680024989E-01  4.18293411787629466E-01  6.56440075025946146E-01  3.93289311879444936E-01
  1.88837131081207553E-02 -2.18376599179783915E-01  4.65460530699240982E-01 -1.27287203335810895E-01  6.47303889049398590E-02  4.56172639041559635E-02 -2.12929926080269616E-01
 #l=           4
  0.00000000000000000E+00  2.06903720213365061E-01  5.05451555689039989E-01  4.29942449843781271E-01  3.98914444404464663E-01  3.91672221829598655E-01 -2.75780117557342164E-01
