   -0.450328531050E+01    0.107653182009E+01    0.149797636508E-01
   -0.230829562855E+00    0.127110776741E+01    0.595851831501E+00
    0.664740676367E+01    0.520413752352E+00    0.869453890420E-02
   -0.761934210318E+01    0.360048160049E+00    0.136885496417E-02
    0.725837955016E+01    0.320047919652E+00    0.387203100517E-02
    0.138905903584E+01    0.171003253915E+01    0.974679881038E+00
    0.302812073865E+01    0.703560495952E+00    0.324675053980E+00
   -0.920225496144E+00    0.150449310975E+01    0.298785009306E+00
   -0.378523643331E+01    0.112544538975E+01    0.290403692414E-01
   -0.493311657092E+01    0.813192613054E+00    0.126969466141E-01
   -0.112829722033E+01    0.135215409805E+01    0.285096026764E+00
   -0.432449096758E+00    0.891527859038E+00    0.663965051786E+00
    0.696511669824E+01    0.803554506406E+00    0.840035508946E-02
    0.175852236005E+01    0.675844799068E-01    0.525699305999E+00
    0.565869986673E+01    0.628126480499E-01    0.147427283418E-01
   -0.762537928882E+01    0.135076976863E+01    0.505426739097E-03
   -0.145225182228E+01    0.176941347048E+00    0.548257176087E+00
    0.468359110789E+01    0.173891188535E+01    0.189958922304E+00
    0.201517084812E+01    0.164346552807E+00    0.469363931887E+00
   -0.610868765558E+01    0.298666376554E+00    0.657582180464E-02
    0.350443034092E+01    0.235127192809E+00    0.141187880837E+00
    0.722712102509E+01    0.190718596905E+01    0.193821454644E-01
    0.141111984667E+01    0.649105338821E+00    0.867808208729E+00
   -0.559680980022E+01    0.279465475352E+00    0.111581680481E-01
    0.324534168600E+01    0.608526270527E-01    0.152693069270E+00
    0.150707250150E+01    0.813560542867E+00    0.888780786786E+00
   -0.279984291102E+01    0.452172714460E+00    0.143466505872E+00
   -0.764634558145E+00    0.156297319062E+01    0.323862716252E+00
    0.423137526060E+01    0.169170363108E+01    0.271105562514E+00
   -0.302492122370E+01    0.663299186031E+00    0.952411261936E-01
   -0.429690302462E+01    0.140154404880E+01    0.133152692539E-01
    0.287904600539E+01    0.150320270454E+01    0.644014537777E+00
   -0.357250185344E+01    0.247956943452E+00    0.839506259005E-01
   -0.194002756270E+01    0.114252490274E+01    0.167645626300E+00
    0.328481220627E+01    0.112808156928E+01    0.371797742154E+00
    0.409063646035E+00    0.373493093578E+00    0.999683750641E+00
   -0.764110928458E+01    0.612715471583E+00    0.104050318642E-02
   -0.683011360531E+01    0.250042964775E+00    0.336090571354E-02
   -0.123572920837E+01    0.178544337103E+01    0.177272924407E+00
    0.119055215482E+00    0.122161238863E+01    0.748519943641E+00
    0.379777210436E+01    0.475450497292E-01    0.897781915303E-01
    0.672815513171E+01    0.662728356433E+00    0.924409263297E-02
    0.151408941458E+00    0.118199411054E+01    0.775268391928E+00
   -0.757989896151E+01    0.144489455634E+01    0.481434717440E-03
   -0.758693615940E+01    0.718032335628E+00    0.988651521301E-03
    0.320909710330E+01    0.145984904282E+01    0.504783973418E+00
   -0.584131936489E+01    0.181455517409E+01    0.189123265226E-02
    0.840889818884E+00    0.154413036319E+01    0.885883254585E+00
    0.300019995320E+00    0.129795813482E+01    0.787196775892E+00
   -0.407269395677E+01    0.875146147638E+00    0.279960167351E-01
    0.518704392564E+01    0.331819615846E+00    0.306707824938E-01
    0.687872420728E+01    0.105196014314E+01    0.117211985895E-01
    0.310935944646E+01    0.137695167523E+01    0.510783290380E+00
   -0.249899788708E+01    0.709801580125E+00    0.149310775523E+00
   -0.300550835202E+01    0.233310770143E+00    0.145228530214E+00
   -0.974523952369E+00    0.976382172212E+00    0.435862574510E+00
    0.645178645809E+01    0.193451609157E+01    0.427367864234E-01
   -0.343094647093E+01    0.125537954497E+01    0.362111514633E-01
   -0.173581448877E+01    0.102686611597E+01    0.223396602845E+00
    0.106788940613E+01    0.713727683844E+00    0.969286441646E+00
    0.201076655284E+01    0.677395358699E+00    0.660349467926E+00
    0.346569109771E+01    0.893457665805E+00    0.263653920019E+00
   -0.442083121372E+01    0.135404038027E+01    0.123416345868E-01
   -0.732026933396E+01    0.166313495246E+01    0.501773939463E-03
    0.436722171043E+01    0.685167285804E+00    0.958012709139E-01
    0.447654985338E+01    0.727290766271E+00    0.898611376189E-01
    0.829074548458E+00    0.518024423213E+00    0.976196716368E+00
   -0.469733764282E+01    0.400913606128E+00    0.241339775723E-01
   -0.348368614626E+01    0.123228091378E+01    0.351723343682E-01
    0.116321698953E+01    0.717327564099E+00    0.951897452630E+00
    0.765262286650E+01    0.187350416049E+01    0.122896518355E-01
   -0.762432479909E+01    0.138932231124E+01    0.486829690032E-03
   -0.321816589266E+01    0.165307062315E+01    0.301909978403E-01
    0.123187640192E+01    0.149566535779E+01    0.982803626506E+00
    0.224078862955E+01    0.894045410851E+00    0.655203971457E+00
   -0.689030916150E+01    0.874618118256E+00    0.169600217437E-02
    0.558883108249E+00    0.151401336156E+01    0.802605077071E+00
    0.637424669389E+01    0.131925388066E+01    0.251873655311E-01
   -0.520766969411E+01    0.131134066113E+01    0.588314334917E-02
    0.359403646775E+01    0.176948391098E+01    0.478393933747E+00
   -0.261921231019E+01    0.127478695501E+01    0.782361663525E-01
   -0.415448651542E+01    0.145652301148E+01    0.145230741677E-01
    0.155171348709E+01    0.314265408031E+00    0.697237035954E+00
   -0.622426226936E+01    0.880252211248E+00    0.328016280558E-02
    0.695158423819E+01    0.171324096806E+01    0.210124762017E-01
    0.201191697221E+01    0.747032554977E+00    0.686700565168E+00
    0.493339475167E+01    0.126839687317E+01    0.973670547975E-01
   -0.613099212437E+01    0.877522601404E+00    0.361007096597E-02
   -0.460964373174E+01    0.143725893643E+01    0.941611143347E-02
   -0.158917216070E+01    0.103230957545E+01    0.252704148277E+00
    0.719805294545E+01    0.156986892719E+01    0.142775492297E-01
   -0.154386663564E+01    0.104824710328E+01    0.259187572637E+00
   -0.105659348367E+01    0.147239397889E+01    0.273587679988E+00
    0.307231938526E+01    0.283560393309E+00    0.218312905842E+00
    0.540499556557E+00    0.132725866016E+01    0.859921931141E+00
    0.286918748014E+01    0.167120292685E+01    0.712347872693E+00
    0.588668681240E+01    0.103654818122E+01    0.308247325576E-01
    0.649248558241E+01    0.182645730456E+01    0.369398241929E-01
   -0.738388630444E+00    0.193341279471E+01    0.241909155592E+00
   -0.384203302336E+01    0.798045423777E+00    0.378923776072E-01
    0.290790605590E+00    0.686406113361E+00    0.961870576559E+00
    0.653322963160E+01    0.734944790855E+00    0.120577604635E-01
   -0.715995156774E+01    0.611555213969E+00    0.168488932801E-02
   -0.109699490895E+01    0.317492189161E+00    0.629185469938E+00
    0.653941952838E+01    0.124619544272E+01    0.199015907034E-01
   -0.545070545059E+01    0.201226209379E-01    0.166902335568E-01
   -0.317225140143E+01    0.136474980065E+01    0.419195082614E-01
    0.925294010546E+00    0.188328336959E+01    0.801584879887E+00
    0.642523335442E+01    0.198189555933E+01    0.459399783545E-01
   -0.418980394832E+01    0.117140257163E+01    0.186058234619E-01
   -0.438612572272E+01    0.458110566618E-01    0.464543580538E-01
   -0.770046332444E+01    0.512206049514E+00    0.108419518636E-02
    0.500634536819E+01    0.190027208510E+00    0.318680390762E-01
    0.478048497209E+01    0.931299692908E-02    0.333150123406E-01
    0.538355983492E+01    0.122616206750E+01    0.606790054427E-01
   -0.585239129838E+01    0.146748303210E+01    0.264547665031E-02
   -0.351182321254E+00    0.900326073257E+00    0.691839870955E+00
   -0.136541869337E+01    0.181653650545E+01    0.153049588687E+00
    0.231765099219E+01    0.743533563725E+00    0.568693128541E+00
   -0.708199883041E+01    0.163182408293E+01    0.656979906849E-03
    0.519623539143E+01    0.326221912588E-03    0.219132764623E-01
    0.326045685291E+01    0.171394487830E+01    0.579034212687E+00
   -0.421631233791E+01    0.102811913732E+01    0.208862755381E-01
    0.551249597275E+01    0.213603405863E-01    0.163574695062E-01
   -0.380509860081E+01    0.325782697234E+00    0.622579594572E-01
    0.881938871002E+00    0.575952969408E+00    0.976953624265E+00
   -0.102745904394E+01    0.103779343942E+01    0.399437778123E+00
    0.296769534889E+01    0.553677407142E+00    0.301471742282E+00
    0.419120894300E+01    0.194969401594E+01    0.347407094873E+00
    0.688367200768E+01    0.187975047131E+01    0.264895362670E-01
    0.515488489697E+01    0.171111742443E+01    0.119988169540E+00
   -0.434968903047E+01    0.291937506873E-01    0.489228257731E-01
   -0.162253176623E+01    0.392049287256E+00    0.415327154179E+00
    0.591714958047E+01    0.186638947892E+01    0.672738007625E-01
    0.318687804430E+01    0.191008661807E+01    0.682122543516E+00
   -0.701968050706E+01    0.106914030536E+01    0.122705258195E-02
   -0.149986733630E+01    0.160046915435E+01    0.164945352039E+00
    0.780717460546E+01    0.653464273916E+00    0.312294355744E-02
    0.673572008032E+01    0.150364774041E+01    0.211432531732E-01
    0.541026495897E+01    0.133834389462E+01    0.659124013757E-01
    0.531455875213E+01    0.190761322578E+01    0.124200138736E+00
    0.654755601589E+01    0.132025428658E+01    0.212432807053E-01
    0.728352877471E+01    0.197122908319E+01    0.195292439090E-01
    0.250540749156E+01    0.155536547810E+01    0.804417365992E+00
    0.452212765692E+01    0.242138273041E+00    0.538695030280E-01
    0.687355774746E+01    0.183249281209E+01    0.255360870412E-01
    0.367787546207E+00    0.254172700319E-01    0.971258781481E+00
    0.228450690700E+01    0.110351102297E+01    0.718831079149E+00
   -0.397070588881E+01    0.401794297274E+00    0.492282715298E-01
    0.893294204647E+00    0.180919792262E+01    0.816461915332E+00
    0.374996701220E+01    0.106819730482E-01    0.907200764554E-01
   -0.641214784166E+01    0.194305291323E+01    0.940238793793E-03
   -0.408293784721E+01    0.189417531978E+01    0.100932877123E-01
    0.508661306701E+01    0.280673613646E+00    0.321951148864E-01
   -0.779186826618E+01    0.379270750308E+00    0.113014428661E-02
   -0.436927991887E+01    0.111162816375E+00    0.443041115059E-01
   -0.693565382688E+01    0.786839308754E+00    0.176945429243E-02
    0.237052942968E+01    0.164970509251E+01    0.880576515095E+00
    0.129708395256E+01    0.398728666672E+00    0.822571359266E+00
   -0.765960207954E+01    0.116368675419E+01    0.588879501106E-03
    0.260784939026E+01    0.288131573958E+00    0.325969024228E+00
   -0.561868907462E+01    0.276202044256E+00    0.109535010605E-01
    0.654835622576E+01    0.170350716336E+01    0.309856614235E-01
    0.522734102606E+01    0.141876685826E+01    0.849107493867E-01
   -0.120715616598E+01    0.843016064503E+00    0.404124011816E+00
   -0.129144875388E+01    0.111647078657E+01    0.303011392036E+00
    0.470571493523E+01    0.194685280251E+01    0.224149423155E+00
    0.844521404961E+00    0.400682376774E+00    0.952324663431E+00
    0.783636703949E+01    0.541632958061E+00    0.271273624138E-02
    0.780814174637E+01    0.616606112136E+00    0.300719788057E-02
    0.466679041946E+01    0.188527246889E+01    0.219714404301E+00
    0.516906339910E+01    0.182964974128E+01    0.132283692075E+00
    0.455135527372E+01    0.155140278394E+01    0.180714410143E+00
   -0.372423877523E+01    0.118619950835E+01    0.290473390915E-01
   -0.754514506426E-01    0.456740593092E+00    0.932406004732E+00
    0.329887275321E+01    0.190509443471E+01    0.637126901907E+00
    0.773753812780E+01    0.302545485209E-01    0.179654824270E-02
   -0.567112484100E+01    0.852749240532E+00    0.585468250534E-02
   -0.377626671017E+01    0.816852149443E+00    0.396777290550E-01
   -0.137636248642E+01    0.173385203688E+01    0.163462487641E+00
    0.694600547537E+00    0.773496227782E+00    0.998445480852E+00
   -0.455642779767E+01    0.801030385470E+00    0.186750397264E-01
   -0.217771420890E+01    0.737870181083E+00    0.194990981781E+00
   -0.345711774438E+01    0.708347904230E+00    0.602063304594E-01
    0.724420414075E+01    0.397183947125E+00    0.424145062848E-02
   -0.464006058405E+00    0.179110422260E+01    0.343606984342E+00
    0.668108135763E+01    0.246322169472E+00    0.639862698875E-02
    0.590185894546E+00    0.557887961006E+00    0.999739256206E+00
    0.283816466993E+01    0.121929684178E+01    0.552067145351E+00
   -0.158677739870E+01    0.141182706921E+01    0.180935029243E+00
    0.218752021099E+01    0.781576932555E+00    0.632460201343E+00
    0.787049360876E+01    0.156625355693E+00    0.178476794719E-02
   -0.759405388452E+01    0.362372125931E+00    0.140063113529E-02
   -0.110347912235E+01    0.347116764764E+00    0.615376458377E+00
    0.695264305030E+01    0.191828039537E+01    0.257055904236E-01
    0.139190399699E+01    0.511883938318E+00    0.828891397908E+00
   -0.185880767850E+01    0.119890593914E+01    0.171483605891E+00
    0.757411026043E+01    0.790414577430E+00    0.451809782945E-02
    0.288448236669E+01    0.434679792562E+00    0.292560841967E+00
    0.785638087963E+01    0.716833015853E-02    0.155901954166E-02
