    0.791966134391E+01    0.000000000000E+00    0.145304503337E-02
   -0.138245883796E+01    0.000000000000E+00    0.641473025871E+00
   -0.483483694817E+01    0.000000000000E+00    0.312925347071E-01
    0.783240105861E+01    0.000000000000E+00    0.158542957365E-02
    0.478147641665E+01    0.000000000000E+00    0.329791615486E-01
    0.285182063674E+01    0.000000000000E+00    0.206430044197E+00
   -0.309087835001E+01    0.000000000000E+00    0.166376533528E+00
   -0.662521218574E+01    0.000000000000E+00    0.529194691239E-02
   -0.746857982247E+01    0.000000000000E+00    0.228034937691E-02
    0.145541845323E+01    0.000000000000E+00    0.613536509958E+00
   -0.360511465038E+01    0.000000000000E+00    0.103058026758E+00
   -0.493532063813E+01    0.000000000000E+00    0.283436810228E-01
    0.295959674915E+01    0.000000000000E+00    0.187423584902E+00
   -0.494299235458E+01    0.000000000000E+00    0.281301367861E-01
   -0.723085311281E+01    0.000000000000E+00    0.289142437786E-02
    0.394300372923E+01    0.000000000000E+00    0.746370712700E-01
   -0.445251545231E+01    0.000000000000E+00    0.455299519268E-01
    0.558640479277E+01    0.000000000000E+00    0.148821409925E-01
   -0.197201875570E+01    0.000000000000E+00    0.428984668062E+00
    0.573465066756E+01    0.000000000000E+00    0.128448810942E-01
    0.114181226812E+01    0.000000000000E+00    0.733718781014E+00
    0.645942827944E+01    0.000000000000E+00    0.624319723341E-02
   -0.532851800478E+01    0.000000000000E+00    0.192181008149E-01
    0.510832255658E+01    0.000000000000E+00    0.238950436877E-01
    0.385762774400E+01    0.000000000000E+00    0.810142942751E-01
    0.460178885060E+00    0.000000000000E+00    0.948872810123E+00
    0.380772207476E+01    0.000000000000E+00    0.849799882950E-01
    0.423750250491E+01    0.000000000000E+00    0.561410080425E-01
   -0.623127152431E+01    0.000000000000E+00    0.783693709254E-02
    0.484748889509E+01    0.000000000000E+00    0.309052445622E-01
    0.453252970510E+01    0.000000000000E+00    0.421033736576E-01
   -0.429524983600E+01    0.000000000000E+00    0.530756187039E-01
   -0.583605078510E+00    0.000000000000E+00    0.919461519182E+00
   -0.333721356194E+01    0.000000000000E+00    0.132555053378E+00
    0.599184945357E+01    0.000000000000E+00    0.994637681339E-02
   -0.381615882735E+01    0.000000000000E+00    0.842968056400E-01
   -0.703985863560E+01    0.000000000000E+00    0.349886724218E-02
   -0.779936366279E+01    0.000000000000E+00    0.163863922044E-02
   -0.105176083814E+01    0.000000000000E+00    0.767458306641E+00
    0.626379583374E+01    0.000000000000E+00    0.758709985383E-02
    0.397972272352E+01    0.000000000000E+00    0.720449570878E-01
   -0.663990583326E+01    0.000000000000E+00    0.521495893147E-02
    0.396353712870E+01    0.000000000000E+00    0.731767126431E-01
   -0.117817907113E+01    0.000000000000E+00    0.719904518642E+00
    0.770905869125E+01    0.000000000000E+00    0.179336485554E-02
    0.485477055994E+01    0.000000000000E+00    0.306844872868E-01
    0.476224654821E+00    0.000000000000E+00    0.945378713618E+00
    0.685565912443E+01    0.000000000000E+00    0.420504363642E-02
   -0.188442575488E+01    0.000000000000E+00    0.457954634466E+00
   -0.520562627183E+01    0.000000000000E+00    0.217036863257E-01
   -0.139870351449E+01    0.000000000000E+00    0.635236968191E+00
    0.234560467499E+01    0.000000000000E+00    0.319097015750E+00
   -0.747548737389E+01    0.000000000000E+00    0.226466980864E-02
   -0.512053080568E+01    0.000000000000E+00    0.236085436291E-01
    0.128338446365E+01    0.000000000000E+00    0.679586636132E+00
   -0.408308449438E+01    0.000000000000E+00    0.652049448549E-01
    0.150970168246E+01    0.000000000000E+00    0.592912635269E+00
   -0.457856529469E+01    0.000000000000E+00    0.402475790706E-01
   -0.709463144954E+01    0.000000000000E+00    0.331268747329E-02
    0.146524018892E+01    0.000000000000E+00    0.609792788415E+00
    0.800000000000E+01    0.157715919419E+00    0.156985015473E-02
   -0.800000000000E+01    0.415413515478E+00    0.885319500015E-03
    0.800000000000E+01    0.134224225818E+01    0.512292467257E-02
   -0.800000000000E+01    0.185528506979E+01    0.209854600793E-03
    0.800000000000E+01    0.190975427489E+01    0.901851180578E-02
   -0.800000000000E+01    0.104141019494E+01    0.473502849551E-03
    0.800000000000E+01    0.169090454594E+01    0.725229620246E-02
   -0.800000000000E+01    0.734214960513E+00    0.643722684675E-03
    0.800000000000E+01    0.800171714010E+00    0.298240041118E-02
   -0.800000000000E+01    0.481843128541E+00    0.828442507144E-03
    0.800000000000E+01    0.124005911131E+01    0.462645769659E-02
   -0.800000000000E+01    0.172902304199E+01    0.238093349077E-03
    0.800000000000E+01    0.188487388460E+00    0.161886794043E-02
   -0.800000000000E+01    0.122081334052E+01    0.395754342689E-03
    0.800000000000E+01    0.191585137070E+00    0.162388648199E-02
   -0.800000000000E+01    0.875673695352E+00    0.558833596612E-03
    0.800000000000E+01    0.620638924607E+00    0.249288569978E-02
   -0.800000000000E+01    0.263926744991E+00    0.103005033594E-02
    0.800000000000E+01    0.353981252433E+00    0.190994650645E-02
   -0.800000000000E+01    0.166246665895E+01    0.254477140164E-03
    0.800000000000E+01    0.153481789618E+00    0.156322244397E-02
   -0.800000000000E+01    0.112136698290E+01    0.437125062261E-03
    0.800000000000E+01    0.530640913138E+00    0.227857509889E-02
   -0.800000000000E+01    0.908336309938E+00    0.540880363100E-03
    0.800000000000E+01    0.143368840855E+01    0.561210612066E-02
   -0.800000000000E+01    0.199913557658E+01    0.181740249332E-03
    0.800000000000E+01    0.156199981279E+01    0.637798874623E-02
   -0.800000000000E+01    0.476950830535E+00    0.832503733620E-03
    0.800000000000E+01    0.784937613480E+00    0.293737681932E-02
   -0.800000000000E+01    0.184442184095E+01    0.212146483601E-03
    0.800000000000E+01    0.100326467750E+01    0.365276869423E-02
   -0.800000000000E+01    0.864179586007E+00    0.565292121695E-03
    0.800000000000E+01    0.115969245451E+01    0.426995671219E-02
   -0.800000000000E+01    0.491309296384E+00    0.820640535437E-03
    0.800000000000E+01    0.142892884083E+01    0.558553291302E-02
   -0.800000000000E+01    0.752206963190E+00    0.632248021918E-03
    0.800000000000E+01    0.181019556702E+01    0.816738634988E-02
   -0.800000000000E+01    0.174812871589E+01    0.233588121262E-03
    0.800000000000E+01    0.100889568337E+01    0.367335755691E-02
   -0.800000000000E+01    0.143438300123E+01    0.319661322464E-03
