  2.25850026748567e+00   7.23469634302923e-02  -9.96084407515509e-01
  8.05611168712363e-01   1.90826091224147e-02   9.99339945360180e-01
 -1.22103863380149e+00   1.96761411518860e-01   9.99179942642357e-01
  1.09977621218824e+00   2.12783936950804e-01  -8.40338799976106e-01
  2.12533515590686e+00   2.34185102459132e-01   7.87097626119518e-01
 -1.94662687745486e+00   4.30693906600704e-02  -8.17774349505954e-01
  2.25222397806709e+00   1.71799232152625e-01   3.04968737323071e-02
  5.14229820856474e-01   2.65478637456872e-01  -8.28200533983055e-01
  3.00773037149280e+00   2.76365399125565e-01   1.90057257695287e-01
  2.76705627647753e+00   2.06383443491233e-01   9.84351234304976e-01
 -2.40909400365087e+00   1.27272054851836e-01  -9.91337758983069e-01
  1.97766097128350e-01   2.72812081263427e-01  -9.70013413659056e-01
  1.60192246914018e+00   1.88290719485795e-01  -6.15624456065914e-01
 -2.62949827517122e+00   2.83705706857359e-01   7.85269057151765e-01
  3.03969396501672e+00   1.29879691590139e-01   4.75446884957894e-01
  2.34712285646837e-01   1.99208078142548e-01  -5.76249793148380e-01
 -2.07432712541739e+00   2.13367480506247e-01   5.09060349563989e-01
  5.52214332834857e-01   1.84086884197562e-02   9.09820446264333e-01
  4.47400321701488e-01   2.03846584703924e-01  -8.48115319470541e-01
  2.47213129809613e+00   7.50852760644978e-02  -9.61411054606514e-01
 -2.62457611414683e+00   4.14473840310878e-02   8.69940013581656e-02
 -3.69844258000986e-02   1.21578912683557e-01   9.00004391049017e-01
  1.71869818061236e+00   1.15894763378430e-01  -9.88139168398254e-01
  2.93548261500381e-01   2.51956150355599e-01  -9.99460800898532e-01
  1.70087657133535e+00   2.98367450564708e-01   9.79105915483100e-01
  2.59408594563828e+00   2.28582266943057e-02  -9.08671283665117e-01
 -1.26623053700118e+00   1.24878512600426e-01   2.32182259936343e-01
 -3.00735921395223e+00   2.13803573478973e-02   8.43702077775043e-01
 -1.23754552613859e-01   2.13766752478990e-01  -3.19480201099308e-01
  2.19229227739390e-01   1.66711924657343e-02   5.75885433422807e-01
 -2.61424924143854e+00   1.07499894074107e-01  -8.70862954100440e-01
 -7.76533531033401e-01   2.68547303658063e-01  -2.78267116289459e-01
  1.21709268482603e+00   2.71298565325085e-01   1.76908042211276e-01
  1.01388718718201e+00   3.29376140339804e-02   8.71371999516096e-01
  2.59987715630181e+00   7.15282571471921e-02  -9.17298477441722e-01
 -2.43443913489160e+00   2.62321195507093e-01   7.38164057473516e-01
  9.37826241617353e-01   1.65052126048117e-01  -8.84404722416618e-01
  1.22250229888020e-01   2.54581007099114e-02   5.79692173498294e-01
 -8.57215137144534e-01   9.91679047649417e-02   3.97282678933220e-01
  5.78844928645488e-01   7.64661901298497e-02   8.23088842578824e-01
  4.70293874112597e-01   1.40095259605698e-01   4.24802059626868e-02
 -1.89099293587424e+00   2.55643381394616e-01   9.99224751550255e-01
  1.38911881067625e+00   1.53946819709181e-01  -9.99998695927343e-01
 -9.90739309634840e-01   1.34071820180185e-01   7.20576760459533e-01
  2.06293854910612e+00   1.58163570378691e-03   2.01597353618998e-02
  5.85283711450417e-01   2.83234355583136e-01  -5.36205477024952e-01
  2.57912869311505e+00   1.43497588283221e-01   3.72899097197878e-02
 -2.32504163164334e+00   1.31271765235965e-02   1.21379634710148e-01
  3.04775622708110e+00   1.50708343319884e-01   7.60083998235301e-01
 -2.65621251640842e-02   3.96356948340694e-02   5.95083719477334e-01
 -1.18686890424110e-01   1.29080171137823e-01   8.97543919874144e-01
 -2.95599980874345e-01   3.54894445489619e-02   1.62250018735318e-01
  1.10534749607132e+00   7.37802657062136e-02   2.21123561741638e-01
  7.52170906298959e-01   1.45849703312100e-01  -4.60574762258974e-01
  5.37552619241429e-01   7.70701252662441e-02   8.51294932150701e-01
  2.77353192875041e+00   2.74359309251135e-01   5.45339473693950e-01
 -1.80575154467213e+00   1.94424844215121e-01   5.75571970855357e-01
  2.59908863638058e+00   1.75259918250416e-01   5.72808162700822e-01
 -1.53380801625928e+00   1.03813400373975e-01  -5.02910456119303e-01
  1.44512952414918e+00   2.60401864855768e-01   3.27559079531432e-01
  6.18975279414502e-01   2.19173184332250e-01  -9.99233864530739e-01
  2.25363098183652e+00   2.42314171504431e-01   9.44944826964820e-01
  1.86855285380489e+00   9.94967956510907e-02  -9.78121779400414e-01
 -2.86116827522993e+00   2.31593683913086e-01  -3.28539861245140e-01
  1.36002832662173e+00   1.91493725650674e-01  -8.25615949757468e-01
 -8.86608745387698e-02   8.55716553690616e-02   9.70928723050623e-01
  3.01592769599775e+00   2.09080224713810e-01   9.70802709839680e-01
  5.59557172895562e-01   2.00512792083187e-01  -9.01702903747625e-01
  2.55889492616646e-01   9.79443646513492e-02   8.83970337857939e-01
  2.83511043901440e+00   2.80592986190701e-01   3.68986258923496e-01
  8.67694885967887e-02   3.62379448796008e-02   6.81136290812395e-01
  2.64939979902755e-01   6.56775692683773e-02   9.98688362676583e-01
  2.94859543388862e+00   1.89166290485751e-01   9.80263755442589e-01
  6.22893154749944e-01   2.22726271477227e-01  -9.99623604277092e-01
 -2.71274007471554e+00   1.02011660070094e-02   6.83991970636681e-01
 -1.72516214188764e+00   2.90707823976769e-01   6.90601321363634e-01
  2.28067817509218e+00   1.56534912986649e-01  -1.86523456455424e-01
 -2.39355039566238e+00   3.08130796702504e-02  -7.76591412807229e-02
  1.17018839738346e+00   2.02514099911583e-01  -8.76122564477996e-01
 -4.73327415092026e-01   2.11195920156323e-01   2.40716008899179e-01
  2.10555299154550e+00   1.23063325833437e-01  -8.53259202848666e-01
 -5.70294179002350e-01   1.68131768707955e-01   9.01984992985905e-01
 -2.61411609606131e+00   2.96523385524014e-01   9.10795124087705e-01
 -2.67940616502425e+00   2.77452140586518e-01   6.60452085876656e-01
  1.43178363841939e+00   1.27148616001636e-01  -9.24047389960310e-01
 -2.27860346237061e+00   2.98263617672609e-01   9.94236874209411e-01
  1.53482844633359e+00   1.01320623217591e-01  -7.78208360626526e-01
  2.49924211368090e+00   1.63585273119751e-01   2.57743063642151e-01
 -8.96466797078747e-01   1.66650604614246e-01   9.97681090080262e-01
 -1.53180731180171e+00   2.93268738665291e-01   4.15536248281037e-01
  1.25185926310230e+00   1.03784964116999e-01  -4.87705589370451e-01
  7.42612757704333e-01   2.82374869867409e-02   9.99672677032569e-01
  1.21392433891849e+00   2.93138627808392e-01   5.19486145526061e-01
 -2.13927721742656e+00   5.06072059165289e-03  -1.91428138522461e-02
  2.83660278761853e+00   6.95653011989703e-02  -7.44437998391391e-01
 -2.61620276445101e+00   2.77853701675019e-02   3.03127054373847e-01
  1.03786119401143e+00   2.83592707025762e-01   1.18772710187602e-01
 -1.51052510812930e+00   1.58366690631689e-01   4.25989873567459e-01
 -1.73561457169694e-01   2.50492114449931e-01  -7.69436064887752e-01
  3.01461891107851e+00   2.24360434525092e-01   8.76932089477029e-01
  1.77717171537174e+00   1.99484136374516e-01  -2.07534831852375e-01
 -2.06483026637541e-01   1.86690445423017e-01   2.58564537271354e-01
 -1.95427416802942e+00   3.56427817617244e-02  -7.30580524550411e-01
 -1.56007856966940e+00   1.98835463754213e-01   8.70969687650887e-01
 -6.18588375061227e-01   1.46915305759246e-01   9.99933797017070e-01
  1.66602426235357e+00   1.46359395514627e-01  -9.59002563524194e-01
  2.92561430046668e+00   2.90363361733325e-01   7.51553285009701e-02
 -3.91990562312953e-01   1.17143827079432e-01   9.87658532935036e-01
 -1.46724138012407e+00   1.28017331237848e-01  -1.35655336416797e-02
  4.37868347480165e-01   1.11642608451989e-01   5.45739613038662e-01
  9.75326077757158e-01   2.91887516869109e-01   1.66200855891003e-01
  3.20369427629679e-01   2.09162128114452e-01  -7.91153408481170e-01
 -1.33547464925225e+00   1.84355136282107e-01   9.11397944930118e-01
  1.53791176929095e+00   8.20858787461943e-03   6.39981032192089e-01
 -1.62570692761878e+00   2.08561600580560e-01   9.02228819486548e-01
  1.07864608460905e-01   3.97596067974944e-02   7.45394923822243e-01
 -1.83375270121931e+00   2.30832671369308e-01   9.29613807765977e-01
 -2.75480699300390e+00   2.57112315828307e-01   2.57848237768273e-01
 -8.00263502525156e-01   2.94845248561748e-01  -6.40937951092500e-01
  2.87847540764765e+00   2.11720818486587e-01   9.96706700880527e-01
 -3.07448693747826e+00   1.25683464869342e-01  -6.26677318180643e-01
 -2.12325407772906e+00   8.64369470363651e-02  -9.90598934374511e-01
  2.39579166285748e+00   1.21746970262474e-02  -6.13204500340366e-01
 -1.55426710970975e+00   2.03910265899608e-01   9.13821863019616e-01
  2.96911980484316e+00   8.06058433205623e-02  -4.37016700526447e-01
 -6.35583782029284e-01   2.42354052799899e-01  -4.58617802722793e-02
 -2.75779226019668e+00   7.96497069232826e-02  -3.57691042072544e-01
 -1.76122400233589e+00   2.02389542597268e-01   7.28533780761831e-01
  2.34559189145589e+00   2.46554737294266e-01   9.92448103364221e-01
  2.32858546931493e+00   1.84923760421005e-01   3.60952185063850e-01
  1.06448866826017e+00   2.49142663950123e-01  -4.16522019733290e-01
 -2.72211618752790e+00   1.05395972309477e-01  -7.57325182024896e-01
 -2.08766496309330e+00   1.24562949836380e-01  -8.43207827657823e-01
 -5.98262928535162e-01   2.78906511016423e-01  -6.64176837528202e-01
  3.07165827082050e+00   9.61015269829253e-02  -3.37068313264545e-02
 -3.43979252639902e-01   2.16043748258605e-02  -1.46310778715910e-01
 -3.82574568921092e-02   2.96075606063091e-01  -9.58542418874909e-01
 -1.17215436116642e+00   1.70551029657760e-01   9.15114854791831e-01
  1.03744208062743e+00   3.96570263087641e-02   7.88183630229832e-01
  2.26665605831964e+00   2.56471398305970e-01   9.97413199372632e-01
 -2.79196820228609e+00   2.93468643235905e-01   7.35384963981624e-01
  9.65996512270184e-01   6.03719434736570e-02   6.13974920857816e-01
 -7.90496220477472e-01   1.12030800941617e-01   6.65681675982899e-01
  1.21948574740427e+00   5.93088592594119e-03   9.35978863889071e-01
  1.01952104138477e+00   1.02540605379173e-02   9.91077397654769e-01
  1.13041603505064e+00   1.74916531219259e-01  -9.99603758402468e-01
  8.54210860878859e-01   2.26842491944000e-02   9.95191893173148e-01
  2.62793974544302e+00   2.53362786493509e-01   9.14361274388536e-01
 -1.97077400200622e+00   1.19037359970209e-01  -7.96990551518391e-01
  8.61223865107114e-01   1.63879831074693e-01  -8.13580492826403e-01
  3.81950516895994e-01   1.80502107442666e-01  -4.92866262670854e-01
 -2.49662373250985e+00   7.85244459081948e-02  -6.73046947223868e-01
 -1.59426521795522e+00   6.51795071798335e-02  -9.57366836335550e-01
 -1.05666517404279e+00   6.75148850751508e-02  -4.18181691561117e-01
  2.31262585625422e+00   1.89911302264034e-01   4.17385317680396e-01
  9.32106592494572e-01   2.86222267600346e-01   5.35033136325094e-03
  1.78220137647705e+00   7.30332992634016e-02  -7.02960715530993e-01
 -7.30755895465713e-01   6.46584766003279e-02   8.61674020669140e-03
  1.79723981718924e+00   6.23060302149582e-03   3.32805614070008e-01
 -5.00655847209743e-01   1.27233686416757e-01   9.89086654157143e-01
  7.87440842619712e-01   2.20219666017378e-01  -9.73338994144606e-01
 -2.82345528434724e+00   1.91140492222288e-01  -8.24528518486582e-01
  4.76186061540669e-01   1.38752858163152e-01   5.65606979196794e-02
 -2.42388127085276e+00   1.26899004977302e-01  -9.94683426913587e-01
 -2.18455547020039e+00   1.82772574871227e-01  -1.53384514840469e-01
 -2.39050249412219e-01   2.74482571143765e-01  -9.28229167818193e-01
  1.81700873403531e+00   1.94695000837462e-01  -2.29073328291463e-01
  1.58909850564460e+00   2.36167550669050e-01   1.35191229773679e-01
  1.53952253404942e+00   7.17296050504888e-02  -3.83200388870572e-01
  1.69087931643984e+00   1.63144822194022e-01  -8.18838180305549e-01
  2.40613232213631e+00   2.55796734118929e-01   9.92104652048777e-01
 -2.75161797521062e+00   2.47029330734121e-03   8.09691964001349e-01
  2.34961696854524e+00   1.88612757410133e-01   4.47408857481317e-01
  5.45018510359205e-01   3.65925142191935e-02   9.91812648026878e-01
 -1.24511038755851e-01   6.58771398151643e-02   8.06853398032341e-01
 -3.80176229653562e-01   2.46188465103248e-01  -4.74594890637197e-01
 -9.68589483949515e-01   2.50335533402553e-01   3.11964099648855e-01
 -4.72038805111399e-01   7.80580086048771e-02   5.85612966615276e-01
 -2.96468715106250e+00   2.26237577913246e-02   7.94928646231045e-01
 -2.83634769507462e+00   2.95639779903063e-01   7.15095880157664e-01
 -2.78585242839729e+00   1.30495740602759e-01  -9.29278992210099e-01
  1.20621896801367e+00   1.78642212429651e-01  -9.88888952147296e-01
  2.26812608263942e-01   9.45952525446659e-02   9.26546164292015e-01
 -3.06981384123367e+00   2.32592197857766e-01  -5.89681970988321e-01
 -1.46299987522363e+00   2.32270333993812e-01   9.79413654575157e-01
  2.82908580359497e+00   5.72980511492837e-02  -8.72631888393271e-01
 -1.55575127392878e+00   1.18669746154005e-01  -3.01287916939207e-01
 -1.43746847971223e+00   2.20264680898379e-01   9.99336518237901e-01
 -2.00749513179148e+00   1.84754048454033e-01   1.44941083605618e-01
 -4.20737640435267e-01   2.07650061160149e-01   2.22914467045242e-01
 -2.12729692102042e-01   1.63594818850324e-01   6.17465368279970e-01
  1.33505656677432e+00   1.07244179329178e-01  -6.39124618453857e-01
 -1.12638292605820e-01   2.92580051846503e-01  -9.93086271749732e-01
  2.30842543097894e-01   2.23957286428967e-02   6.66061350863994e-01
  6.75372973239274e-01   8.21226439289709e-02   6.63427929704036e-01
  1.37967404050361e+00   1.58455664097540e-01  -9.97921520647952e-01
 -1.51132566720649e+00   1.14321621203096e-01  -3.08576774936725e-01
 -8.80839762224710e-01   2.08212614200425e-01   7.86637952818846e-01
 -9.37037422382105e-01   1.87345467307477e-01   9.74878709087187e-01
 -1.73099842370986e+00   7.03381342875160e-02  -9.84535885725476e-01
 -5.32801257590167e-01   2.98439255650036e-01  -9.16130896667012e-01
 -8.21938026153761e-01   2.05652759666023e-01   7.58318310726790e-01
 -1.49080703264075e+00   9.12862323058805e-02  -6.26067431332204e-01
  1.62853848912008e+00   1.81281862309053e-01  -6.76505437863477e-01
 -2.06510206723570e+00   6.94248061466975e-02  -9.42531393379206e-01
 -2.57703216484458e+00   7.68753843300870e-02  -5.55972429431707e-01
 -1.38915977453449e+00   2.76604508510130e-01   4.78797918916333e-01
 -1.23878055980664e+00   1.75864866849030e-01   9.11388447188869e-01
  1.04810485521276e+00   2.92648087709924e-01   2.85126986648051e-01
 -1.05235265986902e+00   1.43366853231632e-02  -9.71994317952467e-01
 -2.42409664215929e+00   3.00768447378082e-02  -1.93375743475679e-02
 -4.34886655648342e-01   1.11278420622357e-01   9.48658118248168e-01
 -4.45149292391354e-01   6.98359634544582e-02   5.01636060671240e-01
 -1.79409038220492e+00   2.41070043950577e-01   9.89789462984805e-01
 -2.79303382897035e+00   2.25111273065147e-01  -3.36609168692529e-01
  1.36013528654704e+00   2.12944350489629e-01  -5.68456488936757e-01
 -1.25698001169692e+00   1.97250458650350e-01   9.96299352181625e-01
  2.01093359982934e-01   2.18900411641836e-01  -7.83430172115109e-01
 -1.07454865589000e+00   7.42555925521832e-02  -3.36404794865790e-01
  7.65547995315400e-01   2.05940162696757e-01  -9.98970221451401e-01
  3.30403418328769e-02   2.32751211457918e-01  -7.73750629530133e-01
 -1.78961411690260e+00   2.84622377131340e-01   8.20893409982695e-01
 -1.74212023543217e+00   2.53522628609801e-01   9.89112890051800e-01
  1.10171961310450e+00   1.37919574479804e-02   9.50040214111625e-01
  9.80231303966250e-01   2.39134196504419e-01  -6.64635907811753e-01
  7.36364981690025e-02   1.18882663191670e-02   3.08463101101006e-01
 -2.12810649283356e+00   1.77135086285461e-01  -1.64884321040082e-01
  4.29215370547895e-01   4.55187334489871e-02   9.88883913904136e-01
  1.17083493755409e-01   2.02347810428716e-01  -4.71803055950714e-01
  2.07030034697676e+00   9.20570986621623e-03  -1.20849937050640e-01
 -2.07026335139595e+00   2.90291976869967e-01   9.60020966380655e-01
 -1.66498409826894e+00   2.94698711411869e-01   5.67828200259771e-01
 -2.91753766407932e+00   2.70124436640909e-01   2.36753268714027e-01
 -1.87588541477242e+00   7.29607255471689e-02  -9.99993625409987e-01
 -1.33311745727664e-01   2.92790963234527e-01  -9.95930097111823e-01
  2.69296974887504e+00   1.03191289715223e-01  -4.62320827958671e-01
  1.60571214293211e+00   2.50815990612289e-01   3.99351374492805e-01
  1.21945026226036e+00   1.04900919842608e-01  -4.61702271278834e-01
 -2.63189108785461e+00   2.67801968573257e-01   5.87374628752666e-01
  5.62189361852528e-02   2.75373474906527e-01  -9.97040547585591e-01
 -2.24026347065073e+00   2.66348297775190e-01   9.28523186680967e-01
  4.01789180947147e-01   1.40789728664954e-01   1.32989213618829e-01
 -2.43640518629296e+00   1.81688515815686e-01  -5.22933717734458e-01
  1.99182290178441e+00   6.93884680431409e-03   3.52942663908785e-02
  1.75028890108534e+00   2.07102184078441e-02   1.61594134315792e-01
 -2.94502147599460e+00   2.22081492215128e-01  -5.83524299700183e-01
 -2.12065019026265e+00   3.69436492428239e-02  -5.57884239218090e-01
  1.17489580663500e+00   2.82045275928765e-01   2.93767967124687e-01
 -2.72676044061624e+00   1.21080009975065e-01  -9.00195171191221e-01
 -2.50024404493019e+00   1.78386387142541e-01  -6.46102900365346e-01
 -2.44103042771915e+00   1.60300059686645e-01  -7.97215622084751e-01
 -1.74051330730739e+00   1.86244685442455e-01   5.40806054394173e-01
 -2.46017111175068e+00   1.39439334976245e-01  -9.65616619044828e-01
 -2.31043255601356e+00   1.49622399612328e-01  -7.89018551689506e-01
  1.25204948675757e+00   2.97859800865652e-02   6.84995140944637e-01
  2.84774855061748e+00   2.15255691101679e-01   9.95444629164732e-01
 -3.00984506292428e-01   8.32471262539147e-02   8.25381974918323e-01
  1.10060213838683e+00   1.80650465266939e-01  -9.99685092193125e-01
 -3.10260504057600e-01   7.89826816682940e-02   7.73346238892267e-01
 -1.96324704813473e-01   1.56959871258836e-01   6.84759151142927e-01
  1.15230275825220e+00   2.32377533860069e-01  -5.51651639348832e-01
 -1.45696931983539e+00   1.45832205046308e-01   3.01462328560898e-01
  9.84338352438532e-02   1.98053026649120e-01  -3.80169671105088e-01
 -1.26654049310552e+00   2.78710836318169e-01   2.75747690525297e-01
  9.80662465892725e-01   2.48129347585746e-01  -5.41877227960069e-01
  2.59977174376423e+00   1.20886254519807e-01  -3.12736518189634e-01
  5.53646121122781e-01   2.52551255675844e-01  -9.07645928634314e-01
 -5.08100678656566e-01   2.15020961663657e-01   2.27888879417236e-01
 -3.01596829653104e+00   2.53042841239211e-01  -1.99138048966966e-01
 -1.86620861300770e-01   1.59695215259978e-02  -7.07698617807181e-03
 -3.27858830119372e-01   3.83932820218095e-02   1.63460156424438e-01
  1.65361526686308e+00   2.26300728072685e-01   6.37544203334321e-02
 -3.06579542271758e+00   5.55088742999451e-02   4.87024208322272e-01
 -1.45733900990104e+00   2.96544421094147e-01   2.57913217441504e-01
  1.18891162137498e+00   1.14048319725529e-01  -5.56691062948571e-01
  2.69783194317771e+00   2.16045306873295e-01   9.93291444319689e-01
  6.61626977049639e-02   2.14084967282262e-01  -5.77361744968812e-01
  3.07152833476933e+00   1.04786660286101e-01   1.14235594915280e-01
  1.67142682639660e+00   9.46563031364398e-02  -8.32075555702322e-01
 -1.52199758518670e+00   1.66286626610935e-01   5.29631890482445e-01
  2.41537895487041e+00   9.97506338641484e-02  -8.16766207328799e-01
  3.02323846834522e+00   1.84400248416473e-01   9.85841990716660e-01
  4.15464676667807e-02   1.98012978259791e-01  -2.99305228245688e-01
  9.07162921105742e-01   2.50042467110977e-01  -6.05370253200572e-01
 -1.34094770923377e+00   1.65196984030445e-01   7.25061561743615e-01
  3.03543967057911e+00   4.48513569180527e-02  -8.21307021756643e-01
  2.82401154317264e+00   1.39897497186729e-01   3.36419231784020e-01
 -2.81182626386454e+00   1.36925258876741e-01  -9.53109384986817e-01
  1.57146325860563e-01   2.33963165084837e-01  -8.87368914647896e-01
  9.81624904041241e-01   2.05326568755741e-01  -9.64237446986633e-01
  9.08063098153435e-01   9.23990012359350e-03   9.98708468038811e-01
 -9.60998443855111e-01   2.60470239972349e-01   1.32322856357221e-01
 -2.44869731109171e+00   2.17760554331729e-01   4.75792847560324e-02
  3.03511811711964e+00   1.07515578384588e-02  -9.99712286359856e-01
 -2.32987065531695e+00   8.08280413396574e-02  -8.56169239776401e-01
  6.07460316013266e-01   2.14668884089319e-01  -9.91118150983384e-01
  1.38870402929905e+00   2.85122914644817e-01   6.22132081503025e-01
 -2.32202407179115e+00   2.99294808824177e-01   9.98206533550073e-01
 -1.09618559767922e+00   1.09900015507896e-01   2.31351263994459e-01
  1.42983893841487e+00   1.76130119300686e-02   6.41075987070650e-01
 -1.90753060187398e+00   3.69985023750119e-02  -7.91005565783440e-01
  4.20439694853078e-01   2.61195185505063e-01  -9.28280169830262e-01
  1.06009094815238e+00   1.60328076380698e-01  -9.27586159006465e-01
 -1.01606222087260e+00   2.75721803453737e-01  -4.52640456133483e-02
  2.40505710691549e+00   1.03616466292971e-01  -7.86558050175998e-01
  1.30162233729505e+00   2.80469070194177e-01   4.45135168059697e-01
 -2.31866843844353e+00   5.94517094976506e-03   2.32678806993291e-01
 -1.40146981333832e+00   2.42062537083765e-03  -8.82309448862067e-01
  5.31976215816634e-01   6.63653766414284e-02   9.35514876940503e-01
  2.77196907695519e+00   2.68250393293340e-01   6.31522217683691e-01
  1.73350443346616e+00   6.51964934169304e-02  -5.41825223416808e-01
 -1.18678210027649e+00   7.54089613357370e-02  -4.72160742748022e-01
  2.88999421419979e+00   1.23007227377476e-01   1.52897724210195e-01
  2.52634675177482e+00   1.77880034835404e-01   5.18915668105486e-01
 -3.45243987167350e-01   9.04218804573741e-02   8.55790315559350e-01
 -1.50136220954081e+00   6.31925614129977e-02  -9.21660704920404e-01
 -1.15665851088011e+00   1.94403634990519e-01   9.99875431089641e-01
  6.77717875616018e-01   1.33383074798264e-01  -1.53351534753209e-01
 -1.94834520317154e+00   1.74674937082787e-03  -2.46357098431580e-01
 -1.52643270844527e+00   5.67101526643443e-02  -9.68889312883688e-01
 -7.69432706731960e-01   1.81967533864910e-01   9.27120874478432e-01
  1.05189926613165e+00   2.81882834765331e-01   1.10668929909493e-01
  1.27667707912638e+00   5.02985413396119e-02   3.58984182288683e-01
 -2.68491469837472e+00   1.01962386239323e-01  -7.55451906807863e-01
  1.02485082515650e+00   1.88909631005592e-01  -9.98617706118788e-01
 -8.00836715195556e-02   4.37379860722533e-02   5.86862962343453e-01
 -2.18323909459802e+00   1.23587086384803e-01  -9.18099054336166e-01
  2.49765979090579e+00   1.29338135065762e-01  -3.21044656500522e-01
 -7.17416823946797e-01   2.58434226946552e-01  -1.96584438191462e-01
 -1.46223866952704e+00   2.30599116585876e-01   9.84578582718230e-01
  2.54796750312667e+00   1.80236529650037e-01   5.79631194387681e-01
  2.03539413534382e+00   1.24911462679035e-02  -1.24596839394813e-01
 -2.00416430339848e+00   1.29348506919082e-01  -7.14707594164472e-01
  3.03198059984617e+00   5.73618796222304e-02  -6.85385462492588e-01
  1.21553462342489e+00   1.43307345721911e-01  -9.04518669925075e-01
 -1.65385383194687e+00   2.94603755698363e-01   5.55356877786915e-01
  5.89889991333888e-01   1.40363731626783e-01  -1.41016677481139e-01
 -3.03991648042491e+00   2.85439091698092e-01   3.11831233953093e-01
 -2.42147890339673e+00   7.09760336535605e-02  -6.60936774547144e-01
 -1.90095933978549e+00   1.95110353007917e-01   4.63733243841189e-01
 -2.42011202712364e+00   7.62602814508539e-02  -7.27316016150841e-01
 -1.80161224492144e-01   4.65617908858036e-03  -1.89533145417725e-01
 -2.50203150065852e+00   1.00718558511779e-01  -8.95439027999619e-01
  2.83937666937792e+00   4.97809913128762e-02  -9.22135788066541e-01
  5.72117050647899e-01   2.28876457420669e-01  -9.98412452290898e-01
 -8.19087603561868e-01   1.06896462695305e-02  -8.65420384285905e-01
 -1.08613205837386e+00   2.11279477672658e-01   9.17155284668774e-01
  4.49910806566691e-01   5.85438438428969e-02   9.94560858542174e-01
  1.00354617288920e+00   1.51826326756741e-01  -8.17940347636049e-01
 -2.27908301258958e+00   7.97141785009062e-02  -8.84284553447220e-01
  9.53588321450427e-03   2.56508445673218e-01  -9.50673032463136e-01
 -1.05236880470247e+00   6.04735109234392e-02  -5.18680230215623e-01
 -1.62525625646636e+00   1.70677179123112e-01   4.60266383339881e-01
  1.94917744377921e+00   2.40209378177662e-01   6.77812486981412e-01
 -1.42216893136954e-01   2.62771243848940e-01  -9.06439195268472e-01
 -1.77424550295432e-01   5.28167024832088e-02   5.94212387712352e-01
  1.88652996034707e+00   1.29004803282903e-01  -9.48739125340913e-01
  7.75154293976276e-01   1.71287703209783e-01  -8.12104530991492e-01
  1.93000194801556e+00   1.24892737854350e-01  -9.50323284341234e-01
 -9.77551797402720e-01   7.98682715840196e-02  -1.01528160674088e-01
 -5.39774500016008e-01   7.90276442338849e-02   5.14650215732602e-01
 -1.50742313281709e+00   1.51505694886356e-01   3.21659996371676e-01
  1.90262175920303e+00   9.10879884835628e-02  -9.54704071934457e-01
  2.39686864964448e+00   2.36458572190838e-02  -7.56354318776659e-01
 -2.01222770630258e+00   8.67102739199698e-02  -9.99422698378970e-01
  2.75461883495987e+00   8.55368292112552e-02  -6.36367598289406e-01
  2.99248595203963e+00   1.81990259981367e-01   9.67466629864750e-01
 -5.29285158200142e-01   3.15159717779810e-02  -2.52678715772880e-01
 -1.77485037772622e-01   1.74252255144856e-01   4.17377094915354e-01
 -9.38091192591028e-01   9.72581368998160e-02   2.51867671301064e-01
 -7.12560743690523e-01   1.81509611414067e-02  -6.87989409992910e-01
  2.29529419951175e+00   2.37352010713658e-01   9.37417322718115e-01
 -1.98050190429353e+00   2.66159254835483e-01   9.99981812308520e-01
  6.31897186216255e-01   1.79630523452050e-01  -7.67805620179673e-01
  1.21570493954864e-01   1.98853055653468e-01  -4.24449638453258e-01
  2.58254797545885e+00   9.68743507863147e-02  -6.84687058378237e-01
  2.56616186368625e+00   2.87544647631997e-01   6.15141389453381e-01
  2.49694351797595e+00   1.90485522953332e-01   6.57016013071718e-01
 -2.12486288803803e+00   2.22946710740458e-01   5.82628622262949e-01
  9.93174466993443e-01   5.95264257879776e-02   5.92989242177460e-01
  3.96675112655043e-02   1.46903582061594e-01   5.41403864804329e-01
 -2.69640542630948e-01   2.34677320414655e-01  -4.47196559027330e-01
  1.47889864140500e+00   2.60097408442347e-01   3.70150218472627e-01
  7.88000595742988e-01   7.24797381317794e-02   6.60291984622512e-01
  2.12936092530891e+00   2.45735125292131e-01   8.95463366952450e-01
 -1.05096417254197e+00   2.13015219333177e-01   8.81237622200916e-01
  2.04352274488871e-01   2.48669248813349e-01  -9.87683069354575e-01
  1.59728607861697e+00   2.05809548923681e-01  -3.62367794982813e-01
  2.94148457544580e+00   6.57436024713598e-02  -6.79930141230181e-01
  2.18263125930040e+00   2.34385392685597e-01   8.39007037392385e-01
  1.89790965477792e+00   6.36549150718932e-02  -7.12374400814100e-01
  2.45116231569755e+00   2.43504468786035e-01   9.99859955989401e-01
 -1.48643482897520e+00   2.85218331101028e-01   4.77689022934261e-01
 -1.31956932302407e+00   2.99352963388231e-01   6.22057511599568e-03
 -4.73217116403565e-01   1.28452993530673e-01   9.96314391565530e-01
 -1.78911745705115e+00   2.71742500319760e-01   9.25477216784582e-01
  2.59773918562862e-01   5.87586593272247e-02   9.84343115731041e-01
 -1.06324656638975e+00   7.77821884740538e-02  -2.62766397229753e-01
 -2.37535212982139e+00   5.61336407686902e-02  -5.12127836746201e-01
  1.74901059659746e+00   1.63421647392136e-01  -7.62686905541371e-01
 -7.32853268117945e-01   4.42732703078621e-02  -3.36153346489014e-01
 -1.09063238546470e+00   2.77624396981670e-01   3.40615467367463e-02
  7.68545804198661e-01   1.30440510279563e-01  -2.37629249725308e-01
 -2.08671516636855e+00   6.42999952288004e-02  -8.95763420576889e-01
 -3.93476355243991e-01   2.18546138794230e-01  -2.25847992877913e-03
 -1.96805380704710e+00   2.12499373493304e-01   6.27758532893626e-01
  1.71231086684759e-01   1.29669267312900e-01   6.20378359666091e-01
  1.43230943387723e+00   1.86728312524787e-01  -8.10082540149299e-01
 -1.12105673898190e+00   1.14203631875846e-01   2.66433626493274e-01
  1.12599710083779e+00   1.30102372306633e-01  -6.96367804782478e-01
  1.40680746016485e+00   5.27846267989837e-02   1.29144918874183e-01
 -2.71815107773859e+00   8.10339459795728e-02  -4.33981061814761e-01
  1.38250358994493e+00   5.08468423614139e-02   1.97759055472713e-01
  1.37718314882879e+00   2.12733314112374e-01  -5.50249052517157e-01
 -1.53205776143134e+00   2.10369481646931e-01   9.62554574379252e-01
  3.91905770227423e-01   1.02636176211044e-01   7.17424856723846e-01
  5.77782851569144e-01   2.67346791085910e-01  -7.50382441917246e-01
  1.63641097442177e+00   2.35210502372357e-01   1.89077972798342e-01
  4.15997184290319e-01   3.58655000497627e-02   9.44737013925832e-01
 -1.68542962877824e+00   1.54416352222155e-01   1.09980767294481e-01
  6.81809738186372e-01   1.85081563712152e-01  -8.64127425803322e-01
  1.50366357466495e+00   8.07597626055811e-02  -4.73939213594415e-01
 -7.69097472555435e-01   1.25556453905426e-01   8.36904735998552e-01
  1.03743086205267e+00   2.77862550372880e-01   2.05017186739930e-02
  2.34622507307947e+00   8.24745352835318e-02  -9.76740395310544e-01
  1.66212381713407e+00   4.43232798820212e-03   5.41883418191747e-01
  2.82825640029181e+00   1.52480340463823e-01   5.34967146059454e-01
 -1.00245146660535e+00   1.30682677687982e-01   6.66242605706797e-01
 -1.53170017855273e+00   2.53148597308739e-01   8.97409200495349e-01
  4.97126576138863e-01   7.29055820750801e-04   6.87576754551912e-01
 -8.68453514154410e-03   2.41066694760813e-01  -8.21610805328627e-01
 -3.01508248441835e+00   1.21032850294056e-01  -6.34165411438808e-01
 -2.00682314786531e+00   1.10453727349209e-01  -9.01416096917155e-01
  7.91108423546668e-01   1.61228825332749e-02   9.94102403006172e-01
 -3.11067871178331e-01   1.11982695016127e-02  -2.71805698206567e-01
  8.13669290286664e-01   1.12072244595785e-02   9.87416733649758e-01
  1.85950647020141e+00   2.15483939507079e-01   1.86717207894979e-01
 -1.09021077383307e+00   1.21339531541781e-01   4.24023597846496e-01
 -5.31276865684246e-01   6.10867682413594e-02   2.44311298799720e-01
  8.97464425299066e-01   2.92178347506159e-01   5.51243591827834e-02
 -1.34501396675499e+00   2.50106200052042e-01   7.74430671996075e-01
 -2.21235801274701e+00   1.60113428122624e-01  -5.50404785970244e-01
  2.77763818343032e+00   1.13199862692095e-01  -1.81589174635877e-01
  1.05702726834126e+00   2.44698496748630e-01  -4.94049440443025e-01
  2.52513390881823e+00   2.83616981255415e-01   7.11207977500622e-01
  2.30471001258270e+00   2.07905868972058e-03  -3.43832343569414e-01
 -2.82771369877977e+00   7.80062649251098e-03   8.23013963339864e-01
  7.71394214075712e-01   7.81859291226779e-02   6.04088377049454e-01
  1.33595740787284e+00   2.67243938132227e-01   2.82945798773345e-01
  6.80355142362516e-01   1.97845095052913e-01  -9.51878791360907e-01
  1.61709252474847e+00   2.20819112828779e-01  -8.45439187298586e-02
  9.95940797462264e-01   1.58809491607117e-01  -8.75141217280896e-01
  1.61107472947980e+00   2.29425866968999e-01   5.33574601840517e-02
  2.65439124709957e+00   1.88468746737532e-01   7.94732536272849e-01
 -1.08066222818368e+00   1.08965431262371e-01   2.38463311110317e-01
  4.47929291368073e-01   1.70366895086753e-01  -4.27006237199140e-01
 -2.91776533929225e+00   8.99566481469268e-02  -2.97371391112502e-01
 -2.91639624144711e+00   1.50823040167421e-01  -9.74380817511895e-01
  2.67884178964289e+00   1.18296399955625e-01  -2.41312144433220e-01
 -3.71845026132344e-01   2.19275908748843e-01  -4.71567842573972e-02
 -1.74133497431589e+00   2.98071807215726e-01   6.13716158196080e-01
  2.42554187585406e+00   1.51531174612173e-01  -5.57913306994591e-02
  8.96972031494740e-01   2.10311218168131e-01  -9.74473305987787e-01
  3.02090754825709e+00   9.89897699964209e-02  -6.04540772629257e-02
  2.75836182763770e+00   2.93859783744819e-01   2.63226684189345e-01
 -2.19131790237621e+00   4.45411557408341e-02  -5.77483754189808e-01
  1.46783816207371e+00   1.84720846968455e-01  -7.98800807079444e-01
  1.82853340197586e+00   2.10231361405806e-01   5.15917827684293e-02
  6.14340573771650e-02   2.92453916257954e-01  -9.29916187639160e-01
 -2.59920122185293e+00   1.56141334566726e-01  -9.42816151989200e-01
  2.47588326716793e+00   2.79569763658726e-01   8.04148465894158e-01
  3.82179129055218e-01   5.94895774022990e-02   9.99821257257746e-01
  2.26769491153482e+00   7.40439870609720e-02  -9.98954306179917e-01
 -5.66747173527304e-01   2.54478332252456e-01  -3.48797264882609e-01
 -1.28541379659331e+00   1.86195844931001e-01   9.49991873954669e-01
  8.04552866140760e-01   2.27328014477819e-01  -9.29200545409929e-01
 -5.35650809725783e-01   1.55967151664698e-01   9.58080021148015e-01
  1.33775220855339e+00   2.82194273702277e-01   5.18415293367978e-01
 -1.81085791878226e+00   1.03958705014256e-01  -8.07590503154123e-01
  9.76612382384635e-01   2.14417259923503e-01  -9.14692670716332e-01
 -1.84521467431680e+00   2.19368849669691e-01   8.30664686769955e-01
 -3.04268267089537e+00   1.85368017289033e-03   9.83837097097073e-01
  2.61001970964304e+00   1.61101654779490e-01   3.75018806937086e-01
  7.24782948886345e-01   2.75699731520880e-01  -4.66582095042802e-01
 -7.55976617392838e-01   1.43163725903501e-01   9.66729817776504e-01
  4.71310526990432e-02   1.73902279479367e-01   9.94479408192200e-02
  1.60671928698272e+00   2.61298829598456e-01   5.57547947245468e-01
 -1.40223012837136e+00   2.75621363989789e-01   5.10433168220157e-01
 -2.11194250689881e+00   1.03898310979004e-01  -9.84185152856185e-01
 -2.39104053355509e+00   1.20622503522710e-01  -9.98979372993770e-01
 -2.71172485638536e+00   8.58292457738343e-02  -5.14546344646792e-01
 -2.54504143721046e+00   2.92896575089674e-01   9.27193792094327e-01
  1.55302018591830e+00   7.57528689115604e-02  -4.63770562054407e-01
 -6.67482604697174e-02   1.61423322872782e-01   4.65010293856099e-01
 -1.21791772567199e+00   1.84985808476977e-01   9.72042730085729e-01
 -2.32891264823835e+00   2.84666718503216e-01   9.79993493023827e-01
  2.19046399005544e+00   1.76607663273121e-01   2.00168376643992e-02
  2.63694392594869e+00   1.40738709912106e-01   7.68076618694665e-02
  1.18179420869025e+00   2.92231117640271e-01   4.64038284068164e-01
  6.56618410973000e-01   5.55861861849407e-02   9.34525309950803e-01
  9.36735414707119e-01   1.98491873920099e-01  -9.96462831192369e-01
 -1.40546331127847e+00   2.73590720222458e-01   5.44030873429637e-01
  8.06277656496659e-01   2.47820729292354e-01  -7.44322204965486e-01
 -1.63144637569908e+00   9.97974288885653e-02  -6.75790721173081e-01
 -7.26162783072888e-02   2.55275151345539e-01  -8.96186477233825e-01
  1.46551634584288e+00   1.14637137426291e-01  -8.49672987031462e-01
 -1.68398290005857e+00   1.06157903779076e-01  -6.53475640477139e-01
 -1.79709520603749e+00   2.37856048677713e-01   9.79577790961954e-01
  2.58017674962894e+00   1.03924763001728e-01  -5.95002032368056e-01
  8.83652173548484e-01   4.99515973090743e-02   8.20705389173776e-01
 -1.18884191354050e+00   1.34466858891434e-01   4.91864121923273e-01
 -1.15536147850096e+00   4.17427546587437e-02  -8.52018053523962e-01
 -2.73127600067947e+00   2.21310934243904e-01  -3.10395648800091e-01
  7.90591577815109e-01   2.10395248658130e-01  -9.97668567001743e-01
  4.18918963487549e-01   9.47805642140429e-03   7.10578413681099e-01
 -1.87427514728877e+00   5.11955335215817e-02  -9.33804737462632e-01
 -3.02119598972521e+00   2.03568554521209e-01  -8.69225857618176e-01
 -1.12201444484499e+00   1.44187441458705e-02  -9.91017726017383e-01
  1.41645425791395e+00   2.73643986214968e-01   4.94239784642151e-01
 -1.12232093644497e+00   9.71483066462909e-02  -2.36093152233018e-02
 -5.71434448665857e-02   8.44170920916283e-02   9.77153915038949e-01
  2.36147872633892e+00   1.64000104247710e-01   6.10902512142149e-02
 -6.17206925110064e-01   1.60168345645392e-01   9.71333308867664e-01
 -1.67166640113483e+00   1.65877152052328e-01   3.20888123472422e-01
 -9.85621031655529e-01   6.32368592594962e-02  -3.87548269045493e-01
  1.47532017624833e+00   2.88475086551710e-01   7.56969090956040e-01
  1.82511158913368e+00   1.78561834618680e-01  -4.74698617129732e-01
  3.77194648145239e-01   3.77087750141338e-02   9.35644856108032e-01
 -1.47371682288772e+00   9.11066163542969e-02  -6.08312937988663e-01
  1.46606987171796e+00   1.13459029126498e-01  -8.39338948304409e-01
  8.17290462924926e-01   8.61268105584283e-02   4.29645046681912e-01
  8.92429814737985e-01   1.66787072325237e-01  -8.65809328423446e-01
 -2.69260765037151e+00   2.19849535084195e-01  -2.78830465055392e-01
 -1.06278308161193e+00   5.95598538598870e-02  -5.45125396370157e-01
  2.61506080417688e-02   1.94010419939463e-01  -2.10887869635673e-01
 -6.84372449184410e-01   1.22320142722996e-01   8.74010483357445e-01
 -1.16051862171949e-01   2.60032904760384e-01  -9.03229238954934e-01
  2.24253627005105e+00   7.06243434279221e-02  -9.89948870985229e-01
 -2.65675910545742e+00   1.82414021583593e-01  -7.63311797339861e-01
 -6.20170117746395e-01   1.96221624179240e-01   6.58796124498612e-01
  3.06351205292039e+00   2.87814950666999e-01  -8.79645390249936e-02
 -7.54887893788341e-01   1.28544819692496e-01   8.74292781194600e-01
 -1.07881929510522e+00   1.93581452951963e-01   9.92987638468834e-01
 -2.60930923148046e+00   2.53320761797342e-01   4.02511587018110e-01
 -1.48542078691425e+00   2.06458685229263e-02  -9.53972741349477e-01
 -2.86695471419176e-01   1.85313218896701e-01   3.94373306707290e-01
 -2.73629667984170e+00   2.30962828898700e-01  -1.57569144031295e-01
 -1.26737284146166e+00   1.94820321792581e-01   9.89768991436526e-01
  1.63430869831398e+00   3.68926065656201e-02   5.97492283984205e-02
  5.33626690749047e-01   1.17578909859864e-01   3.26129880983477e-01
 -2.84703522834772e+00   2.75216156755589e-01   4.18481934085452e-01
 -2.12584982668834e+00   1.81757749137767e-01  -8.31769895224487e-02
 -8.41731924273535e-01   1.59099122641253e-01   9.93390589951693e-01
 -1.23737612905277e+00   2.08570437198763e-02  -9.97473866047563e-01
  1.24502836824052e-01   2.52117769165188e-01  -9.76339249123126e-01
 -1.90026136758490e+00   9.63595276781697e-02  -9.33480764155523e-01
  3.05835119291984e+00   2.73864818882805e-01   1.57357252929822e-01
 -5.22438226314410e-01   2.73402986812051e-01  -6.78777317872547e-01
  1.88968115852647e+00   2.30393417495527e-01   4.68704785927066e-01
 -2.61610908877465e+00   2.72940834059894e-01   6.73760767928132e-01
 -1.53173974182357e+00   9.73769055820708e-02  -5.92238309120987e-01
  2.43831432206676e+00   2.81744416761554e-01   8.15411088503115e-01
  1.12064437729083e+00   2.47751457303000e-01  -3.60825459021233e-01
  1.72633359286589e+00   5.40598884099091e-02  -3.63080240068709e-01
  1.40944241384696e+00   1.40034684625398e-01  -9.78938363752907e-01
  4.08831971433253e-01   9.96521983969618e-02   7.35018159665892e-01
 -4.84079986664484e-01   6.73550680675196e-03  -5.73717562383331e-01
 -2.27536966745372e-01   6.79016682019240e-02   7.30366399218452e-01
 -2.63273733396550e+00   2.21135606118619e-01  -1.69967664189327e-01
 -2.84932267259249e-01   1.89714489210650e-01   3.21715873985312e-01
 -8.70495489268735e-01   2.68322555979401e-01  -1.36776438878237e-01
 -2.58279349004422e+00   1.68518876080875e-01  -8.38697568561235e-01
 -9.86203330434968e-01   2.01111579214163e-01   9.26392834185993e-01
  2.55070136802451e+00   1.39822541581659e-01  -6.80813449570889e-02
  2.04308631341422e+00   2.09027566534792e-01   3.45598115873620e-01
  2.13913187545654e-01   1.36426857350837e-02   5.26065800989835e-01
 -1.56279932417610e+00   8.43679695917474e-02  -7.84998143850782e-01
 -2.32122451484970e+00   2.76541930583329e-01   9.46799636420038e-01
  1.95916537822950e+00   2.56703237893648e-01   8.63202089340600e-01
 -2.26773260045161e+00   8.69139468654680e-02  -9.40805844913613e-01
 -3.02796572854102e+00   2.59698086547155e-01  -1.04571786608424e-01
 -1.83925194195207e-02   1.85771651640120e-01  -4.90137685087844e-03
  1.94527573448809e+00   9.60543332645396e-02  -9.88273000534674e-01
  1.18393100388099e+00   2.21450344598858e-01  -6.62088433405402e-01
  7.10779379859732e-01   1.45349634403147e-01  -3.96784557449680e-01
 -9.47157782805914e-02   1.68387304302395e-01   3.95499256625541e-01
  2.85766476493250e+00   6.90960719298937e-02  -7.28491254852244e-01
 -2.89486519535389e+00   1.57124943252930e-01  -9.96228782825887e-01
 -2.96386470011380e+00   2.41050818064684e-01  -3.21409734989954e-01
  9.19732914239964e-01   2.06889118602925e-01  -9.79646219732111e-01
  1.60425070509324e+00   2.01417369185424e-01  -4.21777348340952e-01
  2.04596835846953e+00   7.27392057633766e-02  -9.20819799115127e-01
  1.85139789362731e+00   2.77635176004437e-01   9.44991559799188e-01
  1.95380759557788e+00   1.50766852774694e-01  -7.00773286840142e-01
  8.79656979638407e-01   2.89670583473186e-01  -1.44058545927999e-02
  1.50766604853004e+00   2.79241556283155e-01   6.81212467610962e-01
  2.37573399023435e+00   9.46385557388090e-02  -8.92381834113105e-01
  7.50817224828475e-01   5.08085626138647e-02   9.11639160023374e-01
 -1.60885494905862e+00   2.56419230251768e-01   9.22192546308144e-01
 -1.48927211912226e+00   2.59520196131976e-01   8.08356510503720e-01
