# DNNF90 training history: one row per validation event
#  1:epoch  2:patience
#  3:cost_train    4:cost_val    5:cost_input   (per point;
#    the composite objective, Loss_term weights applied --
#    the same sum the optimizer descends)
#  6:cost_train_f  7:cost_train_df  8:cost_val_f  9:cost_val_df
# 10:cost_input_f 11:cost_input_df
# 12:rmse_train_f 13:rmse_train_df 14:rmse_val_f 15:rmse_val_df
# 16:rmse_input_f 17:rmse_input_df
# 18:mae_train_f  19:mae_train_df  20:mae_val_f  21:mae_val_df
# 22:mae_input_f  23:mae_input_df
# 24..: the same 21 metrics for each loss term in turn (2 terms: columns 24-44 are term 1, 45-65 term 2, ...)
1  0    0.10024E+00    0.96483E-01    0.99938E-01    0.91310E-01    0.89339E+01    0.87492E-01    0.89908E+01    0.91000E-01    0.89385E+01    0.98004E+00    0.42270E+01    0.93810E+00    0.42405E+01    0.97670E+00    0.42281E+01    0.79798E+00    0.23847E+01    0.76168E+00    0.26885E+01    0.79503E+00    0.24094E+01    0.47991E+00    0.58328E+00    0.48665E+00    0.47991E+00    0.00000E+00    0.58328E+00    0.00000E+00    0.48665E+00    0.00000E+00    0.97970E+00    0.00000E+00    0.10801E+01    0.00000E+00    0.98656E+00    0.00000E+00    0.76255E+00    0.00000E+00    0.80666E+00    0.00000E+00    0.76543E+00    0.00000E+00    0.11033E-01    0.10577E-01    0.10994E-01    0.00000E+00    0.11033E+02    0.00000E+00    0.10577E+02    0.00000E+00    0.10994E+02    0.98012E+00    0.46975E+01    0.91076E+00    0.45994E+01    0.97442E+00    0.46892E+01    0.80630E+00    0.29450E+01    0.75374E+00    0.31630E+01    0.80184E+00    0.29635E+01
500  0    0.39707E-01    0.42870E-01    0.39964E-01    0.38952E-01    0.75487E+00    0.42119E-01    0.75173E+00    0.39209E-01    0.75462E+00    0.73510E+00    0.12287E+01    0.71780E+00    0.12262E+01    0.73371E+00    0.12285E+01    0.64660E+00    0.87025E+00    0.64005E+00    0.87043E+00    0.64607E+00    0.87027E+00    0.20472E+00    0.28079E+00    0.20968E+00    0.20472E+00    0.00000E+00    0.28079E+00    0.00000E+00    0.20968E+00    0.00000E+00    0.63988E+00    0.00000E+00    0.74939E+00    0.00000E+00    0.64759E+00    0.00000E+00    0.56641E+00    0.00000E+00    0.68244E+00    0.00000E+00    0.57397E+00    0.00000E+00    0.93225E-03    0.88439E-03    0.92818E-03    0.00000E+00    0.93225E+00    0.00000E+00    0.88439E+00    0.00000E+00    0.92818E+00    0.75574E+00    0.13655E+01    0.71207E+00    0.13300E+01    0.75212E+00    0.13625E+01    0.66544E+00    0.10747E+01    0.63257E+00    0.10240E+01    0.66265E+00    0.10704E+01
1000  0    0.32941E-01    0.36621E-01    0.33240E-01    0.31959E-01    0.98189E+00    0.35718E-01    0.90277E+00    0.32264E-01    0.97545E+00    0.80778E+00    0.14013E+01    0.78721E+00    0.13437E+01    0.80613E+00    0.13967E+01    0.68919E+00    0.10673E+01    0.66709E+00    0.10608E+01    0.68740E+00    0.10668E+01    0.16797E+00    0.23812E+00    0.17254E+00    0.16797E+00    0.00000E+00    0.23812E+00    0.00000E+00    0.17254E+00    0.00000E+00    0.57960E+00    0.00000E+00    0.69010E+00    0.00000E+00    0.58744E+00    0.00000E+00    0.50621E+00    0.00000E+00    0.61693E+00    0.00000E+00    0.51343E+00    0.00000E+00    0.12126E-02    0.10621E-02    0.11998E-02    0.00000E+00    0.12126E+01    0.00000E+00    0.10621E+01    0.00000E+00    0.11998E+01    0.85258E+00    0.15573E+01    0.80313E+00    0.14574E+01    0.84849E+00    0.15491E+01    0.73219E+00    0.13181E+01    0.67594E+00    0.12480E+01    0.72741E+00    0.13121E+01
1500  0    0.16796E-01    0.17776E-01    0.16876E-01    0.14883E-01    0.19136E+01    0.15204E-01    0.25722E+01    0.14909E-01    0.19672E+01    0.90567E+00    0.19563E+01    0.87878E+00    0.22681E+01    0.90352E+00    0.19835E+01    0.71932E+00    0.11837E+01    0.68716E+00    0.14321E+01    0.71670E+00    0.12039E+01    0.78221E-01    0.10136E+00    0.79730E-01    0.78221E-01    0.00000E+00    0.10136E+00    0.00000E+00    0.79730E-01    0.00000E+00    0.39553E+00    0.00000E+00    0.45024E+00    0.00000E+00    0.39932E+00    0.00000E+00    0.34031E+00    0.00000E+00    0.39496E+00    0.00000E+00    0.34387E+00    0.00000E+00    0.23633E-02    0.30261E-02    0.24196E-02    0.00000E+00    0.23633E+01    0.00000E+00    0.30261E+01    0.00000E+00    0.24196E+01    0.98804E+00    0.21741E+01    0.93422E+00    0.24601E+01    0.98358E+00    0.21998E+01    0.80837E+00    0.14618E+01    0.73872E+00    0.16848E+01    0.80245E+00    0.14808E+01
2000  0    0.11537E-01    0.70251E-02    0.11170E-01    0.89756E-02    0.25612E+01    0.57077E-02    0.13174E+01    0.87099E-02    0.24601E+01    0.79330E+00    0.22633E+01    0.74794E+00    0.16232E+01    0.78971E+00    0.22181E+01    0.62029E+00    0.11948E+01    0.55800E+00    0.11207E+01    0.61522E+00    0.11887E+01    0.47174E-01    0.38051E-01    0.46579E-01    0.47174E-01    0.00000E+00    0.38051E-01    0.00000E+00    0.46579E-01    0.00000E+00    0.30716E+00    0.00000E+00    0.27587E+00    0.00000E+00    0.30522E+00    0.00000E+00    0.25027E+00    0.00000E+00    0.21062E+00    0.00000E+00    0.24768E+00    0.00000E+00    0.31630E-02    0.15499E-02    0.30259E-02    0.00000E+00    0.31630E+01    0.00000E+00    0.15499E+01    0.00000E+00    0.30259E+01    0.86893E+00    0.25152E+01    0.80293E+00    0.17606E+01    0.86352E+00    0.24600E+01    0.70723E+00    0.14755E+01    0.61930E+00    0.13184E+01    0.69976E+00    0.14621E+01
2500  0    0.99412E-02    0.60082E-02    0.96214E-02    0.71369E-02    0.28043E+01    0.43320E-02    0.16762E+01    0.69089E-02    0.27125E+01    0.78165E+00    0.23682E+01    0.72190E+00    0.18309E+01    0.77696E+00    0.23292E+01    0.60491E+00    0.13075E+01    0.52540E+00    0.13425E+01    0.59844E+00    0.13104E+01    0.37510E-01    0.28880E-01    0.36948E-01    0.37510E-01    0.00000E+00    0.28880E-01    0.00000E+00    0.36948E-01    0.00000E+00    0.27390E+00    0.00000E+00    0.24033E+00    0.00000E+00    0.27184E+00    0.00000E+00    0.22056E+00    0.00000E+00    0.18574E+00    0.00000E+00    0.21829E+00    0.00000E+00    0.34632E-02    0.19720E-02    0.33364E-02    0.00000E+00    0.34632E+01    0.00000E+00    0.19720E+01    0.00000E+00    0.33364E+01    0.85843E+00    0.26318E+01    0.77647E+00    0.19859E+01    0.85177E+00    0.25832E+01    0.69522E+00    0.16147E+01    0.58534E+00    0.15794E+01    0.68588E+00    0.16117E+01
3000  1    0.87728E-02    0.74024E-02    0.86613E-02    0.62142E-02    0.25586E+01    0.56754E-02    0.17270E+01    0.61704E-02    0.24910E+01    0.76889E+00    0.22621E+01    0.73173E+00    0.18585E+01    0.76593E+00    0.22320E+01    0.59741E+00    0.13354E+01    0.54283E+00    0.13619E+01    0.59297E+00    0.13376E+01    0.32661E-01    0.37836E-01    0.32998E-01    0.32661E-01    0.00000E+00    0.37836E-01    0.00000E+00    0.32998E-01    0.00000E+00    0.25558E+00    0.00000E+00    0.27509E+00    0.00000E+00    0.25690E+00    0.00000E+00    0.21371E+00    0.00000E+00    0.21607E+00    0.00000E+00    0.21386E+00    0.00000E+00    0.31598E-02    0.20317E-02    0.30639E-02    0.00000E+00    0.31598E+01    0.00000E+00    0.20317E+01    0.00000E+00    0.30639E+01    0.84543E+00    0.25139E+01    0.78521E+00    0.20158E+01    0.84048E+00    0.24754E+01    0.68757E+00    0.16492E+01    0.60050E+00    0.16022E+01    0.68017E+00    0.16452E+01
3500  2    0.90914E-02    0.10335E-01    0.91925E-02    0.61418E-02    0.29496E+01    0.66032E-02    0.37320E+01    0.61793E-02    0.30132E+01    0.81296E+00    0.24288E+01    0.78056E+00    0.27320E+01    0.81037E+00    0.24549E+01    0.62242E+00    0.13613E+01    0.58827E+00    0.18082E+01    0.61965E+00    0.13976E+01    0.32280E-01    0.44022E-01    0.33046E-01    0.32280E-01    0.00000E+00    0.44022E-01    0.00000E+00    0.33046E-01    0.00000E+00    0.25409E+00    0.00000E+00    0.29672E+00    0.00000E+00    0.25708E+00    0.00000E+00    0.19621E+00    0.00000E+00    0.21812E+00    0.00000E+00    0.19764E+00    0.00000E+00    0.36426E-02    0.43905E-02    0.37062E-02    0.00000E+00    0.36426E+01    0.00000E+00    0.43905E+01    0.00000E+00    0.37062E+01    0.89500E+00    0.26991E+01    0.83741E+00    0.29633E+01    0.89025E+00    0.27226E+01    0.72257E+00    0.16811E+01    0.65359E+00    0.21273E+01    0.71671E+00    0.17191E+01
4000  3    0.82965E-02    0.95348E-02    0.83972E-02    0.57237E-02    0.25728E+01    0.60220E-02    0.35128E+01    0.57480E-02    0.26492E+01    0.77025E+00    0.22684E+01    0.72968E+00    0.26506E+01    0.76703E+00    0.23018E+01    0.59106E+00    0.12205E+01    0.53890E+00    0.16830E+01    0.58682E+00    0.12581E+01    0.30083E-01    0.40147E-01    0.30739E-01    0.30083E-01    0.00000E+00    0.40147E-01    0.00000E+00    0.30739E-01    0.00000E+00    0.24529E+00    0.00000E+00    0.28336E+00    0.00000E+00    0.24795E+00    0.00000E+00    0.19844E+00    0.00000E+00    0.20481E+00    0.00000E+00    0.19886E+00    0.00000E+00    0.31773E-02    0.41327E-02    0.32585E-02    0.00000E+00    0.31773E+01    0.00000E+00    0.41327E+01    0.00000E+00    0.32585E+01    0.84768E+00    0.25208E+01    0.78245E+00    0.28749E+01    0.84233E+00    0.25529E+01    0.68331E+00    0.15073E+01    0.59786E+00    0.19800E+01    0.67605E+00    0.15475E+01
4500  0    0.85993E-02    0.56313E-02    0.83580E-02    0.58546E-02    0.27447E+01    0.34638E-02    0.21675E+01    0.56602E-02    0.26978E+01    0.75998E+00    0.23429E+01    0.70436E+00    0.20820E+01    0.75561E+00    0.23228E+01    0.58616E+00    0.12294E+01    0.51368E+00    0.13440E+01    0.58027E+00    0.12388E+01    0.30771E-01    0.23092E-01    0.30270E-01    0.30771E-01    0.00000E+00    0.23092E-01    0.00000E+00    0.30270E-01    0.00000E+00    0.24808E+00    0.00000E+00    0.21491E+00    0.00000E+00    0.24605E+00    0.00000E+00    0.19147E+00    0.00000E+00    0.18728E+00    0.00000E+00    0.19120E+00    0.00000E+00    0.33896E-02    0.25499E-02    0.33182E-02    0.00000E+00    0.33896E+01    0.00000E+00    0.25499E+01    0.00000E+00    0.33182E+01    0.83595E+00    0.26037E+01    0.75863E+00    0.22583E+01    0.82966E+00    0.25761E+01    0.67890E+00    0.15183E+01    0.57128E+00    0.15811E+01    0.66975E+00    0.15237E+01
5000  1    0.74380E-02    0.80736E-02    0.74897E-02    0.52202E-02    0.22178E+01    0.60279E-02    0.20458E+01    0.52859E-02    0.22038E+01    0.74818E+00    0.21061E+01    0.71599E+00    0.20227E+01    0.74561E+00    0.20994E+01    0.57708E+00    0.11982E+01    0.53263E+00    0.13900E+01    0.57347E+00    0.12138E+01    0.27437E-01    0.40186E-01    0.28268E-01    0.27437E-01    0.00000E+00    0.40186E-01    0.00000E+00    0.28268E-01    0.00000E+00    0.23425E+00    0.00000E+00    0.28350E+00    0.00000E+00    0.23777E+00    0.00000E+00    0.18562E+00    0.00000E+00    0.19877E+00    0.00000E+00    0.18648E+00    0.00000E+00    0.27389E-02    0.24068E-02    0.27107E-02    0.00000E+00    0.27389E+01    0.00000E+00    0.24068E+01    0.00000E+00    0.27107E+01    0.82365E+00    0.23405E+01    0.76742E+00    0.21940E+01    0.81902E+00    0.23284E+01    0.66906E+00    0.14797E+01    0.59155E+00    0.16352E+01    0.66248E+00    0.14929E+01
5500  0    0.73848E-02    0.50479E-02    0.71948E-02    0.52208E-02    0.21640E+01    0.38179E-02    0.12300E+01    0.51068E-02    0.20881E+01    0.70606E+00    0.20804E+01    0.65463E+00    0.15685E+01    0.70202E+00    0.20436E+01    0.54910E+00    0.11514E+01    0.48259E+00    0.10829E+01    0.54369E+00    0.11458E+01    0.27440E-01    0.25453E-01    0.27310E-01    0.27440E-01    0.00000E+00    0.25453E-01    0.00000E+00    0.27310E-01    0.00000E+00    0.23426E+00    0.00000E+00    0.22562E+00    0.00000E+00    0.23371E+00    0.00000E+00    0.18622E+00    0.00000E+00    0.18402E+00    0.00000E+00    0.18608E+00    0.00000E+00    0.26725E-02    0.14471E-02    0.25683E-02    0.00000E+00    0.26725E+01    0.00000E+00    0.14471E+01    0.00000E+00    0.25683E+01    0.77637E+00    0.23119E+01    0.70369E+00    0.17012E+01    0.77046E+00    0.22664E+01    0.63437E+00    0.14219E+01    0.53528E+00    0.12740E+01    0.62594E+00    0.14094E+01
6000  1    0.65284E-02    0.69911E-02    0.65661E-02    0.46896E-02    0.18388E+01    0.51152E-02    0.18759E+01    0.47242E-02    0.18418E+01    0.69714E+00    0.19177E+01    0.67388E+00    0.19370E+01    0.69528E+00    0.19193E+01    0.54442E+00    0.10538E+01    0.51221E+00    0.12239E+01    0.54181E+00    0.10676E+01    0.24648E-01    0.34101E-01    0.25264E-01    0.24648E-01    0.00000E+00    0.34101E-01    0.00000E+00    0.25264E-01    0.00000E+00    0.22203E+00    0.00000E+00    0.26116E+00    0.00000E+00    0.22479E+00    0.00000E+00    0.17314E+00    0.00000E+00    0.20864E+00    0.00000E+00    0.17546E+00    0.00000E+00    0.22709E-02    0.22069E-02    0.22654E-02    0.00000E+00    0.22709E+01    0.00000E+00    0.22069E+01    0.00000E+00    0.22654E+01    0.76721E+00    0.21311E+01    0.72264E+00    0.21009E+01    0.76353E+00    0.21286E+01    0.63167E+00    0.13014E+01    0.56578E+00    0.14399E+01    0.62607E+00    0.13132E+01
6500  2    0.59745E-02    0.71512E-02    0.60702E-02    0.39935E-02    0.19810E+01    0.38193E-02    0.33318E+01    0.39793E-02    0.20908E+01    0.68061E+00    0.19905E+01    0.64682E+00    0.25814E+01    0.67792E+00    0.20449E+01    0.52879E+00    0.12079E+01    0.48398E+00    0.16393E+01    0.52515E+00    0.12430E+01    0.20989E-01    0.25462E-01    0.21281E-01    0.20989E-01    0.00000E+00    0.25462E-01    0.00000E+00    0.21281E-01    0.00000E+00    0.20489E+00    0.00000E+00    0.22566E+00    0.00000E+00    0.20630E+00    0.00000E+00    0.15909E+00    0.00000E+00    0.19634E+00    0.00000E+00    0.16152E+00    0.00000E+00    0.24465E-02    0.39198E-02    0.25717E-02    0.00000E+00    0.24465E+01    0.00000E+00    0.39198E+01    0.00000E+00    0.25717E+01    0.74980E+00    0.22120E+01    0.69514E+00    0.27999E+01    0.74531E+00    0.22679E+01    0.61566E+00    0.14917E+01    0.53474E+00    0.19286E+01    0.60878E+00    0.15288E+01
7000  3    0.52684E-02    0.53341E-02    0.52738E-02    0.37485E-02    0.15199E+01    0.41790E-02    0.11550E+01    0.37835E-02    0.14902E+01    0.66599E+00    0.17435E+01    0.64114E+00    0.15199E+01    0.66400E+00    0.17264E+01    0.52188E+00    0.99254E+00    0.48660E+00    0.11296E+01    0.51901E+00    0.10037E+01    0.19701E-01    0.27860E-01    0.20234E-01    0.19701E-01    0.00000E+00    0.27860E-01    0.00000E+00    0.20234E-01    0.00000E+00    0.19850E+00    0.00000E+00    0.23605E+00    0.00000E+00    0.20116E+00    0.00000E+00    0.15844E+00    0.00000E+00    0.20486E+00    0.00000E+00    0.16146E+00    0.00000E+00    0.18770E-02    0.13589E-02    0.18330E-02    0.00000E+00    0.18770E+01    0.00000E+00    0.13589E+01    0.00000E+00    0.18330E+01    0.73383E+00    0.19375E+01    0.68830E+00    0.16485E+01    0.73007E+00    0.19147E+01    0.60728E+00    0.12258E+01    0.53632E+00    0.13289E+01    0.60125E+00    0.12345E+01
7500  0    0.50514E-02    0.38521E-02    0.49539E-02    0.38856E-02    0.11658E+01    0.25821E-02    0.12700E+01    0.37796E-02    0.11742E+01    0.66330E+00    0.15269E+01    0.62656E+00    0.15937E+01    0.66039E+00    0.15325E+01    0.51902E+00    0.96740E+00    0.46183E+00    0.10953E+01    0.51437E+00    0.97781E+00    0.20422E-01    0.17214E-01    0.20213E-01    0.20422E-01    0.00000E+00    0.17214E-01    0.00000E+00    0.20213E-01    0.00000E+00    0.20210E+00    0.00000E+00    0.18555E+00    0.00000E+00    0.20106E+00    0.00000E+00    0.16418E+00    0.00000E+00    0.14842E+00    0.00000E+00    0.16315E+00    0.00000E+00    0.14397E-02    0.14941E-02    0.14443E-02    0.00000E+00    0.14397E+01    0.00000E+00    0.14941E+01    0.00000E+00    0.14443E+01    0.73059E+00    0.16969E+01    0.67512E+00    0.17286E+01    0.72604E+00    0.16996E+01    0.60240E+00    0.11947E+01    0.51714E+00    0.12886E+01    0.59515E+00    0.12027E+01
8000  1    0.53946E-02    0.77771E-02    0.55883E-02    0.36340E-02    0.17607E+01    0.50279E-02    0.27493E+01    0.37473E-02    0.18410E+01    0.67873E+00    0.18765E+01    0.66370E+00    0.23449E+01    0.67752E+00    0.19189E+01    0.52539E+00    0.12057E+01    0.50117E+00    0.14855E+01    0.52342E+00    0.12285E+01    0.19099E-01    0.33519E-01    0.20040E-01    0.19099E-01    0.00000E+00    0.33519E-01    0.00000E+00    0.20040E-01    0.00000E+00    0.19544E+00    0.00000E+00    0.25892E+00    0.00000E+00    0.20020E+00    0.00000E+00    0.14902E+00    0.00000E+00    0.20361E+00    0.00000E+00    0.15258E+00    0.00000E+00    0.21744E-02    0.32344E-02    0.22645E-02    0.00000E+00    0.21744E+01    0.00000E+00    0.32344E+01    0.00000E+00    0.22645E+01    0.74830E+00    0.20854E+01    0.71162E+00    0.25434E+01    0.74525E+00    0.21281E+01    0.61383E+00    0.14890E+01    0.55368E+00    0.17476E+01    0.60871E+00    0.15110E+01
8500  2    0.44440E-02    0.60347E-02    0.45733E-02    0.29486E-02    0.14954E+01    0.29511E-02    0.30836E+01    0.29488E-02    0.16245E+01    0.64855E+00    0.17294E+01    0.61939E+00    0.24834E+01    0.64623E+00    0.18025E+01    0.50538E+00    0.11064E+01    0.46156E+00    0.15539E+01    0.50182E+00    0.11428E+01    0.15497E-01    0.19674E-01    0.15770E-01    0.15497E-01    0.00000E+00    0.19674E-01    0.00000E+00    0.15770E-01    0.00000E+00    0.17605E+00    0.00000E+00    0.19836E+00    0.00000E+00    0.17759E+00    0.00000E+00    0.13855E+00    0.00000E+00    0.16949E+00    0.00000E+00    0.14057E+00    0.00000E+00    0.18468E-02    0.36278E-02    0.19982E-02    0.00000E+00    0.18468E+01    0.00000E+00    0.36278E+01    0.00000E+00    0.19982E+01    0.71566E+00    0.19219E+01    0.66663E+00    0.26936E+01    0.71163E+00    0.19991E+01    0.59157E+00    0.13664E+01    0.51310E+00    0.18281E+01    0.58490E+00    0.14056E+01
9000  3    0.51057E-02    0.67571E-02    0.52400E-02    0.34364E-02    0.16694E+01    0.41266E-02    0.26305E+01    0.34925E-02    0.17475E+01    0.63409E+00    0.18272E+01    0.60807E+00    0.22937E+01    0.63202E+00    0.18695E+01    0.50159E+00    0.11151E+01    0.46766E+00    0.15060E+01    0.49883E+00    0.11469E+01    0.18061E-01    0.27510E-01    0.18677E-01    0.18061E-01    0.00000E+00    0.27510E-01    0.00000E+00    0.18677E-01    0.00000E+00    0.19006E+00    0.00000E+00    0.23457E+00    0.00000E+00    0.19327E+00    0.00000E+00    0.15024E+00    0.00000E+00    0.21083E+00    0.00000E+00    0.15419E+00    0.00000E+00    0.20616E-02    0.30948E-02    0.21494E-02    0.00000E+00    0.20616E+01    0.00000E+00    0.30948E+01    0.00000E+00    0.21494E+01    0.69861E+00    0.20306E+01    0.65214E+00    0.24879E+01    0.69478E+00    0.20734E+01    0.58414E+00    0.13771E+01    0.51298E+00    0.17718E+01    0.57809E+00    0.14106E+01
9500  4    0.49245E-02    0.68275E-02    0.50792E-02    0.30788E-02    0.18458E+01    0.20968E-02    0.47307E+01    0.29989E-02    0.20803E+01    0.65621E+00    0.19213E+01    0.61006E+00    0.30759E+01    0.65258E+00    0.20398E+01    0.50648E+00    0.12573E+01    0.44840E+00    0.19613E+01    0.50175E+00    0.13145E+01    0.16181E-01    0.13979E-01    0.16038E-01    0.16181E-01    0.00000E+00    0.13979E-01    0.00000E+00    0.16038E-01    0.00000E+00    0.17990E+00    0.00000E+00    0.16720E+00    0.00000E+00    0.17910E+00    0.00000E+00    0.14031E+00    0.00000E+00    0.14223E+00    0.00000E+00    0.14043E+00    0.00000E+00    0.22795E-02    0.55655E-02    0.25588E-02    0.00000E+00    0.22795E+01    0.00000E+00    0.55655E+01    0.00000E+00    0.25588E+01    0.72401E+00    0.21352E+01    0.65796E+00    0.33363E+01    0.71863E+00    0.22622E+01    0.59251E+00    0.15527E+01    0.50243E+00    0.23074E+01    0.58486E+00    0.16169E+01
10000  5    0.47786E-02    0.73661E-02    0.49889E-02    0.32668E-02    0.15117E+01    0.43945E-02    0.29716E+01    0.33585E-02    0.16304E+01    0.64323E+00    0.17388E+01    0.62682E+00    0.24379E+01    0.64191E+00    0.18058E+01    0.50043E+00    0.10142E+01    0.47922E+00    0.14953E+01    0.49870E+00    0.10533E+01    0.17170E-01    0.29297E-01    0.17961E-01    0.17170E-01    0.00000E+00    0.29297E-01    0.00000E+00    0.17961E-01    0.00000E+00    0.18531E+00    0.00000E+00    0.24206E+00    0.00000E+00    0.18953E+00    0.00000E+00    0.14123E+00    0.00000E+00    0.19751E+00    0.00000E+00    0.14490E+00    0.00000E+00    0.18670E-02    0.34960E-02    0.20054E-02    0.00000E+00    0.18670E+01    0.00000E+00    0.34960E+01    0.00000E+00    0.20054E+01    0.70915E+00    0.19323E+01    0.67224E+00    0.26442E+01    0.70608E+00    0.20027E+01    0.58483E+00    0.12525E+01    0.52894E+00    0.17591E+01    0.58008E+00    0.12956E+01
10500  6    0.46466E-02    0.85425E-02    0.49633E-02    0.30626E-02    0.15840E+01    0.38921E-02    0.46504E+01    0.31300E-02    0.18333E+01    0.61686E+00    0.17799E+01    0.59393E+00    0.30497E+01    0.61502E+00    0.19148E+01    0.48677E+00    0.10376E+01    0.45786E+00    0.18370E+01    0.48442E+00    0.11026E+01    0.16096E-01    0.25947E-01    0.16739E-01    0.16096E-01    0.00000E+00    0.25947E-01    0.00000E+00    0.16739E-01    0.00000E+00    0.17942E+00    0.00000E+00    0.22780E+00    0.00000E+00    0.18297E+00    0.00000E+00    0.14227E+00    0.00000E+00    0.20159E+00    0.00000E+00    0.14614E+00    0.00000E+00    0.19562E-02    0.54710E-02    0.22549E-02    0.00000E+00    0.19562E+01    0.00000E+00    0.54710E+01    0.00000E+00    0.22549E+01    0.67997E+00    0.19780E+01    0.63706E+00    0.33079E+01    0.67643E+00    0.21236E+01    0.56771E+00    0.12814E+01    0.50309E+00    0.21612E+01    0.56222E+00    0.13562E+01
11000  7    0.38254E-02    0.43848E-02    0.38709E-02    0.26121E-02    0.12133E+01    0.23984E-02    0.19864E+01    0.25948E-02    0.12761E+01    0.62366E+00    0.15577E+01    0.59130E+00    0.19932E+01    0.62110E+00    0.15976E+01    0.48839E+00    0.10279E+01    0.44465E+00    0.11615E+01    0.48484E+00    0.10388E+01    0.13729E-01    0.15989E-01    0.13876E-01    0.13729E-01    0.00000E+00    0.15989E-01    0.00000E+00    0.13876E-01    0.00000E+00    0.16570E+00    0.00000E+00    0.17883E+00    0.00000E+00    0.16659E+00    0.00000E+00    0.13317E+00    0.00000E+00    0.15302E+00    0.00000E+00    0.13447E+00    0.00000E+00    0.14983E-02    0.23369E-02    0.15696E-02    0.00000E+00    0.14983E+01    0.00000E+00    0.23369E+01    0.00000E+00    0.15696E+01    0.68840E+00    0.17311E+01    0.63695E+00    0.21619E+01    0.68418E+00    0.17718E+01    0.57186E+00    0.12694E+01    0.49612E+00    0.13664E+01    0.56542E+00    0.12777E+01
11500  8    0.45604E-02    0.54930E-02    0.46362E-02    0.33181E-02    0.12423E+01    0.36876E-02    0.18054E+01    0.33482E-02    0.12880E+01    0.61567E+00    0.15762E+01    0.59790E+00    0.19002E+01    0.61425E+00    0.16050E+01    0.48365E+00    0.10515E+01    0.45939E+00    0.13173E+01    0.48168E+00    0.10731E+01    0.17439E-01    0.24584E-01    0.17905E-01    0.17439E-01    0.00000E+00    0.24584E-01    0.00000E+00    0.17905E-01    0.00000E+00    0.18676E+00    0.00000E+00    0.22174E+00    0.00000E+00    0.18924E+00    0.00000E+00    0.15160E+00    0.00000E+00    0.18916E+00    0.00000E+00    0.15405E+00    0.00000E+00    0.15342E-02    0.21240E-02    0.15843E-02    0.00000E+00    0.15342E+01    0.00000E+00    0.21240E+01    0.00000E+00    0.15843E+01    0.67817E+00    0.17517E+01    0.64179E+00    0.20611E+01    0.67516E+00    0.17801E+01    0.56167E+00    0.12986E+01    0.50708E+00    0.15498E+01    0.55703E+00    0.13199E+01
12000  0    0.38475E-02    0.37485E-02    0.38395E-02    0.28579E-02    0.98962E+00    0.28478E-02    0.90073E+00    0.28571E-02    0.98239E+00    0.59628E+00    0.14069E+01    0.56809E+00    0.13422E+01    0.59403E+00    0.14017E+01    0.47357E+00    0.89170E+00    0.44378E+00    0.97277E+00    0.47115E+00    0.89829E+00    0.15021E-01    0.18985E-01    0.15279E-01    0.15021E-01    0.00000E+00    0.18985E-01    0.00000E+00    0.15279E-01    0.00000E+00    0.17332E+00    0.00000E+00    0.19486E+00    0.00000E+00    0.17481E+00    0.00000E+00    0.14019E+00    0.00000E+00    0.17069E+00    0.00000E+00    0.14218E+00    0.00000E+00    0.12221E-02    0.10597E-02    0.12083E-02    0.00000E+00    0.12221E+01    0.00000E+00    0.10597E+01    0.00000E+00    0.12083E+01    0.65729E+00    0.15634E+01    0.61072E+00    0.14558E+01    0.65346E+00    0.15546E+01    0.55191E+00    0.11012E+01    0.49197E+00    0.11444E+01    0.54682E+00    0.11049E+01
12500  1    0.35657E-02    0.39773E-02    0.35992E-02    0.25006E-02    0.10651E+01    0.28727E-02    0.11046E+01    0.25308E-02    0.10683E+01    0.60332E+00    0.14595E+01    0.56918E+00    0.14863E+01    0.60061E+00    0.14617E+01    0.47375E+00    0.94900E+00    0.43523E+00    0.98000E+00    0.47062E+00    0.95152E+00    0.13143E-01    0.19152E-01    0.13534E-01    0.13143E-01    0.00000E+00    0.19152E-01    0.00000E+00    0.13534E-01    0.00000E+00    0.16213E+00    0.00000E+00    0.19571E+00    0.00000E+00    0.16453E+00    0.00000E+00    0.13016E+00    0.00000E+00    0.16785E+00    0.00000E+00    0.13262E+00    0.00000E+00    0.13154E-02    0.12995E-02    0.13141E-02    0.00000E+00    0.13154E+01    0.00000E+00    0.12995E+01    0.00000E+00    0.13141E+01    0.66584E+00    0.16220E+01    0.61187E+00    0.16122E+01    0.66142E+00    0.16211E+01    0.55449E+00    0.11720E+01    0.48242E+00    0.11529E+01    0.54836E+00    0.11704E+01
13000  0    0.39938E-02    0.28144E-02    0.38979E-02    0.30609E-02    0.93283E+00    0.16822E-02    0.11322E+01    0.29488E-02    0.94904E+00    0.60311E+00    0.13659E+01    0.54923E+00    0.15048E+01    0.59891E+00    0.13777E+01    0.47378E+00    0.87469E+00    0.41076E+00    0.10321E+01    0.46865E+00    0.88748E+00    0.16088E-01    0.11214E-01    0.15770E-01    0.16088E-01    0.00000E+00    0.11214E-01    0.00000E+00    0.15770E-01    0.00000E+00    0.17938E+00    0.00000E+00    0.14976E+00    0.00000E+00    0.17759E+00    0.00000E+00    0.14132E+00    0.00000E+00    0.13432E+00    0.00000E+00    0.14087E+00    0.00000E+00    0.11520E-02    0.13320E-02    0.11673E-02    0.00000E+00    0.11520E+01    0.00000E+00    0.13320E+01    0.00000E+00    0.11673E+01    0.66457E+00    0.15179E+01    0.59239E+00    0.16322E+01    0.65874E+00    0.15280E+01    0.55190E+00    0.10802E+01    0.45955E+00    0.12142E+01    0.54405E+00    0.10916E+01
13500  1    0.36600E-02    0.40997E-02    0.36957E-02    0.25582E-02    0.11018E+01    0.23253E-02    0.17744E+01    0.25393E-02    0.11565E+01    0.60160E+00    0.14844E+01    0.55909E+00    0.18838E+01    0.59825E+00    0.15208E+01    0.47072E+00    0.90607E+00    0.41992E+00    0.12904E+01    0.46659E+00    0.93732E+00    0.13446E-01    0.15502E-01    0.13580E-01    0.13446E-01    0.00000E+00    0.15502E-01    0.00000E+00    0.13580E-01    0.00000E+00    0.16399E+00    0.00000E+00    0.17608E+00    0.00000E+00    0.16480E+00    0.00000E+00    0.12820E+00    0.00000E+00    0.16088E+00    0.00000E+00    0.13033E+00    0.00000E+00    0.13607E-02    0.20876E-02    0.14224E-02    0.00000E+00    0.13607E+01    0.00000E+00    0.20876E+01    0.00000E+00    0.14224E+01    0.66381E+00    0.16496E+01    0.60190E+00    0.20433E+01    0.65877E+00    0.16867E+01    0.55120E+00    0.11190E+01    0.46563E+00    0.15181E+01    0.54393E+00    0.11529E+01
14000  2    0.34826E-02    0.41024E-02    0.35330E-02    0.22273E-02    0.12553E+01    0.25013E-02    0.16011E+01    0.22495E-02    0.12834E+01    0.59973E+00    0.15845E+01    0.56272E+00    0.17895E+01    0.59681E+00    0.16021E+01    0.46945E+00    0.99938E+00    0.42948E+00    0.11860E+01    0.46620E+00    0.10146E+01    0.11706E-01    0.16675E-01    0.12030E-01    0.11706E-01    0.00000E+00    0.16675E-01    0.00000E+00    0.12030E-01    0.00000E+00    0.15301E+00    0.00000E+00    0.18262E+00    0.00000E+00    0.15511E+00    0.00000E+00    0.12037E+00    0.00000E+00    0.15413E+00    0.00000E+00    0.12257E+00    0.00000E+00    0.15502E-02    0.18837E-02    0.15786E-02    0.00000E+00    0.15502E+01    0.00000E+00    0.18837E+01    0.00000E+00    0.15786E+01    0.66234E+00    0.17608E+01    0.60552E+00    0.19410E+01    0.65770E+00    0.17768E+01    0.55147E+00    0.12342E+01    0.47807E+00    0.13953E+01    0.54523E+00    0.12479E+01
14500  0    0.36060E-02    0.24048E-02    0.35083E-02    0.27879E-02    0.81808E+00    0.12372E-02    0.11676E+01    0.26618E-02    0.84650E+00    0.59609E+00    0.12791E+01    0.54123E+00    0.15282E+01    0.59182E+00    0.13012E+01    0.46575E+00    0.84102E+00    0.40000E+00    0.99416E+00    0.46040E+00    0.85347E+00    0.14653E-01    0.82479E-02    0.14235E-01    0.14653E-01    0.00000E+00    0.82479E-02    0.00000E+00    0.14235E-01    0.00000E+00    0.17119E+00    0.00000E+00    0.12844E+00    0.00000E+00    0.16873E+00    0.00000E+00    0.13313E+00    0.00000E+00    0.10769E+00    0.00000E+00    0.13147E+00    0.00000E+00    0.10103E-02    0.13737E-02    0.10412E-02    0.00000E+00    0.10103E+01    0.00000E+00    0.13737E+01    0.00000E+00    0.10412E+01    0.65722E+00    0.14215E+01    0.58456E+00    0.16575E+01    0.65136E+00    0.14430E+01    0.54390E+00    0.10386E+01    0.45159E+00    0.11696E+01    0.53606E+00    0.10498E+01
15000  1    0.45696E-02    0.43801E-02    0.45542E-02    0.31250E-02    0.14445E+01    0.26006E-02    0.17795E+01    0.30824E-02    0.14718E+01    0.59654E+00    0.16997E+01    0.56952E+00    0.18865E+01    0.59439E+00    0.17157E+01    0.46781E+00    0.10762E+01    0.43625E+00    0.11905E+01    0.46524E+00    0.10855E+01    0.16425E-01    0.17337E-01    0.16484E-01    0.16425E-01    0.00000E+00    0.17337E-01    0.00000E+00    0.16484E-01    0.00000E+00    0.18124E+00    0.00000E+00    0.18621E+00    0.00000E+00    0.18157E+00    0.00000E+00    0.14390E+00    0.00000E+00    0.16511E+00    0.00000E+00    0.14528E+00    0.00000E+00    0.17839E-02    0.20935E-02    0.18103E-02    0.00000E+00    0.17839E+01    0.00000E+00    0.20935E+01    0.00000E+00    0.18103E+01    0.65708E+00    0.18889E+01    0.61276E+00    0.20462E+01    0.65343E+00    0.19028E+01    0.54392E+00    0.13290E+01    0.48410E+00    0.14006E+01    0.53883E+00    0.13351E+01
15500  2    0.31896E-02    0.38377E-02    0.32423E-02    0.23099E-02    0.87975E+00    0.22119E-02    0.16258E+01    0.23019E-02    0.94041E+00    0.58514E+00    0.13265E+01    0.54918E+00    0.18032E+01    0.58230E+00    0.13714E+01    0.45849E+00    0.89071E+00    0.41634E+00    0.10438E+01    0.45506E+00    0.90316E+00    0.12140E-01    0.14746E-01    0.12310E-01    0.12140E-01    0.00000E+00    0.14746E-01    0.00000E+00    0.12310E-01    0.00000E+00    0.15582E+00    0.00000E+00    0.17173E+00    0.00000E+00    0.15691E+00    0.00000E+00    0.12496E+00    0.00000E+00    0.13430E+00    0.00000E+00    0.12557E+00    0.00000E+00    0.10865E-02    0.19127E-02    0.11567E-02    0.00000E+00    0.10865E+01    0.00000E+00    0.19127E+01    0.00000E+00    0.11567E+01    0.64586E+00    0.14741E+01    0.59128E+00    0.19558E+01    0.64140E+00    0.15210E+01    0.53686E+00    0.11000E+01    0.46611E+00    0.12280E+01    0.53085E+00    0.11109E+01
16000  3    0.30452E-02    0.33493E-02    0.30699E-02    0.21883E-02    0.85688E+00    0.23468E-02    0.10024E+01    0.22012E-02    0.86871E+00    0.56985E+00    0.13091E+01    0.53918E+00    0.14159E+01    0.56742E+00    0.13181E+01    0.45098E+00    0.85803E+00    0.42572E+00    0.98279E+00    0.44893E+00    0.86817E+00    0.11501E-01    0.15646E-01    0.11772E-01    0.11501E-01    0.00000E+00    0.15646E-01    0.00000E+00    0.11772E-01    0.00000E+00    0.15167E+00    0.00000E+00    0.17689E+00    0.00000E+00    0.15344E+00    0.00000E+00    0.12316E+00    0.00000E+00    0.15931E+00    0.00000E+00    0.12552E+00    0.00000E+00    0.10582E-02    0.11793E-02    0.10685E-02    0.00000E+00    0.10582E+01    0.00000E+00    0.11793E+01    0.00000E+00    0.10685E+01    0.62899E+00    0.14548E+01    0.58008E+00    0.15358E+01    0.62498E+00    0.14619E+01    0.52801E+00    0.10596E+01    0.47273E+00    0.11562E+01    0.52331E+00    0.10679E+01
16500  4    0.32617E-02    0.24448E-02    0.31953E-02    0.22202E-02    0.10415E+01    0.13088E-02    0.11359E+01    0.21461E-02    0.10492E+01    0.57489E+00    0.14433E+01    0.52104E+00    0.15073E+01    0.57070E+00    0.14486E+01    0.45019E+00    0.95676E+00    0.39382E+00    0.10901E+01    0.44561E+00    0.96760E+00    0.11669E-01    0.87256E-02    0.11477E-01    0.11669E-01    0.00000E+00    0.87256E-02    0.00000E+00    0.11477E-01    0.00000E+00    0.15277E+00    0.00000E+00    0.13210E+00    0.00000E+00    0.15151E+00    0.00000E+00    0.12415E+00    0.00000E+00    0.11610E+00    0.00000E+00    0.12362E+00    0.00000E+00    0.12863E-02    0.13364E-02    0.12905E-02    0.00000E+00    0.12863E+01    0.00000E+00    0.13364E+01    0.00000E+00    0.12905E+01    0.63456E+00    0.16039E+01    0.56242E+00    0.16349E+01    0.62875E+00    0.16066E+01    0.52681E+00    0.11816E+01    0.44283E+00    0.12824E+01    0.51967E+00    0.11901E+01
17000  5    0.30459E-02    0.48046E-02    0.31889E-02    0.18866E-02    0.11593E+01    0.23110E-02    0.24936E+01    0.19211E-02    0.12678E+01    0.56802E+00    0.15227E+01    0.53400E+00    0.22332E+01    0.56533E+00    0.15924E+01    0.44420E+00    0.98340E+00    0.41295E+00    0.13379E+01    0.44166E+00    0.10122E+01    0.99154E-02    0.15407E-01    0.10274E-01    0.99154E-02    0.00000E+00    0.15407E-01    0.00000E+00    0.10274E-01    0.00000E+00    0.14082E+00    0.00000E+00    0.17554E+00    0.00000E+00    0.14334E+00    0.00000E+00    0.10827E+00    0.00000E+00    0.14821E+00    0.00000E+00    0.11088E+00    0.00000E+00    0.14317E-02    0.29337E-02    0.15594E-02    0.00000E+00    0.14317E+01    0.00000E+00    0.29337E+01    0.00000E+00    0.15594E+01    0.62753E+00    0.16922E+01    0.57449E+00    0.24223E+01    0.62320E+00    0.17660E+01    0.52313E+00    0.12145E+01    0.45967E+00    0.15740E+01    0.51774E+00    0.12450E+01
17500  6    0.29164E-02    0.35353E-02    0.29667E-02    0.19269E-02    0.98943E+00    0.22380E-02    0.12973E+01    0.19522E-02    0.10145E+01    0.56775E+00    0.14067E+01    0.52755E+00    0.16108E+01    0.56459E+00    0.14244E+01    0.44658E+00    0.93673E+00    0.41176E+00    0.10857E+01    0.44375E+00    0.94884E+00    0.10128E-01    0.14920E-01    0.10440E-01    0.10128E-01    0.00000E+00    0.14920E-01    0.00000E+00    0.10440E-01    0.00000E+00    0.14232E+00    0.00000E+00    0.17274E+00    0.00000E+00    0.14450E+00    0.00000E+00    0.11229E+00    0.00000E+00    0.15910E+00    0.00000E+00    0.11534E+00    0.00000E+00    0.12219E-02    0.15262E-02    0.12478E-02    0.00000E+00    0.12219E+01    0.00000E+00    0.15262E+01    0.00000E+00    0.12478E+01    0.62715E+00    0.15633E+01    0.56759E+00    0.17471E+01    0.62231E+00    0.15797E+01    0.52513E+00    0.11568E+01    0.45635E+00    0.12773E+01    0.51928E+00    0.11671E+01
18000  7    0.33526E-02    0.39312E-02    0.33997E-02    0.22581E-02    0.10945E+01    0.26068E-02    0.13243E+01    0.22865E-02    0.11132E+01    0.57485E+00    0.14795E+01    0.54182E+00    0.16275E+01    0.57224E+00    0.14921E+01    0.45031E+00    0.96625E+00    0.42097E+00    0.10703E+01    0.44793E+00    0.97472E+00    0.11868E-01    0.17379E-01    0.12228E-01    0.11868E-01    0.00000E+00    0.17379E-01    0.00000E+00    0.12228E-01    0.00000E+00    0.15407E+00    0.00000E+00    0.18643E+00    0.00000E+00    0.15638E+00    0.00000E+00    0.11950E+00    0.00000E+00    0.14298E+00    0.00000E+00    0.12103E+00    0.00000E+00    0.13517E-02    0.15581E-02    0.13692E-02    0.00000E+00    0.13517E+01    0.00000E+00    0.15581E+01    0.00000E+00    0.13692E+01    0.63445E+00    0.16442E+01    0.58244E+00    0.17652E+01    0.63019E+00    0.16548E+01    0.52805E+00    0.11933E+01    0.47003E+00    0.12592E+01    0.52311E+00    0.11989E+01
18500  8    0.27764E-02    0.36173E-02    0.28448E-02    0.17306E-02    0.10459E+01    0.20366E-02    0.15807E+01    0.17555E-02    0.10893E+01    0.57028E+00    0.14463E+01    0.53236E+00    0.17780E+01    0.56730E+00    0.14760E+01    0.44775E+00    0.95658E+00    0.41617E+00    0.10850E+01    0.44518E+00    0.96702E+00    0.90956E-02    0.13577E-01    0.93879E-02    0.90956E-02    0.00000E+00    0.13577E-01    0.00000E+00    0.93879E-02    0.00000E+00    0.13487E+00    0.00000E+00    0.16479E+00    0.00000E+00    0.13702E+00    0.00000E+00    0.10702E+00    0.00000E+00    0.14586E+00    0.00000E+00    0.10955E+00    0.00000E+00    0.12916E-02    0.18596E-02    0.13399E-02    0.00000E+00    0.12916E+01    0.00000E+00    0.18596E+01    0.00000E+00    0.13399E+01    0.63037E+00    0.16072E+01    0.57326E+00    0.19285E+01    0.62572E+00    0.16370E+01    0.52781E+00    0.11813E+01    0.46387E+00    0.12765E+01    0.52238E+00    0.11894E+01
19000  9    0.25428E-02    0.26235E-02    0.25493E-02    0.17980E-02    0.74475E+00    0.19118E-02    0.71167E+00    0.18073E-02    0.74206E+00    0.55992E+00    0.12204E+01    0.52244E+00    0.11930E+01    0.55697E+00    0.12182E+01    0.44154E+00    0.79647E+00    0.41382E+00    0.88336E+00    0.43929E+00    0.80354E+00    0.94501E-02    0.12745E-01    0.96650E-02    0.94501E-02    0.00000E+00    0.12745E-01    0.00000E+00    0.96650E-02    0.00000E+00    0.13748E+00    0.00000E+00    0.15966E+00    0.00000E+00    0.13903E+00    0.00000E+00    0.11002E+00    0.00000E+00    0.13610E+00    0.00000E+00    0.11172E+00    0.00000E+00    0.91974E-03    0.83725E-03    0.91273E-03    0.00000E+00    0.91974E+00    0.00000E+00    0.83725E+00    0.00000E+00    0.91273E+00    0.61866E+00    0.13563E+01    0.56268E+00    0.12940E+01    0.61410E+00    0.13511E+01    0.51944E+00    0.98362E+00    0.46283E+00    0.10392E+01    0.51463E+00    0.98835E+00
19500  10    0.31671E-02    0.46421E-02    0.32871E-02    0.22736E-02    0.89354E+00    0.38010E-02    0.84113E+00    0.23978E-02    0.88928E+00    0.57462E+00    0.13368E+01    0.54924E+00    0.12970E+01    0.57259E+00    0.13336E+01    0.44809E+00    0.84128E+00    0.43888E+00    0.89441E+00    0.44734E+00    0.84560E+00    0.11950E-01    0.25340E-01    0.12823E-01    0.11950E-01    0.00000E+00    0.25340E-01    0.00000E+00    0.12823E-01    0.00000E+00    0.15459E+00    0.00000E+00    0.22512E+00    0.00000E+00    0.16014E+00    0.00000E+00    0.11807E+00    0.00000E+00    0.18005E+00    0.00000E+00    0.12211E+00    0.00000E+00    0.11035E-02    0.98956E-03    0.10938E-02    0.00000E+00    0.11035E+01    0.00000E+00    0.98956E+00    0.00000E+00    0.10938E+01    0.63415E+00    0.14856E+01    0.58818E+00    0.14068E+01    0.63038E+00    0.14791E+01    0.52563E+00    0.10390E+01    0.48455E+00    0.10522E+01    0.52214E+00    0.10401E+01
20000  11    0.33916E-02    0.40927E-02    0.34486E-02    0.23561E-02    0.10355E+01    0.28215E-02    0.12712E+01    0.23939E-02    0.10546E+01    0.56620E+00    0.14391E+01    0.52420E+00    0.15945E+01    0.56290E+00    0.14523E+01    0.44398E+00    0.93905E+00    0.40810E+00    0.10605E+01    0.44106E+00    0.94892E+00    0.12383E-01    0.18810E-01    0.12802E-01    0.12383E-01    0.00000E+00    0.18810E-01    0.00000E+00    0.12802E-01    0.00000E+00    0.15737E+00    0.00000E+00    0.19396E+00    0.00000E+00    0.16001E+00    0.00000E+00    0.12051E+00    0.00000E+00    0.14361E+00    0.00000E+00    0.12202E+00    0.00000E+00    0.12788E-02    0.14956E-02    0.12972E-02    0.00000E+00    0.12788E+01    0.00000E+00    0.14956E+01    0.00000E+00    0.12972E+01    0.62457E+00    0.15992E+01    0.56271E+00    0.17295E+01    0.61955E+00    0.16107E+01    0.51999E+00    0.11597E+01    0.45477E+00    0.12476E+01    0.51445E+00    0.11672E+01
