    2.2585002675E+00    7.2346963430E-02    9.7099073663E-03   -9.9608440752E-01
    8.0561116871E-01    1.9082609122E-02    7.0662727630E-01    9.9933994536E-01
   -1.2210386338E+00    1.9676141152E-01   -3.1080984881E-02    9.9917994264E-01
    1.0997762122E+00    2.1278393695E-01   -1.1672083618E-01   -8.4033879998E-01
    2.1253351559E+00    2.3418510246E-01   -1.0268125181E-01    7.8709762612E-01
   -1.9466268775E+00    4.3069390660E-02   -6.3680124382E-01   -8.1777434951E-01
    2.2522239781E+00    1.7179923215E-01    1.7383796595E-01    3.0496873732E-02
    5.1422982086E-01    2.6547863746E-01   -3.0367337825E-02   -8.2820053398E-01
    3.0077303715E+00    2.7636539913E-01    7.9366700578E-02    1.9005725770E-01
    2.7670562765E+00    2.0638344349E-01    3.6331806272E-01    9.8435123430E-01
   -2.4090940037E+00    1.2727205485E-01   -6.1493627734E-01   -9.9133775898E-01
    1.9776609713E-01    2.7281208126E-01    1.8825410399E-02   -9.7001341366E-01
    1.6019224691E+00    1.8829071949E-01   -9.1133470539E-02   -6.1562445607E-01
   -2.6294982752E+00    2.8370570686E-01   -2.3405803698E-01    7.8526905715E-01
    3.0396939650E+00    1.2987969159E-01    5.8968831900E-01    4.7544688496E-01
    2.3471228565E-01    1.9920807814E-01    3.8532261356E-02   -5.7624979315E-01
   -2.0743271254E+00    2.1336748051E-01   -2.9815774418E-01    5.0906034956E-01
    5.5221433283E-01    1.8408688420E-02    5.9794322519E-01    9.0982044626E-01
    4.4740032170E-01    2.0384658470E-01   -1.1050185147E-03   -8.4811531947E-01
    2.4721312981E+00    7.5085276064E-02   -1.8277140025E-02   -9.6141105461E-01
   -2.6245761141E+00    4.1447384031E-02    6.2783466359E-02    8.6994001358E-02
   -3.6984425800E-02    1.2157891268E-01    1.7282551993E-01    9.0000439105E-01
    1.7186981806E+00    1.1589476338E-01    5.7390001116E-02   -9.8813916840E-01
    2.9354826150E-01    2.5195615036E-01    7.1634329563E-03   -9.9946080090E-01
    1.7008765713E+00    2.9836745056E-01   -2.2206677067E-01    9.7910591548E-01
    2.5940859456E+00    2.2858226694E-02   -4.9154274162E-01   -9.0867128367E-01
   -1.2662305370E+00    1.2487851260E-01   -1.7078672121E-01    2.3218225994E-01
   -3.0073592140E+00    2.1380357348E-02    8.6892166436E-01    8.4370207778E-01
   -1.2375455261E-01    2.1376675248E-01    7.3349392215E-02   -3.1948020110E-01
    2.1922922774E-01    1.6671192466E-02    3.3107325513E-01    5.7588543342E-01
   -2.6142492414E+00    1.0749989407E-01   -5.5874159910E-01   -8.7086295410E-01
   -7.7653353103E-01    2.6854730366E-01    6.6138013314E-02   -2.7826711629E-01
    1.2170926848E+00    2.7129856533E-01   -1.5468757008E-01    1.7690804221E-01
    1.0138871872E+00    3.2937614034E-02    6.2598523413E-01    8.7137199952E-01
    2.5998771563E+00    7.1528257147E-02   -8.7183888464E-02   -9.1729847744E-01
   -2.4344391349E+00    2.6232119551E-01   -2.5272992472E-01    7.3816405747E-01
    9.3782624162E-01    1.6505212605E-01   -4.4268191027E-02   -8.8440472242E-01
    1.2225022989E-01    2.5458100710E-02    2.7998266387E-01    5.7969217350E-01
   -8.5721513714E-01    9.9167904765E-02   -6.5788218059E-02    3.9728267893E-01
    5.7884492865E-01    7.6466190130E-02    3.2650991758E-01    8.2308884258E-01
    4.7029387411E-01    1.4009525961E-01    7.7398449014E-02    4.2480205963E-02
   -1.8909929359E+00    2.5564338139E-01   -1.2836251522E-01    9.9922475155E-01
    1.3891188107E+00    1.5394681971E-01   -4.6554613006E-02   -9.9999869593E-01
   -9.9073930963E-01    1.3407182018E-01   -2.1456650203E-02    7.2057676046E-01
    2.0629385491E+00    1.5816357038E-03    1.3578724065E-01    2.0159735362E-02
    5.8528371145E-01    2.8323435558E-01   -4.1387346277E-02   -5.3620547702E-01
    2.5791286931E+00    1.4349758828E-01    4.1027881154E-01    3.7289909720E-02
   -2.3250416316E+00    1.3127176524E-02    1.7093806428E-02    1.2137963471E-01
    3.0477562271E+00    1.5070834332E-01    7.1458946354E-01    7.6008399824E-01
   -2.6562125164E-02    3.9635694834E-02    2.1484724043E-01    5.9508371948E-01
   -1.1868689042E-01    1.2908017114E-01    1.6087477670E-01    8.9754391987E-01
   -2.9559998087E-01    3.5489444549E-02   -4.8006748624E-02    1.6225001874E-01
    1.1053474961E+00    7.3780265706E-02    2.6947587926E-01    2.2112356174E-01
    7.5217090630E-01    1.4584970331E-01    1.6016809893E-02   -4.6057476226E-01
    5.3755261924E-01    7.7070125266E-02    3.2439894897E-01    8.5129493215E-01
    2.7735319288E+00    2.7435930925E-01   -3.0514904680E-02    5.4533947369E-01
   -1.8057515447E+00    1.9442484422E-01   -2.4646007336E-01    5.7557197086E-01
    2.5990886364E+00    1.7525991825E-01    3.8331393719E-01    5.7280816270E-01
   -1.5338080163E+00    1.0381340037E-01   -4.0309764785E-01   -5.0291045612E-01
    1.4451295241E+00    2.6040186486E-01   -1.8292555036E-01    3.2755907953E-01
    6.1897527941E-01    2.1917318433E-01   -4.0946633481E-02   -9.9923386453E-01
    2.2536309818E+00    2.4231417150E-01   -9.2714091378E-02    9.4494482696E-01
    1.8685528538E+00    9.9496795651E-02    8.9102160457E-02   -9.7812177940E-01
   -2.8611682752E+00    2.3159368391E-01   -5.0476373319E-01   -3.2853986125E-01
    1.3600283266E+00    1.9149372565E-01   -1.1095477297E-01   -8.2561594976E-01
   -8.8660874539E-02    8.5571655369E-02    2.2270469700E-01    9.7092872305E-01
    3.0159276960E+00    2.0908022471E-01    5.4668409155E-01    9.7080270984E-01
    5.5955717290E-01    2.0051279208E-01   -1.9367768661E-02   -9.0170290375E-01
    2.5588949262E-01    9.7944364651E-02    2.2896929421E-01    8.8397033786E-01
    2.8351104390E+00    2.8059298619E-01   -3.4061914371E-02    3.6898625892E-01
    8.6769488597E-02    3.6237944880E-02    2.9152990832E-01    6.8113629081E-01
    2.6493997990E-01    6.5677569268E-02    3.5864281520E-01    9.9868836268E-01
    2.9485954339E+00    1.8916629049E-01    5.9859501926E-01    9.8026375544E-01
    6.2289315475E-01    2.2272627148E-01   -4.3122314290E-02   -9.9962360428E-01
   -2.7127400747E+00    1.0201166007E-02    5.9677657008E-01    6.8399197064E-01
   -1.7251621419E+00    2.9070782398E-01   -4.4133881180E-02    6.9060132136E-01
    2.2806781751E+00    1.5653491299E-01    2.2635946232E-01   -1.8652345646E-01
   -2.3935503957E+00    3.0813079670E-02   -9.9321069347E-02   -7.7659141281E-02
    1.1701883974E+00    2.0251409991E-01   -1.1525382856E-01   -8.7612256448E-01
   -4.7332741509E-01    2.1119592016E-01    8.6425438430E-02    2.4071600890E-01
    2.1055529915E+00    1.2306332583E-01    1.5637749810E-01   -8.5325920285E-01
   -5.7029417900E-01    1.6813176871E-01    9.9509851296E-02    9.0198499299E-01
   -2.6141160961E+00    2.9652338552E-01   -1.9896304351E-01    9.1079512409E-01
   -2.6794061650E+00    2.7745214059E-01   -2.6263598815E-01    6.6045208588E-01
    1.4317836384E+00    1.2714861600E-01    6.9957240760E-03   -9.2404738996E-01
   -2.2786034624E+00    2.9826361767E-01   -1.3564918656E-01    9.9423687421E-01
    1.5348284463E+00    1.0132062322E-01    7.0921631538E-02   -7.7820836063E-01
    2.4992421137E+00    1.6358527312E-01    3.4642566247E-01    2.5774306364E-01
   -8.9646679708E-01    1.6665060461E-01    3.8873016133E-02    9.9768109008E-01
   -1.5318073118E+00    2.9326873867E-01   -1.0464122307E-02    4.1553624828E-01
    1.2518592631E+00    1.0378496412E-01    7.6439415263E-02   -4.8770558937E-01
    7.4261275770E-01    2.8237486987E-02    6.4488791063E-01    9.9967267703E-01
    1.2139243389E+00    2.9313862781E-01   -1.5209019586E-01    5.1948614553E-01
   -2.1392772174E+00    5.0607205917E-03   -1.5209076573E-01   -1.9142813852E-02
    2.8366027876E+00    6.9565301199E-02   -1.9955934762E-01   -7.4443799839E-01
   -2.6162027645E+00    2.7785370168E-02    2.4172730704E-01    3.0312705437E-01
    1.0378611940E+00    2.8359270703E-01   -1.2292651136E-01    1.1877271019E-01
   -1.5105251081E+00    1.5836669063E-01   -2.0025795904E-01    4.2598987357E-01
   -1.7356145717E-01    2.5049211445E-01    6.3113463240E-02   -7.6943606489E-01
    3.0146189111E+00    2.2436043453E-01    4.4367013196E-01    8.7693208948E-01
    1.7771717154E+00    1.9948413637E-01   -8.7845221955E-02   -2.0753483185E-01
   -2.0648302664E-01    1.8669044542E-01    9.7082135646E-02    2.5856453727E-01
   -1.9542741680E+00    3.5642781762E-02   -6.0197023504E-01   -7.3058052455E-01
   -1.5600785697E+00    1.9883546375E-01   -1.4009012197E-01    8.7096968765E-01
   -6.1858837506E-01    1.4691530576E-01    9.9054475091E-02    9.9993379702E-01
    1.6660242624E+00    1.4635939551E-01    3.8380754323E-03   -9.5900256352E-01
    2.9256143005E+00    2.9036336173E-01   -4.2966936635E-02    7.5155328501E-02
   -3.9199056231E-01    1.1714382708E-01    1.4360781813E-01    9.8765853294E-01
   -1.4672413801E+00    1.2801733124E-01   -2.6092298460E-01   -1.3565533642E-02
    4.3786834748E-01    1.1164260845E-01    1.6226262557E-01    5.4573961304E-01
    9.7532607776E-01    2.9188751687E-01   -1.0979405434E-01    1.6620085589E-01
    3.2036942763E-01    2.0916212811E-01    1.7844366599E-02   -7.9115340848E-01
   -1.3354746493E+00    1.8435513628E-01   -8.2655455054E-02    9.1139794493E-01
    1.5379117693E+00    8.2085878746E-03    6.3357061854E-01    6.3998103219E-01
   -1.6257069276E+00    2.0856160058E-01   -1.4434780779E-01    9.0222881949E-01
    1.0786460846E-01    3.9759606797E-02    3.1602762624E-01    7.4539492382E-01
   -1.8337527012E+00    2.3083267137E-01   -1.6499695891E-01    9.2961380777E-01
   -2.7548069930E+00    2.5711231583E-01   -3.5408439873E-01    2.5784823777E-01
   -8.0026350253E-01    2.9484524856E-01    6.3680680280E-02   -6.4093795109E-01
    2.8784754076E+00    2.1172081849E-01    4.1757471129E-01    9.9670670088E-01
   -3.0744869375E+00    1.2568346487E-01   -5.4521973871E-01   -6.2667731818E-01
   -2.1232540777E+00    8.6436947036E-02   -6.1272074471E-01   -9.9059893437E-01
    2.3957916629E+00    1.2174697026E-02   -2.9017430030E-01   -6.1320450034E-01
   -1.5542671097E+00    2.0391026590E-01   -1.2839537265E-01    9.1382186302E-01
    2.9691198048E+00    8.0605843321E-02   -7.4370757423E-02   -4.3701670053E-01
   -6.3558378203E-01    2.4235405280E-01    7.4388463504E-02   -4.5861780272E-02
   -2.7577922602E+00    7.9649706923E-02   -2.7098551175E-01   -3.5769104207E-01
   -1.7612240023E+00    2.0238954260E-01   -2.0828059018E-01    7.2853378076E-01
    2.3455918915E+00    2.4655473729E-01   -7.8381433968E-02    9.9244810336E-01
    2.3285854693E+00    1.8492376042E-01    1.7219384254E-01    3.6095218506E-01
    1.0644886683E+00    2.4914266395E-01   -1.2811937170E-01   -4.1652201973E-01
   -2.7221161875E+00    1.0539597231E-01   -5.1250963728E-01   -7.5732518202E-01
   -2.0876649631E+00    1.2456294984E-01   -5.4355497524E-01   -8.4320782766E-01
   -5.9826292854E-01    2.7890651102E-01    7.0684516637E-02   -6.6417683753E-01
    3.0716582708E+00    9.6101526983E-02    1.6162785497E-01   -3.3706831326E-02
   -3.4397925264E-01    2.1604374826E-02   -2.2351840740E-01   -1.4631077872E-01
   -3.8257456892E-02    2.9607560606E-01    4.3809669528E-02   -9.5854241887E-01
   -1.1721543612E+00    1.7055102966E-01   -4.1971364796E-02    9.1511485479E-01
    1.0374420806E+00    3.9657026309E-02    5.6643898720E-01    7.8818363023E-01
    2.2666560583E+00    2.5647139831E-01   -1.3580787832E-01    9.9741319937E-01
   -2.7919682023E+00    2.9346864324E-01   -2.3701084457E-01    7.3538496398E-01
    9.6599651227E-01    6.0371943474E-02    4.0506365568E-01    6.1397492086E-01
   -7.9049622048E-01    1.1203080094E-01    1.1277751356E-02    6.6568167598E-01
    1.2194857474E+00    5.9308859259E-03    7.9916575448E-01    9.3597886389E-01
    1.0195210414E+00    1.0254060538E-02    7.9097364268E-01    9.9107739765E-01
    1.1304160351E+00    1.7491653122E-01   -7.8263741555E-02   -9.9960375840E-01
    8.5421086088E-01    2.2684249194E-02    6.9749678285E-01    9.9519189317E-01
    2.6279397454E+00    2.5336278649E-01    7.2790238763E-03    9.1436127439E-01
   -1.9707740020E+00    1.1903735997E-01   -5.1884837925E-01   -7.9699055152E-01
    8.6122386511E-01    1.6387983107E-01   -3.1921063226E-02   -8.1358049283E-01
    3.8195051690E-01    1.8050210744E-01    3.0609675332E-02   -4.9286626267E-01
   -2.4966237325E+00    7.8524445908E-02   -4.5441538823E-01   -6.7304694722E-01
   -1.5942652180E+00    6.5179507180E-02   -6.6223000451E-01   -9.5736683634E-01
   -1.0566651740E+00    6.7514885075E-02   -3.9732133992E-01   -4.1818169156E-01
    2.3126258563E+00    1.8991130226E-01    1.4374499595E-01    4.1738531768E-01
    9.3210659249E-01    2.8622226760E-01   -1.0320700028E-01    5.3503313633E-03
    1.7822013765E+00    7.3033299263E-02    1.1596427572E-01   -7.0296071553E-01
   -7.3075589547E-01    6.4658476600E-02   -1.9152909207E-01    8.6167402067E-03
    1.7972398172E+00    6.2306030215E-03    4.2334969001E-01    3.3280561407E-01
   -5.0065584721E-01    1.2723368642E-01    1.2243466460E-01    9.8908665416E-01
    7.8744084262E-01    2.2021966602E-01   -7.2203630246E-02   -9.7333899414E-01
   -2.8234552843E+00    1.9114049222E-01   -6.7492169009E-01   -8.2452851849E-01
    4.7618606154E-01    1.3875285816E-01    7.9284216547E-02    5.6560697920E-02
   -2.4238812709E+00    1.2689900498E-01   -6.1671111100E-01   -9.9468342691E-01
   -2.1845554702E+00    1.8277257487E-01   -4.4630382492E-01   -1.5338451484E-01
   -2.3905024941E-01    2.7448257114E-01    6.2267426423E-02   -9.2822916782E-01
    1.8170087340E+00    1.9469500084E-01   -6.7386384551E-02   -2.2907332829E-01
    1.5890985056E+00    2.3616755067E-01   -1.7198031833E-01    1.3519122977E-01
    1.5395225340E+00    7.1729605050E-02    1.7846754420E-01   -3.8320038887E-01
    1.6908793164E+00    1.6314482219E-01   -2.2543262495E-02   -8.1883818031E-01
    2.4061323221E+00    2.5579673412E-01   -9.3116059176E-02    9.9210465205E-01
   -2.7516179752E+00    2.4702933073E-03    7.1973032536E-01    8.0969196400E-01
    2.3496169685E+00    1.8861275741E-01    1.6989296892E-01    4.4740885748E-01
    5.4501851036E-01    3.6592514219E-02    5.5129727158E-01    9.9181264803E-01
   -1.2451103876E-01    6.5877139815E-02    2.1170931156E-01    8.0685339803E-01
   -3.8017622965E-01    2.4618846510E-01    7.4999691028E-02   -4.7459489064E-01
   -9.6858948395E-01    2.5033553340E-01    4.8834591558E-02    3.1196409965E-01
   -4.7203880511E-01    7.8058008605E-02    5.3815008085E-02    5.8561296662E-01
   -2.9646871511E+00    2.2623757791E-02    7.9709299654E-01    7.9492864623E-01
   -2.8363476951E+00    2.9563977990E-01   -2.3840879301E-01    7.1509588016E-01
   -2.7858524284E+00    1.3049574060E-01   -6.3515859331E-01   -9.2927899221E-01
    1.2062189680E+00    1.7864221243E-01   -8.8265775967E-02   -9.8888895215E-01
    2.2681260826E-01    9.4595252545E-02    2.4144809032E-01    9.2654616429E-01
   -3.0698138412E+00    2.3259219786E-01   -5.6715616654E-01   -5.8968197099E-01
   -1.4629998752E+00    2.3227033399E-01   -5.5544898475E-02    9.7941365458E-01
    2.8290858036E+00    5.7298051149E-02   -3.7175901260E-01   -8.7263188839E-01
   -1.5557512739E+00    1.1866974615E-01   -3.4163660943E-01   -3.0128791694E-01
   -1.4374684797E+00    2.2026468090E-01   -6.4920894901E-02    9.9933651824E-01
   -2.0074951318E+00    1.8475404845E-01   -3.6133142671E-01    1.4494108361E-01
   -4.2073764044E-01    2.0765006116E-01    8.8527415375E-02    2.2291446705E-01
   -2.1272969210E-01    1.6359481885E-01    1.1894548630E-01    6.1746536828E-01
    1.3350565668E+00    1.0724417933E-01    5.8133902760E-02   -6.3912461845E-01
   -1.1263829261E-01    2.9258005185E-01    5.0524058008E-02   -9.9308627175E-01
    2.3084254310E-01    2.2395728643E-02    3.6370895090E-01    6.6606135086E-01
    6.7537297324E-01    8.2122643929E-02    2.8126150927E-01    6.6342792970E-01
    1.3796740405E+00    1.5845566410E-01   -5.5190307977E-02   -9.9792152065E-01
   -1.5113256672E+00    1.1432162120E-01   -3.3877785531E-01   -3.0857677494E-01
   -8.8083976222E-01    2.0821261420E-01    5.1206015724E-02    7.8663795282E-01
   -9.3703742238E-01    1.8734546731E-01    3.5658210509E-02    9.7487870909E-01
   -1.7309984237E+00    7.0338134288E-02   -6.5736072663E-01   -9.8453588573E-01
   -5.3280125759E-01    2.9843925565E-01    6.7877496115E-02   -9.1613089667E-01
   -8.2193802615E-01    2.0565275967E-01    5.9669976059E-02    7.5831831073E-01
   -1.4908070326E+00    9.1286232306E-02   -4.5774952368E-01   -6.2606743133E-01
    1.6285384891E+00    1.8128186231E-01   -7.2865713026E-02   -6.7650543786E-01
   -2.0651020672E+00    6.9424806147E-02   -6.2812951009E-01   -9.4253139338E-01
   -2.5770321648E+00    7.6875384330E-02   -3.8760672332E-01   -5.5597242943E-01
   -1.3891597745E+00    2.7660450851E-01    1.5082380508E-03    4.7879791892E-01
   -1.2387805598E+00    1.7586486685E-01   -5.9293180587E-02    9.1138844719E-01
    1.0481048552E+00    2.9264808771E-01   -1.2283442052E-01    2.8512698665E-01
   -1.0523526599E+00    1.4336685323E-02   -8.4550749645E-01   -9.7199431795E-01
   -2.4240966422E+00    3.0076844738E-02   -5.0627297091E-02   -1.9337574348E-02
   -4.3488665565E-01    1.1127842062E-01    1.3231824597E-01    9.4865811825E-01
   -4.4514929239E-01    6.9835963454E-02    3.7558958169E-02    5.0163606067E-01
   -1.7940903822E+00    2.4107004395E-01   -1.3102782554E-01    9.8978946298E-01
   -2.7930338290E+00    2.2511127307E-01   -5.1434834162E-01   -3.3660916869E-01
    1.3601352865E+00    2.1294435049E-01   -1.3935313163E-01   -5.6845648894E-01
   -1.2569800117E+00    1.9725045865E-01   -4.1132474667E-02    9.9629935218E-01
    2.0109335998E-01    2.1890041164E-01    3.1726067120E-02   -7.8343017212E-01
   -1.0745486559E+00    7.4255592552E-02   -3.5375087411E-01   -3.3640479487E-01
    7.6554799532E-01    2.0594016270E-01   -6.0543302869E-02   -9.9897022145E-01
    3.3040341833E-02    2.3275121146E-01    4.8610488528E-02   -7.7375062953E-01
   -1.7896141169E+00    2.8462237713E-01   -6.2087491065E-02    8.2089340998E-01
   -1.7421202354E+00    2.5352262861E-01   -9.4621972873E-02    9.8911289005E-01
    1.1017196131E+00    1.3791957448E-02    7.6630936399E-01    9.5004021411E-01
    9.8023130397E-01    2.3913419650E-01   -1.1206154539E-01   -6.6463590781E-01
    7.3636498169E-02    1.1888266319E-02    1.5244432282E-01    3.0846310110E-01
   -2.1281064928E+00    1.7713508629E-01   -4.3849909175E-01   -1.6488432104E-01
    4.2921537055E-01    4.5518733449E-02    4.8027074694E-01    9.8888391390E-01
    1.1708349376E-01    2.0234781043E-01    5.3668771142E-02   -4.7180305595E-01
    2.0703003470E+00    9.2057098662E-03    1.1154674075E-01   -1.2084993705E-01
   -2.0702633514E+00    2.9029197687E-01   -1.0887375072E-01    9.6002096638E-01
   -1.6649840983E+00    2.9469871141E-01   -3.0579683411E-02    5.6782820026E-01
   -2.9175376641E+00    2.7012443664E-01   -3.3988401313E-01    2.3675326871E-01
   -1.8758854148E+00    7.2960725547E-02   -6.5391696149E-01   -9.9999362541E-01
   -1.3331174573E-01    2.9279096323E-01    5.2114578399E-02   -9.9593009711E-01
    2.6929697489E+00    1.0319128972E-01    2.4745698220E-01   -4.6232082796E-01
    1.6057121429E+00    2.5081599061E-01   -1.8799022787E-01    3.9935137449E-01
    1.2194502623E+00    1.0490091984E-01    7.5064757525E-02   -4.6170227128E-01
   -2.6318910879E+00    2.6780196857E-01   -2.8345832064E-01    5.8737462875E-01
    5.6218936185E-02    2.7537347491E-01    3.6207057691E-02   -9.9704054759E-01
   -2.2402634707E+00    2.6634829778E-01   -1.9295213903E-01    9.2852318668E-01
    4.0178918095E-01    1.4078972866E-01    8.7712041568E-02    1.3298921362E-01
   -2.4364051863E+00    1.8168851582E-01   -5.5743439092E-01   -5.2293371773E-01
    1.9918229018E+00    6.9388468043E-03    2.0971431838E-01    3.5294266391E-02
    1.7502889011E+00    2.0710218408E-02    3.7845768782E-01    1.6159413432E-01
   -2.9450214760E+00    2.2208149222E-01   -5.8205611235E-01   -5.8352429970E-01
   -2.1206501903E+00    3.6943649243E-02   -4.6860632014E-01   -5.5788423922E-01
    1.1748958066E+00    2.8204527593E-01   -1.4718275958E-01    2.9376796712E-01
   -2.7267604406E+00    1.2108000998E-01   -5.9874213242E-01   -9.0019517119E-01
   -2.5002440449E+00    1.7838638714E-01   -5.9283827022E-01   -6.4610290037E-01
   -2.4410304277E+00    1.6030005969E-01   -6.0934698784E-01   -7.9721562208E-01
   -1.7405133073E+00    1.8624468544E-01   -2.3979524932E-01    5.4080605439E-01
   -2.4601711118E+00    1.3943933498E-01   -6.2859211011E-01   -9.6561661904E-01
   -2.3104325560E+00    1.4962239961E-01   -5.7845459714E-01   -7.8901855169E-01
    1.2520494868E+00    2.9785980087E-02    5.9676582750E-01    6.8499514094E-01
    2.8477485506E+00    2.1525569110E-01    3.7152050648E-01    9.9544462916E-01
   -3.0098450629E-01    8.3247126254E-02    1.5007695197E-01    8.2538197492E-01
    1.1006021384E+00    1.8065046527E-01   -8.3625507478E-02   -9.9968509219E-01
   -3.1026050406E-01    7.8982681668E-02    1.3935620446E-01    7.7334623889E-01
   -1.9632470481E-01    1.5695987126E-01    1.2584816175E-01    6.8475915114E-01
    1.1523027583E+00    2.3237753386E-01   -1.3570703636E-01   -5.5165163935E-01
   -1.4569693198E+00    1.4583220505E-01   -2.0372013000E-01    3.0146232856E-01
    9.8433835244E-02    1.9805302665E-01    5.9329038620E-02   -3.8016967111E-01
   -1.2665404931E+00    2.7871083632E-01    2.0560104817E-02    2.7574769053E-01
    9.8066246589E-01    2.4812934759E-01   -1.1393484991E-01   -5.4187722796E-01
    2.5997717438E+00    1.2088625452E-01    3.5047304763E-01   -3.1273651819E-01
    5.5364612112E-01    2.5255125568E-01   -3.6908349514E-02   -9.0764592863E-01
   -5.0810067866E-01    2.1502096166E-01    8.4306066197E-02    2.2788887942E-01
   -3.0159682965E+00    2.5304284124E-01   -4.4159872130E-01   -1.9913804897E-01
   -1.8662086130E-01    1.5969521526E-02   -1.0727747183E-01   -7.0769861781E-03
   -3.2785883012E-01    3.8393282022E-02   -5.5475355153E-02    1.6346015642E-01
    1.6536152669E+00    2.2630072807E-01   -1.5695250144E-01    6.3754420333E-02
   -3.0657954227E+00    5.5508874300E-02    4.2113561168E-01    4.8702420832E-01
   -1.4573390099E+00    2.9654442109E-01    2.1884226425E-03    2.5791321744E-01
    1.1889116214E+00    1.1404831973E-01    4.4862703492E-02   -5.5669106295E-01
    2.6978319432E+00    2.1604530687E-01    2.5701422951E-01    9.9329144432E-01
    6.6162697705E-02    2.1408496728E-01    5.3063148085E-02   -5.7736174497E-01
    3.0715283348E+00    1.0478666029E-01    2.9910594604E-01    1.1423559492E-01
    1.6714268264E+00    9.4656303136E-02    8.5990843337E-02   -8.3207555570E-01
   -1.5219975852E+00    1.6628662661E-01   -1.8879954675E-01    5.2963189048E-01
    2.4153789549E+00    9.9750633864E-02    1.7241785998E-01   -8.1676620733E-01
    3.0232384683E+00    1.8440024842E-01    6.7928861753E-01    9.8584199072E-01
    4.1546467667E-02    1.9801297826E-01    6.6587486285E-02   -2.9930522825E-01
    9.0716292111E-01    2.5004246711E-01   -1.0128602043E-01   -6.0537025320E-01
   -1.3409477092E+00    1.6519698403E-01   -1.1314912920E-01    7.2506156174E-01
    3.0354396706E+00    4.4851356918E-02   -6.9893082415E-01   -8.2130702176E-01
    2.8240115432E+00    1.3989749719E-01    5.4635904319E-01    3.3641923178E-01
   -2.8118262639E+00    1.3692525888E-01   -6.6089655874E-01   -9.5310938499E-01
    1.5714632586E-01    2.3396316508E-01    3.1980190706E-02   -8.8736891465E-01
    9.8162490404E-01    2.0532656876E-01   -9.5167072477E-02   -9.6423744699E-01
    9.0806309815E-01    9.2399001236E-03    7.8013496343E-01    9.9870846804E-01
   -9.6099844386E-01    2.6047023997E-01    5.1641198440E-02    1.3232285636E-01
   -2.4486973111E+00    2.1776055433E-01   -4.2421515947E-01    4.7579284756E-02
    3.0351181171E+00    1.0751557838E-02   -1.0837904584E+00   -9.9971228636E-01
   -2.3298706553E+00    8.0828041340E-02   -5.5262422871E-01   -8.5616923978E-01
    6.0746031601E-01    2.1466888409E-01   -3.6728731364E-02   -9.9111815098E-01
    1.3887040293E+00    2.8512291464E-01   -1.8099812731E-01    6.2213208150E-01
   -2.3220240718E+00    2.9929480882E-01   -1.4177623546E-01    9.9820653355E-01
   -1.0961855977E+00    1.0990001551E-01   -1.4274814585E-01    2.3135126399E-01
    1.4298389384E+00    1.7613011930E-02    6.2773945115E-01    6.4107598707E-01
   -1.9075306019E+00    3.6998502375E-02   -6.4076137513E-01   -7.9100556578E-01
    4.2043969485E-01    2.6119518551E-01   -1.4315583082E-02   -9.2828016983E-01
    1.0600909482E+00    1.6032807638E-01   -5.0452646531E-02   -9.2758615901E-01
   -1.0160622209E+00    2.7572180345E-01    4.8757038768E-02   -4.5264045613E-02
    2.4050571069E+00    1.0361646629E-01    1.9301017247E-01   -7.8655805018E-01
    1.3016223373E+00    2.8046907019E-01   -1.6791686228E-01    4.4513516806E-01
   -2.3186684384E+00    5.9451709498E-03    8.4802189793E-02    2.3267880699E-01
   -1.4014698133E+00    2.4206253708E-03   -8.4888430405E-01   -8.8230944886E-01
    5.3197621582E-01    6.6365376641E-02    3.9189442051E-01    9.3551487694E-01
    2.7719690770E+00    2.6825039329E-01    1.3517037906E-04    6.3152221768E-01
    1.7335044335E+00    6.5196493417E-02    1.4839641116E-01   -5.4182522342E-01
   -1.1867821003E+00    7.5408961336E-02   -4.1332881162E-01   -4.7216074275E-01
    2.8899942142E+00    1.2300722738E-01    4.7782265672E-01    1.5289772421E-01
    2.5263467518E+00    1.7788003484E-01    3.2355911400E-01    5.1891566811E-01
   -3.4524398717E-01    9.0421880457E-02    1.4176393982E-01    8.5579031556E-01
   -1.5013622095E+00    6.3192561413E-02   -6.5149306937E-01   -9.2166070492E-01
   -1.1566585109E+00    1.9440363499E-01   -1.5022317400E-02    9.9987543109E-01
    6.7771787562E-01    1.3338307480E-01    5.6406811372E-02   -1.5335153475E-01
   -1.9483452032E+00    1.7467493708E-03   -3.6538338353E-01   -2.4635709843E-01
   -1.5264327084E+00    5.6710152664E-02   -6.9692088941E-01   -9.6888931288E-01
   -7.6943270673E-01    1.8196753386E-01    6.7591858802E-02    9.2712087448E-01
    1.0518992661E+00    2.8188283477E-01   -1.2573692077E-01    1.1066892991E-01
    1.2766770791E+00    5.0298541340E-02    4.0730065453E-01    3.5898418229E-01
   -2.6849146984E+00    1.0196238624E-01   -5.0524176101E-01   -7.5545190681E-01
    1.0248508252E+00    1.8890963101E-01   -8.5542793416E-02   -9.9861770612E-01
   -8.0083671520E-02    4.3737986072E-02    1.8906770089E-01    5.8686296234E-01
   -2.1832390946E+00    1.2358708638E-01   -5.7226347264E-01   -9.1809905434E-01
    2.4976597909E+00    1.2933813507E-01    3.3772595467E-01   -3.2104465650E-01
   -7.1741682395E-01    2.5843422695E-01    6.9493141981E-02   -1.9658443819E-01
   -1.4622386695E+00    2.3059911659E-01   -5.7557733364E-02    9.8457858272E-01
    2.5479675031E+00    1.8023652965E-01    3.2977283311E-01    5.7963119439E-01
    2.0353941353E+00    1.2491146268E-02    1.4219947013E-01   -1.2459683939E-01
   -2.0041643034E+00    1.2934850692E-01   -5.0356890698E-01   -7.1470759416E-01
    3.0319805998E+00    5.7361879622E-02   -5.0175808148E-01   -6.8538546249E-01
    1.2155346234E+00    1.4330734572E-01   -2.9111451116E-02   -9.0451866993E-01
   -1.6538538319E+00    2.9460375570E-01   -2.8833002991E-02    5.5535687779E-01
    5.8988999133E-01    1.4036373163E-01    5.5602463883E-02   -1.4101667748E-01
   -3.0399164804E+00    2.8543909170E-01   -3.0487873082E-01    3.1183123395E-01
   -2.4214789034E+00    7.0976033654E-02   -4.5556807362E-01   -6.6093677455E-01
   -1.9009593398E+00    1.9511035301E-01   -2.8436630380E-01    4.6373324384E-01
   -2.4201120271E+00    7.6260281451E-02   -4.8761080800E-01   -7.2731601615E-01
   -1.8016122449E-01    4.6561790886E-03   -2.0595018926E-01   -1.8953314542E-01
   -2.5020315007E+00    1.0071855851E-01   -5.6062020683E-01   -8.9543902800E-01
    2.8393766694E+00    4.9780991313E-02   -4.7851804796E-01   -9.2213578807E-01
    5.7211705065E-01    2.2887645742E-01   -3.5872381801E-02   -9.9841245229E-01
   -8.1908760356E-01    1.0689646270E-02   -7.6353365675E-01   -8.6542038429E-01
   -1.0861320584E+00    2.1127947767E-01    1.4217094107E-02    9.1715528467E-01
    4.4991080657E-01    5.8543843843E-02    4.2852013823E-01    9.9456085854E-01
    1.0035461729E+00    1.5182632676E-01   -3.0420374002E-02   -8.1794034764E-01
   -2.2790830126E+00    7.9714178501E-02   -5.6963188110E-01   -8.8428455345E-01
    9.5358832145E-03    2.5650844567E-01    4.4512120475E-02   -9.5067303246E-01
   -1.0523688047E+00    6.0473510923E-02   -4.5484672399E-01   -5.1868023022E-01
   -1.6252562565E+00    1.7067717912E-01   -2.2562812308E-01    4.6026638334E-01
    1.9491774438E+00    2.4020937818E-01   -1.5500230827E-01    6.7781248698E-01
   -1.4221689314E-01    2.6277124385E-01    5.7722609017E-02   -9.0643919527E-01
   -1.7742455030E-01    5.2816702483E-02    1.5073206956E-01    5.9421238771E-01
    1.8865299603E+00    1.2900480328E-01    8.3637249939E-02   -9.4873912534E-01
    7.7515429398E-01    1.7128770321E-01   -2.8779642473E-02   -8.1210453099E-01
    1.9300019480E+00    1.2489273785E-01    9.8718546333E-02   -9.5032328434E-01
   -9.7755179740E-01    7.9868271584E-02   -2.4916362572E-01   -1.0152816067E-01
   -5.3977450002E-01    7.9027644234E-02    1.9202221167E-02    5.1465021573E-01
   -1.5074231328E+00    1.5150569489E-01   -2.1419326376E-01    3.2165999637E-01
    1.9026217592E+00    9.1087988484E-02    9.0692336876E-02   -9.5470407193E-01
    2.3968686496E+00    2.3645857219E-02   -2.7263941282E-01   -7.5635431878E-01
   -2.0122277063E+00    8.6710273920E-02   -6.1754926200E-01   -9.9942269838E-01
    2.7546188350E+00    8.5536829211E-02    4.8048029591E-02   -6.3636759829E-01
    2.9924859520E+00    1.8199025998E-01    6.6278231684E-01    9.6746662986E-01
   -5.2928515820E-01    3.1515971778E-02   -3.0913101664E-01   -2.5267871577E-01
   -1.7748503777E-01    1.7425225514E-01    1.0678735866E-01    4.1737709492E-01
   -9.3809119259E-01    9.7258136900E-02   -1.1839818927E-01    2.5186767130E-01
   -7.1256074369E-01    1.8150961141E-02   -6.1475237495E-01   -6.8798940999E-01
    2.2952941995E+00    2.3735201071E-01   -6.0801261091E-02    9.3741732272E-01
   -1.9805019043E+00    2.6615925484E-01   -1.3033241152E-01    9.9998181231E-01
    6.3189718622E-01    1.7963052345E-01   -1.3844856746E-02   -7.6780562018E-01
    1.2157049395E-01    1.9885305565E-01    5.5587541058E-02   -4.2444963845E-01
    2.5825479755E+00    9.6874350786E-02    1.7434287378E-01   -6.8468705838E-01
    2.5661618637E+00    2.8754464763E-01   -1.5957201409E-01    6.1514138945E-01
    2.4969435180E+00    1.9048552295E-01    2.5303954191E-01    6.5701601307E-01
   -2.1248628880E+00    2.2294671074E-01   -2.8558894983E-01    5.8262862226E-01
    9.9317446699E-01    5.9526425788E-02    4.0690297880E-01    5.9298924218E-01
    3.9667511266E-02    1.4690358206E-01    1.2579496902E-01    5.4140386480E-01
   -2.6964054263E-01    2.3467732041E-01    7.4075421266E-02   -4.4719655903E-01
    1.4788986414E+00    2.6009740844E-01   -1.8610988952E-01    3.7015021847E-01
    7.8800059574E-01    7.2479738132E-02    3.3595209858E-01    6.6029198462E-01
    2.1293609253E+00    2.4573512529E-01   -1.3613604041E-01    8.9546336695E-01
   -1.0509641725E+00    2.1301521933E-01    2.2456259822E-02    8.8123762220E-01
    2.0435227449E-01    2.4866924881E-01    2.1197171025E-02   -9.8768306935E-01
    1.5972860786E+00    2.0580954892E-01   -1.2548614661E-01   -3.6236779498E-01
    2.9414845754E+00    6.5743602471E-02   -3.0924820891E-01   -6.7993014123E-01
    2.1826312593E+00    2.3438539269E-01   -8.7052969044E-02    8.3900703739E-01
    1.8979096548E+00    6.3654915072E-02    9.5738637592E-02   -7.1237440081E-01
    2.4511623157E+00    2.4350446879E-01   -2.5686899717E-02    9.9985995599E-01
   -1.4864348290E+00    2.8521833110E-01   -8.4553816065E-03    4.7768902293E-01
   -1.3195693230E+00    2.9935296339E-01    2.1141718775E-02    6.2205751160E-03
   -4.7321711640E-01    1.2845299353E-01    1.2781753211E-01    9.9631439157E-01
   -1.7891174571E+00    2.7174250032E-01   -7.8038428546E-02    9.2547721678E-01
    2.5977391856E-01    5.8758659327E-02    3.8074594768E-01    9.8434311573E-01
   -1.0632465664E+00    7.7782188474E-02   -3.1910742003E-01   -2.6276639723E-01
   -2.3753521298E+00    5.6133640769E-02   -3.8382302823E-01   -5.1212783675E-01
    1.7490105966E+00    1.6342164739E-01   -9.2074224505E-03   -7.6268690554E-01
   -7.3285326812E-01    4.4273270308E-02   -3.6582020935E-01   -3.3615334649E-01
   -1.0906323855E+00    2.7762439698E-01    4.1586509831E-02    3.4061546737E-02
    7.6854580420E-01    1.3044051028E-01    4.8589544893E-02   -2.3762924973E-01
   -2.0867151664E+00    6.4299995229E-02   -6.1520269201E-01   -8.9576342058E-01
   -3.9347635524E-01    2.1854613879E-01    8.3944513808E-02   -2.2584799288E-03
   -1.9680538070E+00    2.1249937349E-01   -2.6030536505E-01    6.2775853289E-01
    1.7123108668E-01    1.2966926731E-01    1.4450695807E-01    6.2037835967E-01
    1.4323094339E+00    1.8672831252E-01   -1.0208349119E-01   -8.1008254015E-01
   -1.1210567390E+00    1.1420363188E-01   -1.3744444583E-01    2.6643362649E-01
    1.1259971008E+00    1.3010237231E-01    4.1424703929E-03   -6.9636780478E-01
    1.4068074602E+00    5.2784626799E-02    3.3866714850E-01    1.2914491887E-01
   -2.7181510777E+00    8.1033945980E-02   -3.1753482545E-01   -4.3398106181E-01
    1.3825035899E+00    5.0846842361E-02    3.6308330592E-01    1.9775905547E-01
    1.3771831488E+00    2.1273331411E-01   -1.3978530503E-01   -5.5024905252E-01
   -1.5320577614E+00    2.1036948165E-01   -1.0920069690E-01    9.6255457438E-01
    3.9190577023E-01    1.0263617621E-01    2.0212405408E-01    7.1742485672E-01
    5.7778285157E-01    2.6734679109E-01   -4.1458465498E-02   -7.5038244192E-01
    1.6364109744E+00    2.3521050237E-01   -1.7057047641E-01    1.8907797280E-01
    4.1599718429E-01    3.5865500050E-02    4.9990747939E-01    9.4473701393E-01
   -1.6854296288E+00    1.5441635222E-01   -2.9230724070E-01    1.0998076729E-01
    6.8180973819E-01    1.8508156371E-01   -2.8549521965E-02   -8.6412742580E-01
    1.5036635747E+00    8.0759762606E-02    1.4506037789E-01   -4.7393921359E-01
   -7.6909747256E-01    1.2555645391E-01    4.7061087461E-02    8.3690473600E-01
    1.0374308621E+00    2.7786255037E-01   -1.2376296430E-01    2.0501718674E-02
    2.3462250731E+00    8.2474535284E-02    5.6946874785E-02   -9.7674039531E-01
    1.6621238171E+00    4.4323279882E-03    5.5845381278E-01    5.4188341819E-01
    2.8282564003E+00    1.5248034046E-01    5.7806840508E-01    5.3496714606E-01
   -1.0024514666E+00    1.3068267769E-01   -3.2784188093E-02    6.6624260571E-01
   -1.5317001786E+00    2.5314859731E-01   -4.5793357751E-02    8.9740920050E-01
    4.9712657614E-01    7.2905582075E-04    5.4878770696E-01    6.8757675455E-01
   -8.6845351415E-03    2.4106669476E-01    5.0557258574E-02   -8.2161080533E-01
   -3.0150824844E+00    1.2103285029E-01   -5.2394157979E-01   -6.3416541144E-01
   -2.0068231479E+00    1.1045372735E-01   -5.5401526000E-01   -9.0141609692E-01
    7.9110842355E-01    1.6122882533E-02    7.1599376520E-01    9.9410240301E-01
   -3.1106787118E-01    1.1198269502E-02   -2.9426481827E-01   -2.7180569821E-01
    8.1366929029E-01    1.1207224460E-02    7.4387146478E-01    9.8741673365E-01
    1.8595064702E+00    2.1548393951E-01   -1.1126409246E-01    1.8671720789E-01
   -1.0902107738E+00    1.2133953154E-01   -9.6515521066E-02    4.2402359785E-01
   -5.3127686568E-01    6.1086768241E-02   -6.7877652245E-02    2.4431129880E-01
    8.9746442530E-01    2.9217834751E-01   -9.5500211217E-02    5.5124359183E-02
   -1.3450139668E+00    2.5010620005E-01   -9.9670507030E-03    7.7443067200E-01
   -2.2123580127E+00    1.6011342812E-01   -5.2075910894E-01   -5.5040478597E-01
    2.7776381834E+00    1.1319986269E-01    3.5843823585E-01   -1.8158917464E-01
    1.0570272683E+00    2.4469849675E-01   -1.2600514669E-01   -4.9404944044E-01
    2.5251339088E+00    2.8361698126E-01   -1.5721164370E-01    7.1120797750E-01
    2.3047100126E+00    2.0790586897E-03   -1.8106257158E-01   -3.4383234357E-01
   -2.8277136988E+00    7.8006264925E-03    7.7597860717E-01    8.2301396334E-01
    7.7139421408E-01    7.8185929123E-02    2.9633371298E-01    6.0408837705E-01
    1.3359574079E+00    2.6724393813E-01   -1.7187011841E-01    2.8294579877E-01
    6.8035514236E-01    1.9784509505E-01   -3.9561782090E-02   -9.5187879136E-01
    1.6170925247E+00    2.2081911283E-01   -1.4993434010E-01   -8.4543918730E-02
    9.9594079746E-01    1.5880949161E-01   -4.1528930721E-02   -8.7514121728E-01
    1.6110747295E+00    2.2942586697E-01   -1.6305481869E-01    5.3357460184E-02
    2.6543912471E+00    1.8846874674E-01    3.7158150740E-01    7.9473253627E-01
   -1.0806622282E+00    1.0896543126E-01   -1.3878333555E-01    2.3846331111E-01
    4.4792929137E-01    1.7036689509E-01    3.0713385707E-02   -4.2700623720E-01
   -2.9177653393E+00    8.9956648147E-02   -2.5715941947E-01   -2.9737139111E-01
   -2.9163962414E+00    1.5082304017E-01   -7.1372395808E-01   -9.7438081751E-01
    2.6788417896E+00    1.1829639996E-01    3.6599399918E-01   -2.4131214443E-01
   -3.7184502613E-01    2.1927590875E-01    8.3355411807E-02   -4.7156784257E-02
   -1.7413349743E+00    2.9807180722E-01   -4.0467154251E-02    6.1371615820E-01
    2.4255418759E+00    1.5153117461E-01    3.1755808416E-01   -5.5791330699E-02
    8.9697203149E-01    2.1031121817E-01   -8.5677517237E-02   -9.7447330599E-01
    3.0209075483E+00    9.8989769996E-02    2.1334662645E-01   -6.0454077263E-02
    2.7583618276E+00    2.9385978374E-01   -1.2519696178E-01    2.6322668419E-01
   -2.1913179024E+00    4.4541155741E-02   -4.5946867922E-01   -5.7748375419E-01
    1.4678381621E+00    1.8472084697E-01   -9.6828160884E-02   -7.9880080708E-01
    1.8285334020E+00    2.1023136141E-01   -1.0417518493E-01    5.1591782768E-02
    6.1434057377E-02    2.9245391626E-01    3.4179445614E-02   -9.2991618764E-01
   -2.5992012219E+00    1.5614133457E-01   -6.6313838413E-01   -9.4281615199E-01
    2.4758832672E+00    2.7956976366E-01   -1.5660411452E-01    8.0414846589E-01
    3.8217912906E-01    5.9489577402E-02    4.1080086891E-01    9.9982125726E-01
    2.2676949115E+00    7.4043987061E-02    1.6819384533E-02   -9.9895430618E-01
   -5.6674717353E-01    2.5447833225E-01    7.4511582440E-02   -3.4879726488E-01
   -1.2854137966E+00    1.8619584493E-01   -6.2923563624E-02    9.4999187395E-01
    8.0455286614E-01    2.2732801448E-01   -7.8052535119E-02   -9.2920054541E-01
   -5.3565080973E-01    1.5596715166E-01    1.0939649975E-01    9.5808002115E-01
    1.3377522086E+00    2.8219427370E-01   -1.7341805559E-01    5.1841529337E-01
   -1.8108579188E+00    1.0395870501E-01   -5.1805612121E-01   -8.0759050315E-01
    9.7661238238E-01    2.1441725992E-01   -1.0077164563E-01   -9.1469267072E-01
   -1.8452146743E+00    2.1936884967E-01   -1.9660239078E-01    8.3066468677E-01
   -3.0426826709E+00    1.8536801729E-03    1.0832784629E+00    9.8383709710E-01
    2.6100197096E+00    1.6110165478E-01    4.2577063270E-01    3.7501880694E-01
    7.2478294889E-01    2.7569973152E-01   -6.7154810562E-02   -4.6658209504E-01
   -7.5597661739E-01    1.4316372590E-01    6.7023255743E-02    9.6672981778E-01
    4.7131052699E-02    1.7390227948E-01    8.8470332208E-02    9.9447940819E-02
    1.6067192870E+00    2.6129882960E-01   -1.9671299104E-01    5.5754794725E-01
   -1.4022301284E+00    2.7562136399E-01   -1.1837133369E-03    5.1043316822E-01
   -2.1119425069E+00    1.0389831098E-01   -5.8944927602E-01   -9.8418515286E-01
   -2.3910405336E+00    1.2062250352E-01   -6.0906681325E-01   -9.9897937299E-01
   -2.7117248564E+00    8.5829245774E-02   -3.6758559904E-01   -5.1454634465E-01
   -2.5450414372E+00    2.9289657509E-01   -1.9489000797E-01    9.2719379209E-01
    1.5530201859E+00    7.5752868912E-02    1.5725915507E-01   -4.6377056205E-01
   -6.6748260470E-02    1.6142332287E-01    1.1426924103E-01    4.6501029386E-01
   -1.2179177257E+00    1.8498580848E-01   -4.2124866413E-02    9.7204273009E-01
   -2.3289126482E+00    2.8466671850E-01   -1.7082190206E-01    9.7999349302E-01
    2.1904639901E+00    1.7660766327E-01    1.2626542238E-01    2.0016837664E-02
    2.6369439259E+00    1.4073870991E-01    4.4048798867E-01    7.6807661869E-02
    1.1817942087E+00    2.9223111764E-01   -1.4671246759E-01    4.6403828407E-01
    6.5661841097E-01    5.5586186185E-02    4.6806023329E-01    9.3452530995E-01
    9.3673541471E-01    1.9849187392E-01   -8.3024776459E-02   -9.9646283119E-01
   -1.4054633113E+00    2.7359072022E-01   -3.0345129176E-03    5.4403087343E-01
    8.0627765650E-01    2.4782072929E-01   -8.2820517651E-02   -7.4432220497E-01
   -1.6314463757E+00    9.9797428889E-02   -4.6956768393E-01   -6.7579072117E-01
   -7.2616278307E-02    2.5527515135E-01    5.3263293976E-02   -8.9618647723E-01
    1.4655163458E+00    1.1463713743E-01    3.6063783148E-02   -8.4967298703E-01
   -1.6839829001E+00    1.0615790378E-01   -4.5905778504E-01   -6.5347564048E-01
   -1.7970952060E+00    2.3785604868E-01   -1.3845641802E-01    9.7957779096E-01
    2.5801767496E+00    1.0392476300E-01    2.3301347424E-01   -5.9500203237E-01
    8.8365217355E-01    4.9951597309E-02    5.0310414129E-01    8.2070538917E-01
   -1.1888419135E+00    1.3446685889E-01   -1.0572607523E-01    4.9186412192E-01
   -1.1553614785E+00    4.1742754659E-02   -6.7814334610E-01   -8.5201805352E-01
   -2.7312760007E+00    2.2131093424E-01   -5.1125163488E-01   -3.1039564880E-01
    7.9059157782E-01    2.1039524866E-01   -6.7715821885E-02   -9.9766856700E-01
    4.1891896349E-01    9.4780564214E-03    4.9435410113E-01    7.1057841368E-01
   -1.8742751473E+00    5.1195533522E-02   -6.8574494695E-01   -9.3380473746E-01
   -3.0211959897E+00    2.0356855452E-01   -6.9769961412E-01   -8.6922585762E-01
   -1.1220144448E+00    1.4418744146E-02   -8.6297170837E-01   -9.9101772602E-01
    1.4164542579E+00    2.7364398621E-01   -1.8370306095E-01    4.9423978464E-01
   -1.1223209364E+00    9.7148306646E-02   -2.2262160222E-01   -2.3609315223E-02
   -5.7143444867E-02    8.4417092092E-02    2.3217955841E-01    9.7715391504E-01
    2.3614787263E+00    1.6400010425E-01    2.5818574672E-01    6.1090251214E-02
   -6.1720692511E-01    1.6016834565E-01    9.6321739009E-02    9.7133330887E-01
   -1.6716664011E+00    1.6587715205E-01   -2.5793732926E-01    3.2088812347E-01
   -9.8562103166E-01    6.3236859259E-02   -3.8619295174E-01   -3.8754826905E-01
    1.4753201762E+00    2.8847508655E-01   -1.9333841863E-01    7.5696909096E-01
    1.8251115891E+00    1.7856183462E-01   -2.3887163134E-02   -4.7469861713E-01
    3.7719464815E-01    3.7708775014E-02    4.7793892893E-01    9.3564485611E-01
   -1.4737168229E+00    9.1106616354E-02   -4.5085697184E-01   -6.0831293799E-01
    1.4660698717E+00    1.1345902913E-01    3.8905138764E-02   -8.3933894830E-01
    8.1729046292E-01    8.6126810558E-02    2.3523485606E-01    4.2964504668E-01
    8.9242981474E-01    1.6678707233E-01   -4.0657698863E-02   -8.6580932842E-01
   -2.6926076504E+00    2.1984953508E-01   -5.0438542830E-01   -2.7883046506E-01
   -1.0627830816E+00    5.9559853860E-02   -4.6960111234E-01   -5.4512539637E-01
    2.6150608042E-02    1.9401041994E-01    7.1543363324E-02   -2.1088786964E-01
   -6.8437244918E-01    1.2232014272E-01    7.0819112112E-02    8.7401048336E-01
   -1.1605186217E-01    2.6003290476E-01    5.6126888072E-02   -9.0322923895E-01
    2.2425362701E+00    7.0624343428E-02    4.7815083007E-03   -9.8994887099E-01
   -2.6567591055E+00    1.8241402158E-01   -6.4119457077E-01   -7.6331179734E-01
   -6.2017011775E-01    1.9622162418E-01    8.3868831427E-02    6.5879612450E-01
    3.0635120529E+00    2.8781495067E-01    4.0499688194E-02   -8.7964539025E-02
   -7.5488789379E-01    1.2854481969E-01    5.5748136674E-02    8.7429278119E-01
   -1.0788192951E+00    1.9358145295E-01    4.9978357606E-03    9.9298763847E-01
   -2.6093092315E+00    2.5332076180E-01   -3.3025289825E-01    4.0251158702E-01
   -1.4854207869E+00    2.0645868523E-02   -8.2404344992E-01   -9.5397274135E-01
   -2.8669547142E-01    1.8531321890E-01    1.0088233356E-01    3.9437330671E-01
   -2.7362966798E+00    2.3096282890E-01   -4.6663013994E-01   -1.5756914403E-01
   -1.2673728415E+00    1.9482032179E-01   -4.6965809425E-02    9.8976899144E-01
    1.6343086983E+00    3.6892606566E-02    3.4241067476E-01    5.9749228398E-02
    5.3362669075E-01    1.1757890986E-01    1.2717536446E-01    3.2612988098E-01
   -2.8470352283E+00    2.7521615676E-01   -3.0525724604E-01    4.1848193409E-01
   -2.1258498267E+00    1.8175774914E-01   -4.2343101083E-01   -8.3176989522E-02
   -8.4173192427E-01    1.5909912264E-01    5.0465047270E-02    9.9339058995E-01
   -1.2373761291E+00    2.0857043720E-02   -8.4709098006E-01   -9.9747386605E-01
    1.2450283682E-01    2.5211776917E-01    3.1511515153E-02   -9.7633924912E-01
   -1.9002613676E+00    9.6359527678E-02   -5.7445154999E-01   -9.3348076416E-01
    3.0583511929E+00    2.7386481888E-01    1.2600531457E-01    1.5735725293E-01
   -5.2243822631E-01    2.7340298681E-01    7.1736635271E-02   -6.7877731787E-01
    1.8896811585E+00    2.3039341750E-01   -1.4162753681E-01    4.6870478593E-01
   -2.6161090888E+00    2.7294083406E-01   -2.6305614511E-01    6.7376076793E-01
   -1.5317397418E+00    9.7376905582E-02   -4.3897608595E-01   -5.9223830912E-01
    2.4383143221E+00    2.8174441676E-01   -1.7235461046E-01    8.1541108850E-01
    1.1206443773E+00    2.4775145730E-01   -1.3671676714E-01   -3.6082545902E-01
    1.7263335929E+00    5.4059888410E-02    1.9156072434E-01   -3.6308024007E-01
    1.4094424138E+00    1.4003468463E-01   -1.9616368082E-02   -9.7893836375E-01
    4.0883197143E-01    9.9652198397E-02    2.1296696943E-01    7.3501815967E-01
   -4.8407998666E-01    6.7355068068E-03   -5.2514580486E-01   -5.7371756238E-01
   -2.2753696675E-01    6.7901668202E-02    1.6026940804E-01    7.3036639922E-01
   -2.6327373340E+00    2.2113560612E-01   -4.7688688792E-01   -1.6996766419E-01
   -2.8493226726E-01    1.8971448921E-01    9.7601590384E-02    3.2171587399E-01
   -8.7049548927E-01    2.6832255598E-01    6.0257364339E-02   -1.3677643888E-01
   -2.5827934900E+00    1.6851887608E-01   -6.4578627509E-01   -8.3869756856E-01
   -9.8620333043E-01    2.0111157921E-01    3.0123439492E-02    9.2639283419E-01
    2.5507013680E+00    1.3982254158E-01    3.8884518755E-01   -6.8081344957E-02
    2.0430863134E+00    2.0902756653E-01   -4.6055790084E-02    3.4559811587E-01
    2.1391318755E-01    1.3642685735E-02    3.1218499342E-01    5.2606580099E-01
   -1.5627993242E+00    8.4367969592E-02   -5.3367338050E-01   -7.8499814385E-01
   -2.3212245148E+00    2.7654193058E-01   -1.8728384617E-01    9.4679963642E-01
    1.9591653782E+00    2.5670323789E-01   -1.8754086597E-01    8.6320208934E-01
   -2.2677326005E+00    8.6913946865E-02   -5.8710997313E-01   -9.4080584491E-01
   -3.0279657285E+00    2.5969808655E-01   -4.1188383038E-01   -1.0457178661E-01
   -1.8392519420E-02    1.8577165164E-01    8.3546267785E-02   -4.9013768509E-03
    1.9452757345E+00    9.6054333265E-02    9.4998391949E-02   -9.8827300053E-01
    1.1839310039E+00    2.2145034460E-01   -1.3304042837E-01   -6.6208843341E-01
    7.1077937986E-01    1.4534963440E-01    2.3978773629E-02   -3.9678455745E-01
   -9.4715778281E-02    1.6838730430E-01    1.0804832580E-01    3.9549925663E-01
    2.8576647649E+00    6.9096071930E-02   -2.1578600843E-01   -7.2849125485E-01
   -2.8948651954E+00    1.5712494325E-01   -7.2661005652E-01   -9.9622878283E-01
   -2.9638647001E+00    2.4105081806E-01   -4.8836967524E-01   -3.2140973499E-01
    9.1973291424E-01    2.0688911860E-01   -8.7009717444E-02   -9.7964621973E-01
    1.6042507051E+00    2.0141736919E-01   -1.1673513905E-01   -4.2177734834E-01
    2.0459683585E+00    7.2739205763E-02    5.8190800631E-02   -9.2081979912E-01
    1.8513978936E+00    2.7763517600E-01   -2.1998520360E-01    9.4499155980E-01
    1.9538075956E+00    1.5076685277E-01    8.1582178278E-02   -7.0077328684E-01
    8.7965697964E-01    2.8967058347E-01   -9.2848968336E-02   -1.4405854593E-02
    1.5076660485E+00    2.7924155628E-01   -1.9610300378E-01    6.8121246761E-01
    2.3757339902E+00    9.4638555739E-02    1.3542616126E-01   -8.9238183411E-01
    7.5081722483E-01    5.0808562614E-02    5.0348673493E-01    9.1163916002E-01
   -1.6088549491E+00    2.5641923025E-01   -5.8946971558E-02    9.2219254631E-01
   -1.4892721191E+00    2.5952019613E-01   -2.9942934595E-02    8.0835651050E-01
