   -3.1066860685E+00    0.0000000000E+00    1.1622362932E+00    9.9862953475E-01
   -3.0368728985E+00    0.0000000000E+00    1.0858210670E+00    9.8768834060E-01
   -2.9670597284E+00    0.0000000000E+00    1.0057057140E+00    9.6592582629E-01
   -2.8972465583E+00    0.0000000000E+00    9.2210290844E-01    9.3358042650E-01
   -2.8274333882E+00    0.0000000000E+00    8.3527668650E-01    8.9100652419E-01
   -2.7576202182E+00    0.0000000000E+00    7.4554183626E-01    8.3867056795E-01
   -2.6878070481E+00    0.0000000000E+00    6.5326250708E-01    7.7714596146E-01
   -2.6179938780E+00    0.0000000000E+00    5.5885011497E-01    7.0710678119E-01
   -2.5481807079E+00    0.0000000000E+00    4.6276061614E-01    6.2932039105E-01
   -2.4783675378E+00    0.0000000000E+00    3.6549120516E-01    5.4463903502E-01
   -2.4085543678E+00    0.0000000000E+00    2.6757647635E-01    4.5399049974E-01
   -2.3387411977E+00    0.0000000000E+00    1.6958407103E-01    3.5836794955E-01
   -2.2689280276E+00    0.0000000000E+00    7.2109824967E-02    2.5881904510E-01
   -2.1991148575E+00    0.0000000000E+00   -2.4227568988E-02    1.5643446504E-01
   -2.1293016874E+00    0.0000000000E+00   -1.1879235932E-01    5.2335956243E-02
   -2.0594885174E+00    0.0000000000E+00   -2.1093795724E-01   -5.2335956243E-02
   -1.9896753473E+00    0.0000000000E+00   -3.0001352710E-01   -1.5643446504E-01
   -1.9198621772E+00    0.0000000000E+00   -3.8537087733E-01   -2.5881904510E-01
   -1.8500490071E+00    0.0000000000E+00   -4.6637157243E-01   -3.5836794955E-01
   -1.7802358370E+00    0.0000000000E+00   -5.4239418020E-01   -4.5399049974E-01
   -1.7104226670E+00    0.0000000000E+00   -6.1284156571E-01   -5.4463903502E-01
   -1.6406094969E+00    0.0000000000E+00   -6.7714814321E-01   -6.2932039105E-01
   -1.5707963268E+00    0.0000000000E+00   -7.3478699837E-01   -7.0710678119E-01
   -1.5009831567E+00    0.0000000000E+00   -7.8527679308E-01   -7.7714596146E-01
   -1.4311699866E+00    0.0000000000E+00   -8.2818836479E-01   -8.3867056795E-01
   -1.3613568166E+00    0.0000000000E+00   -8.6315093017E-01   -8.9100652419E-01
   -1.2915436465E+00    0.0000000000E+00   -8.8985780068E-01   -9.3358042650E-01
   -1.2217304764E+00    0.0000000000E+00   -9.0807151592E-01   -9.6592582629E-01
   -1.1519173063E+00    0.0000000000E+00   -9.1762830113E-01   -9.8768834060E-01
   -1.0821041362E+00    0.0000000000E+00   -9.1844175853E-01   -9.9862953475E-01
   -1.0122909662E+00    0.0000000000E+00   -9.1050571005E-01   -9.9862953475E-01
   -9.4247779608E-01    0.0000000000E+00   -8.9389612065E-01   -9.8768834060E-01
   -8.7266462600E-01    0.0000000000E+00   -8.6877204746E-01   -9.6592582629E-01
   -8.0285145592E-01    0.0000000000E+00   -8.3537557864E-01   -9.3358042650E-01
   -7.3303828584E-01    0.0000000000E+00   -7.9403074572E-01   -8.9100652419E-01
   -6.6322511576E-01    0.0000000000E+00   -7.4514141352E-01   -8.3867056795E-01
   -5.9341194568E-01    0.0000000000E+00   -6.8918816850E-01   -7.7714596146E-01
   -5.2359877560E-01    0.0000000000E+00   -6.2672424109E-01   -7.0710678119E-01
   -4.5378560552E-01    0.0000000000E+00   -5.5837050674E-01   -6.2932039105E-01
   -3.8397243544E-01    0.0000000000E+00   -4.8480961590E-01   -5.4463903502E-01
   -3.1415926536E-01    0.0000000000E+00   -4.0677930621E-01   -4.5399049974E-01
   -2.4434609528E-01    0.0000000000E+00   -3.2506495125E-01   -3.5836794955E-01
   -1.7453292520E-01    0.0000000000E+00   -2.4049140485E-01   -2.5881904510E-01
   -1.0471975512E-01    0.0000000000E+00   -1.5391420797E-01   -1.5643446504E-01
   -3.4906585040E-02    0.0000000000E+00   -6.6210241012E-02   -5.2335956243E-02
    3.4906585040E-02    0.0000000000E+00    2.1732073272E-02    5.2335956243E-02
    1.0471975512E-01    0.0000000000E+00    1.0902288230E-01    1.5643446504E-01
    1.7453292520E-01    0.0000000000E+00    1.9478116689E-01    2.5881904510E-01
    2.4434609528E-01    0.0000000000E+00    2.7814496219E-01    3.5836794955E-01
    3.1415926536E-01    0.0000000000E+00    3.5828132295E-01    4.5399049974E-01
    3.8397243544E-01    0.0000000000E+00    4.3439581293E-01    5.4463903502E-01
    4.5378560552E-01    0.0000000000E+00    5.0574130632E-01    6.2932039105E-01
    5.2359877560E-01    0.0000000000E+00    5.7162591410E-01    7.0710678119E-01
    5.9341194568E-01    0.0000000000E+00    6.3141988645E-01    7.7714596146E-01
    6.6322511576E-01    0.0000000000E+00    6.8456138887E-01    8.3867056795E-01
    7.3303828584E-01    0.0000000000E+00    7.3056109941E-01    8.9100652419E-01
    8.0285145592E-01    0.0000000000E+00    7.6900562024E-01    9.3358042650E-01
    8.7266462600E-01    0.0000000000E+00    7.9955973466E-01    9.6592582629E-01
    9.4247779608E-01    0.0000000000E+00    8.2196756697E-01    9.8768834060E-01
    1.0122909662E+00    0.0000000000E+00    8.3605271808E-01    9.9862953475E-01
    1.0821041362E+00    0.0000000000E+00    8.4171745409E-01    9.9862953475E-01
    1.1519173063E+00    0.0000000000E+00    8.3894102321E-01    9.8768834060E-01
    1.2217304764E+00    0.0000000000E+00    8.2777717018E-01    9.6592582629E-01
    1.2915436465E+00    0.0000000000E+00    8.0835091247E-01    9.3358042650E-01
    1.3613568166E+00    0.0000000000E+00    7.8085463907E-01    8.9100652419E-01
    1.4311699866E+00    0.0000000000E+00    7.4554359534E-01    8.3867056795E-01
    1.5009831567E+00    0.0000000000E+00    7.0273082352E-01    7.7714596146E-01
    1.5707963268E+00    0.0000000000E+00    6.5278163869E-01    7.0710678119E-01
    1.6406094969E+00    0.0000000000E+00    5.9610773175E-01    6.2932039105E-01
    1.7104226670E+00    0.0000000000E+00    5.3316100123E-01    5.4463903502E-01
    1.7802358370E+00    0.0000000000E+00    4.6442722320E-01    4.5399049974E-01
    1.8500490071E+00    0.0000000000E+00    3.9041966972E-01    3.5836794955E-01
    1.9198621772E+00    0.0000000000E+00    3.1167278174E-01    2.5881904510E-01
    1.9896753473E+00    0.0000000000E+00    2.2873599158E-01    1.5643446504E-01
    2.0594885174E+00    0.0000000000E+00    1.4216777380E-01    5.2335956243E-02
    2.1293016874E+00    0.0000000000E+00    5.2529985016E-02   -5.2335956243E-02
    2.1991148575E+00    0.0000000000E+00   -3.9617466146E-02   -1.5643446504E-01
    2.2689280276E+00    0.0000000000E+00   -1.3372159440E-01   -2.5881904510E-01
    2.3387411977E+00    0.0000000000E+00   -2.2924094617E-01   -3.5836794955E-01
    2.4085543678E+00    0.0000000000E+00   -3.2564983556E-01   -4.5399049974E-01
    2.4783675378E+00    0.0000000000E+00   -4.2244220327E-01   -5.4463903502E-01
    2.5481807079E+00    0.0000000000E+00   -5.1913508969E-01   -6.2932039105E-01
    2.6179938780E+00    0.0000000000E+00   -6.1527170612E-01   -7.0710678119E-01
    2.6878070481E+00    0.0000000000E+00   -7.1042408021E-01   -7.7714596146E-01
    2.7576202182E+00    0.0000000000E+00   -8.0419524586E-01   -8.3867056795E-01
    2.8274333882E+00    0.0000000000E+00   -8.9622094641E-01   -8.9100652419E-01
    2.8972465583E+00    0.0000000000E+00   -9.8617082537E-01   -9.3358042650E-01
    2.9670597284E+00    0.0000000000E+00   -1.0737490905E+00   -9.6592582629E-01
    3.0368728985E+00    0.0000000000E+00   -1.1586946562E+00   -9.8768834060E-01
    3.1066860685E+00    0.0000000000E+00   -1.2407807908E+00   -9.9862953475E-01
   -3.1415926536E+00    6.2500000000E-03    1.1688954005E+00    9.9430367289E-01
    3.1415926536E+00    6.2500000000E-03   -1.2392135193E+00   -9.9430367289E-01
   -3.1415926536E+00    1.8750000000E-02    1.0671798168E+00    9.4912169437E-01
    3.1415926536E+00    1.8750000000E-02   -1.1267671085E+00   -9.4912169437E-01
   -3.1415926536E+00    3.1250000000E-02    9.1400337582E-01    8.6081084369E-01
    3.1415926536E+00    3.1250000000E-02   -9.8117210615E-01   -8.6081084369E-01
   -3.1415926536E+00    4.3750000000E-02    7.2122567745E-01    7.3338403869E-01
    3.1415926536E+00    4.3750000000E-02   -8.0462022329E-01   -7.3338403869E-01
   -3.1415926536E+00    5.6250000000E-02    5.0589464491E-01    5.7263165844E-01
    3.1415926536E+00    5.6250000000E-02   -5.9788953380E-01   -5.7263165844E-01
   -3.1415926536E+00    6.8750000000E-02    2.8527994338E-01    3.8585842359E-01
    3.1415926536E+00    6.8750000000E-02   -3.6743156182E-01   -3.8585842359E-01
   -3.1415926536E+00    8.1250000000E-02    7.2900557095E-02    1.8155146391E-01
    3.1415926536E+00    8.1250000000E-02   -1.2677864106E-01   -1.8155146391E-01
   -3.1415926536E+00    9.3750000000E-02   -1.2273177007E-01   -3.1005343945E-02
    3.1415926536E+00    9.3750000000E-02    1.0735931606E-01    3.1005343945E-02
   -3.1415926536E+00    1.0625000000E-01   -2.9718772470E-01   -2.4215324341E-01
    3.1415926536E+00    1.0625000000E-01    3.1959153355E-01    2.4215324341E-01
   -3.1415926536E+00    1.1875000000E-01   -4.4841980785E-01   -4.4229749989E-01
    3.1415926536E+00    1.1875000000E-01    4.9856444792E-01    4.4229749989E-01
   -3.1415926536E+00    1.3125000000E-01   -5.7508463009E-01   -6.2234339338E-01
    3.1415926536E+00    1.3125000000E-01    6.3760979933E-01    6.2234339338E-01
   -3.1415926536E+00    1.4375000000E-01   -6.7527938000E-01   -7.7410949007E-01
    3.1415926536E+00    1.4375000000E-01    7.3408015814E-01    7.7410949007E-01
   -3.1415926536E+00    1.5625000000E-01   -7.4629900907E-01   -8.9069941342E-01
    3.1415926536E+00    1.5625000000E-01    7.8848699731E-01    8.9069941342E-01
   -3.1415926536E+00    1.6875000000E-01   -7.8575463801E-01   -9.6681522121E-01
    3.1415926536E+00    1.6875000000E-01    8.0390483702E-01    9.6681522121E-01
   -3.1415926536E+00    1.8125000000E-01   -7.9334539011E-01   -9.9899814839E-01
    3.1415926536E+00    1.8125000000E-01    7.8539814942E-01    9.9899814839E-01
   -3.1415926536E+00    1.9375000000E-01   -7.7195472719E-01   -9.8578577621E-01
    3.1415926536E+00    1.9375000000E-01    7.3925162145E-01    9.8578577621E-01
   -3.1415926536E+00    2.0625000000E-01   -7.2735410763E-01   -9.2777848577E-01
    3.1415926536E+00    2.0625000000E-01    6.7212727251E-01    9.2777848577E-01
   -3.1415926536E+00    2.1875000000E-01   -6.6687601204E-01   -8.2761217615E-01
    3.1415926536E+00    2.1875000000E-01    5.9038261137E-01    8.2761217615E-01
   -3.1415926536E+00    2.3125000000E-01   -5.9789511789E-01   -6.8983848703E-01
    3.1415926536E+00    2.3125000000E-01    4.9965931013E-01    6.8983848703E-01
   -3.1415926536E+00    2.4375000000E-01   -5.2672270095E-01   -5.2071796842E-01
    3.1415926536E+00    2.4375000000E-01    4.0471152813E-01    5.2071796842E-01
   -3.1415926536E+00    2.5625000000E-01   -4.5808339940E-01   -3.2793559609E-01
    3.1415926536E+00    2.5625000000E-01    3.0938767104E-01    3.2793559609E-01
   -3.1415926536E+00    2.6875000000E-01   -3.9506356615E-01   -1.2025155995E-01
    3.1415926536E+00    2.6875000000E-01    2.1668854816E-01    1.2025155995E-01
   -3.1415926536E+00    2.8125000000E-01   -3.3933778775E-01    9.2896806198E-02
    3.1415926536E+00    2.8125000000E-01    1.2885451382E-01   -9.2896806198E-02
   -3.1415926536E+00    2.9375000000E-01   -2.9150663932E-01    3.0182386490E-01
    3.1415926536E+00    2.9375000000E-01    4.7459651726E-02   -3.0182386490E-01
