    7.9196613439E+00    0.0000000000E+00    1.4228609193E-03    1.4530450334E-03
   -1.3824588380E+00    0.0000000000E+00    6.4146305764E-01    6.4147302587E-01
   -4.8348369482E+00    0.0000000000E+00    3.1393928359E-02    3.1292534707E-02
    7.8324010586E+00    0.0000000000E+00    1.5539529088E-03    1.5854295737E-03
    4.7814764167E+00    0.0000000000E+00    3.2947587784E-02    3.2979161549E-02
    2.8518206367E+00    0.0000000000E+00    2.0650564924E-01    2.0643004420E-01
   -3.0908783500E+00    0.0000000000E+00    1.6630049257E-01    1.6637653353E-01
   -6.6252121857E+00    0.0000000000E+00    5.3362536568E-03    5.2919469124E-03
   -7.4685798225E+00    0.0000000000E+00    2.2665951953E-03    2.2803493769E-03
    1.4554184532E+00    0.0000000000E+00    6.1355286617E-01    6.1353650996E-01
   -3.6051146504E+00    0.0000000000E+00    1.0301643516E-01    1.0305802676E-01
   -4.9353206381E+00    0.0000000000E+00    2.8452497529E-02    2.8343681023E-02
    2.9595967492E+00    0.0000000000E+00    1.8748689083E-01    1.8742358490E-01
   -4.9429923546E+00    0.0000000000E+00    2.8239452666E-02    2.8130136786E-02
   -7.2308531128E+00    0.0000000000E+00    2.8911457287E-03    2.8914243779E-03
    3.9430037292E+00    0.0000000000E+00    7.4631314028E-02    7.4637071270E-02
   -4.4525154523E+00    0.0000000000E+00    4.5590252809E-02    4.5529951927E-02
    5.5864047928E+00    0.0000000000E+00    1.4829219180E-02    1.4882140992E-02
   -1.9720187557E+00    0.0000000000E+00    4.2892728517E-01    4.2898466806E-01
    5.7346506676E+00    0.0000000000E+00    1.2790052075E-02    1.2844881094E-02
    1.1418122681E+00    0.0000000000E+00    7.3367762332E-01    7.3371878101E-01
    6.4594282794E+00    0.0000000000E+00    6.1892648809E-03    6.2431972334E-03
   -5.3285180048E+00    0.0000000000E+00    1.9339909117E-02    1.9218100815E-02
    5.1083225566E+00    0.0000000000E+00    2.3853114257E-02    2.3895043688E-02
    3.8576277440E+00    0.0000000000E+00    8.1011365506E-02    8.1014294275E-02
    4.6017888506E-01    0.0000000000E+00    9.4874461303E-01    9.4887281012E-01
    3.8077220748E+00    0.0000000000E+00    8.4978851794E-02    8.4979988295E-02
    4.2375025049E+00    0.0000000000E+00    5.6126536248E-02    5.6141008043E-02
   -6.2312715243E+00    0.0000000000E+00    7.9138389032E-03    7.8369370925E-03
    4.8474888951E+00    0.0000000000E+00    3.0871499927E-02    3.0905244562E-02
    4.5325297051E+00    0.0000000000E+00    4.2079930728E-02    4.2103373658E-02
   -4.2952498360E+00    0.0000000000E+00    5.3115181342E-02    5.3075618704E-02
   -5.8360507851E-01    0.0000000000E+00    9.1959279143E-01    9.1946151918E-01
   -3.3372135619E+00    0.0000000000E+00    1.3249356950E-01    1.3255505338E-01
    5.9918494536E+00    0.0000000000E+00    9.8900453904E-03    9.9463768134E-03
   -3.8161588273E+00    0.0000000000E+00    8.4275680787E-02    8.4296805640E-02
   -7.0398586356E+00    0.0000000000E+00    3.5112470697E-03    3.4988672422E-03
   -7.7993636628E+00    0.0000000000E+00    1.6106098421E-03    1.6386392204E-03
   -1.0517608381E+00    0.0000000000E+00    7.6752705985E-01    7.6745830664E-01
    6.2637958337E+00    0.0000000000E+00    7.5314642429E-03    7.5870998538E-03
    3.9797227235E+00    0.0000000000E+00    7.2038052899E-02    7.2044957088E-02
   -6.6399058333E+00    0.0000000000E+00    5.2580606454E-03    5.2149589315E-03
    3.9635371287E+00    0.0000000000E+00    7.3170309846E-02    7.3176712643E-02
   -1.1781790711E+00    0.0000000000E+00    7.1993881099E-01    7.1990451864E-01
    7.7090586913E+00    0.0000000000E+00    1.7599522188E-03    1.7933648555E-03
    4.8547705599E+00    0.0000000000E+00    3.0650504339E-02    3.0684487287E-02
    4.7622465482E-01    0.0000000000E+00    9.4525167558E-01    9.4537871362E-01
    6.8556591244E+00    0.0000000000E+00    4.1566904516E-03    4.2050436364E-03
   -1.8844257549E+00    0.0000000000E+00    4.5790205572E-01    4.5795463447E-01
   -5.2056262718E+00    0.0000000000E+00    2.1824167673E-02    2.1703686326E-02
   -1.3987035145E+00    0.0000000000E+00    6.3522432043E-01    6.3523696819E-01
    2.3456046750E+00    0.0000000000E+00    3.1921178358E-01    3.1909701575E-01
   -7.4754873739E+00    0.0000000000E+00    2.2505638701E-03    2.2646698086E-03
   -5.1205308057E+00    0.0000000000E+00    2.3726670679E-02    2.3608543629E-02
    1.2833844637E+00    0.0000000000E+00    6.7957086528E-01    6.7958663613E-01
   -4.0830844944E+00    0.0000000000E+00    6.5216069081E-02    6.5204944855E-02
    1.5097016825E+00    0.0000000000E+00    5.9293908314E-01    5.9291263527E-01
   -4.5785652947E+00    0.0000000000E+00    4.0323306582E-02    4.0247579071E-02
   -7.0946314495E+00    0.0000000000E+00    3.3212809684E-03    3.3126874733E-03
    1.4652401889E+00    0.0000000000E+00    6.0981097844E-01    6.0979278841E-01
    8.0000000000E+00    1.5771591942E-01    1.5635267697E-03    1.5698501547E-03
   -8.0000000000E+00    4.1541351548E-01    8.5304096325E-04    8.8531950001E-04
    8.0000000000E+00    1.3422422582E+00    5.1519316795E-03    5.1229246726E-03
   -8.0000000000E+00    1.8552850698E+00    1.7614343121E-04    2.0985460079E-04
    8.0000000000E+00    1.9097542749E+00    8.9711124500E-03    9.0185118058E-03
   -8.0000000000E+00    1.0414101949E+00    4.4238874140E-04    4.7350284955E-04
    8.0000000000E+00    1.6909045459E+00    7.2421989435E-03    7.2522962025E-03
   -8.0000000000E+00    7.3421496051E-01    6.1236893291E-04    6.4372268467E-04
    8.0000000000E+00    8.0017171401E-01    3.0267242778E-03    2.9824004112E-03
   -8.0000000000E+00    4.8184312854E-01    7.9640715489E-04    8.2844250714E-04
    8.0000000000E+00    1.2400591113E+00    4.6625236705E-03    4.6264576966E-03
   -8.0000000000E+00    1.7290230420E+00    2.0507422571E-04    2.3809334908E-04
    8.0000000000E+00    1.8848738846E-01    1.6165475968E-03    1.6188679404E-03
   -8.0000000000E+00    1.2208133405E+00    3.6446366567E-04    3.9575434269E-04
    8.0000000000E+00    1.9158513707E-01    1.6219610208E-03    1.6238864820E-03
   -8.0000000000E+00    8.7567369535E-01    5.2767441124E-04    5.5883359661E-04
    8.0000000000E+00    6.2063892461E-01    2.5303368455E-03    2.4928856998E-03
   -8.0000000000E+00    2.6392674499E-01    9.9713735066E-04    1.0300503359E-03
    8.0000000000E+00    3.5398125243E-01    1.9265795059E-03    1.9099465065E-03
   -8.0000000000E+00    1.6624666589E+00    2.2178273359E-04    2.5447714016E-04
    8.0000000000E+00    1.5348178962E-01    1.5563368750E-03    1.5632224440E-03
   -8.0000000000E+00    1.1213669829E+00    4.0596115618E-04    4.3712506226E-04
    8.0000000000E+00    5.3064091314E-01    2.3103912604E-03    2.2785750989E-03
   -8.0000000000E+00    9.0833630994E-01    5.0974582903E-04    5.4088036310E-04
    8.0000000000E+00    1.4336884085E+00    5.6331330435E-03    5.6121061207E-03
   -8.0000000000E+00    1.9991355766E+00    1.4712444359E-04    1.8174024933E-04
    8.0000000000E+00    1.5619998128E+00    6.3851225428E-03    6.3779887462E-03
   -8.0000000000E+00    4.7695083053E-01    8.0045129626E-04    8.3250373362E-04
    8.0000000000E+00    7.8493761348E-01    2.9813461019E-03    2.9373768193E-03
   -8.0000000000E+00    1.8444218409E+00    1.7849868215E-04    2.1214648360E-04
    8.0000000000E+00    1.0032646775E+00    3.6977314093E-03    3.6527686942E-03
   -8.0000000000E+00    8.6417958601E-01    5.3412243403E-04    5.6529212170E-04
    8.0000000000E+00    1.1596924545E+00    4.3102080953E-03    4.2699567122E-03
   -8.0000000000E+00    4.9130929638E-01    7.8863785606E-04    8.2064053544E-04
    8.0000000000E+00    1.4289288408E+00    5.6070142649E-03    5.5855329130E-03
   -8.0000000000E+00    7.5220696319E-01    6.0092682303E-04    6.3224802192E-04
    8.0000000000E+00    1.8101955670E+00    8.1382680753E-03    8.1673863499E-03
   -8.0000000000E+00    1.7481287159E+00    2.0047060562E-04    2.3358812126E-04
    8.0000000000E+00    1.0088956834E+00    3.7182293299E-03    3.6733575569E-03
   -8.0000000000E+00    1.4343830012E+00    2.8785940976E-04    3.1966132246E-04
