# DNNF90 training history: one row per validation event
#  1:epoch  2:patience
#  3:cost_train    4:cost_val    5:cost_input   (per point;
#    the composite objective, Loss_term weights applied --
#    the same sum the optimizer descends)
#  6:cost_train_f  7:cost_train_df  8:cost_val_f  9:cost_val_df
# 10:cost_input_f 11:cost_input_df
# 12:rmse_train_f 13:rmse_train_df 14:rmse_val_f 15:rmse_val_df
# 16:rmse_input_f 17:rmse_input_df
# 18:mae_train_f  19:mae_train_df  20:mae_val_f  21:mae_val_df
# 22:mae_input_f  23:mae_input_df
1  0    0.52093E+00    0.48530E+00    0.51647E+00    0.10928E+00    0.41165E+00    0.12641E+00    0.35889E+00    0.11142E+00    0.40505E+00    0.46751E+00    0.14483E+03    0.50282E+00    0.12139E+03    0.47207E+00    0.14211E+03    0.40197E+00    0.13304E+03    0.45130E+00    0.10813E+03    0.40814E+00    0.12993E+03
50  0    0.48888E-01    0.40562E-01    0.47847E-01    0.64977E-02    0.42390E-01    0.77908E-02    0.32771E-01    0.66593E-02    0.41188E-01    0.11400E+00    0.53353E+02    0.12483E+00    0.64149E+02    0.11541E+00    0.54819E+02    0.91162E-01    0.57232E+02    0.96844E-01    0.61064E+02    0.91872E-01    0.57711E+02
100  0    0.20037E-01    0.15938E-01    0.19525E-01    0.18023E-02    0.18235E-01    0.21918E-02    0.13746E-01    0.18510E-02    0.17673E-01    0.60039E-01    0.33249E+02    0.66208E-01    0.34158E+02    0.60844E-01    0.33364E+02    0.42400E-01    0.34568E+02    0.50222E-01    0.35986E+02    0.43378E-01    0.34745E+02
150  0    0.15305E-01    0.12666E-01    0.14975E-01    0.12077E-02    0.14097E-01    0.15505E-02    0.11115E-01    0.12505E-02    0.13724E-01    0.49146E-01    0.23412E+02    0.55686E-01    0.21763E+02    0.50010E-01    0.23212E+02    0.32895E-01    0.24587E+02    0.42744E-01    0.23334E+02    0.34126E-01    0.24430E+02
200  0    0.13108E-01    0.10929E-01    0.12836E-01    0.92634E-03    0.12182E-01    0.13280E-02    0.96015E-02    0.97655E-03    0.11859E-01    0.43043E-01    0.18879E+02    0.51537E-01    0.16855E+02    0.44194E-01    0.18638E+02    0.28846E-01    0.20392E+02    0.39826E-01    0.17352E+02    0.30219E-01    0.20012E+02
250  0    0.11713E-01    0.99769E-02    0.11496E-01    0.79028E-03    0.10922E-01    0.12692E-02    0.87077E-02    0.85014E-03    0.10646E-01    0.39756E-01    0.16342E+02    0.50382E-01    0.14572E+02    0.41234E-01    0.16131E+02    0.26796E-01    0.17986E+02    0.39166E-01    0.15047E+02    0.28342E-01    0.17618E+02
300  0    0.10694E-01    0.90084E-02    0.10483E-01    0.66587E-03    0.10028E-01    0.10304E-02    0.79780E-02    0.71143E-03    0.97718E-02    0.36493E-01    0.14945E+02    0.45396E-01    0.13388E+02    0.37721E-01    0.14759E+02    0.24996E-01    0.16501E+02    0.35227E-01    0.14491E+02    0.26275E-01    0.16250E+02
350  0    0.98082E-02    0.85309E-02    0.96485E-02    0.58232E-03    0.92259E-02    0.10443E-02    0.74866E-02    0.64006E-03    0.90085E-02    0.34127E-01    0.13708E+02    0.45701E-01    0.12386E+02    0.35779E-01    0.13550E+02    0.22999E-01    0.15190E+02    0.37127E-01    0.13962E+02    0.24765E-01    0.15037E+02
400  0    0.90813E-02    0.77792E-02    0.89185E-02    0.51671E-03    0.85646E-02    0.95897E-03    0.68202E-02    0.57200E-03    0.83466E-02    0.32147E-01    0.13160E+02    0.43794E-01    0.12208E+02    0.33823E-01    0.13045E+02    0.21972E-01    0.14632E+02    0.35262E-01    0.14130E+02    0.23633E-01    0.14569E+02
450  0    0.85048E-02    0.72246E-02    0.83448E-02    0.45089E-03    0.80539E-02    0.81580E-03    0.64088E-02    0.49650E-03    0.78483E-02    0.30030E-01    0.12895E+02    0.40393E-01    0.12323E+02    0.31512E-01    0.12825E+02    0.20517E-01    0.14271E+02    0.32523E-01    0.14164E+02    0.22018E-01    0.14257E+02
500  0    0.79911E-02    0.67483E-02    0.78357E-02    0.39645E-03    0.75946E-02    0.76483E-03    0.59835E-02    0.44250E-03    0.73932E-02    0.28158E-01    0.12464E+02    0.39111E-01    0.12354E+02    0.29749E-01    0.12450E+02    0.19644E-01    0.13775E+02    0.30524E-01    0.13842E+02    0.21004E-01    0.13783E+02
550  0    0.75220E-02    0.64401E-02    0.73868E-02    0.37523E-03    0.71468E-02    0.74681E-03    0.56933E-02    0.42168E-03    0.69651E-02    0.27395E-01    0.11775E+02    0.38647E-01    0.12114E+02    0.29041E-01    0.11818E+02    0.19029E-01    0.12971E+02    0.28454E-01    0.14126E+02    0.20207E-01    0.13116E+02
600  0    0.71280E-02    0.60234E-02    0.69899E-02    0.32270E-03    0.68053E-02    0.66530E-03    0.53581E-02    0.36552E-03    0.66244E-02    0.25405E-01    0.11391E+02    0.36477E-01    0.12015E+02    0.27038E-01    0.11471E+02    0.18174E-01    0.12490E+02    0.29157E-01    0.14391E+02    0.19547E-01    0.12728E+02
650  0    0.68408E-02    0.56641E-02    0.66937E-02    0.29953E-03    0.65412E-02    0.60690E-03    0.50572E-02    0.33795E-03    0.63557E-02    0.24476E-01    0.10886E+02    0.34840E-01    0.11937E+02    0.25998E-01    0.11023E+02    0.17655E-01    0.11879E+02    0.26627E-01    0.14421E+02    0.18777E-01    0.12196E+02
700  0    0.65427E-02    0.54171E-02    0.64020E-02    0.27704E-03    0.62657E-02    0.57061E-03    0.48465E-02    0.31374E-03    0.60883E-02    0.23539E-01    0.10497E+02    0.33782E-01    0.11770E+02    0.25050E-01    0.10665E+02    0.17432E-01    0.11453E+02    0.26590E-01    0.14309E+02    0.18577E-01    0.11810E+02
750  0    0.62657E-02    0.51482E-02    0.61261E-02    0.26452E-03    0.60012E-02    0.53063E-03    0.46176E-02    0.29779E-03    0.58283E-02    0.23001E-01    0.10467E+02    0.32577E-01    0.12093E+02    0.24404E-01    0.10684E+02    0.16732E-01    0.11424E+02    0.24419E-01    0.14636E+02    0.17693E-01    0.11825E+02
800  0    0.60361E-02    0.49162E-02    0.58961E-02    0.24855E-03    0.57875E-02    0.50419E-03    0.44120E-02    0.28051E-03    0.56156E-02    0.22296E-01    0.97378E+01    0.31755E-01    0.11584E+02    0.23686E-01    0.99872E+01    0.15954E-01    0.10637E+02    0.26068E-01    0.13886E+02    0.17219E-01    0.11043E+02
850  0    0.58385E-02    0.45727E-02    0.56803E-02    0.22966E-03    0.56089E-02    0.41997E-03    0.41527E-02    0.25345E-03    0.54268E-02    0.21432E-01    0.89529E+01    0.28982E-01    0.10727E+02    0.22514E-01    0.91934E+01    0.15499E-01    0.99386E+01    0.24007E-01    0.12887E+02    0.16562E-01    0.10307E+02
900  0    0.56052E-02    0.44796E-02    0.54645E-02    0.21682E-03    0.53884E-02    0.40582E-03    0.40737E-02    0.24045E-03    0.52241E-02    0.20824E-01    0.82476E+01    0.28489E-01    0.99761E+01    0.21929E-01    0.84830E+01    0.14553E-01    0.92842E+01    0.23750E-01    0.11927E+02    0.15703E-01    0.96146E+01
950  0    0.54095E-02    0.42923E-02    0.52698E-02    0.21612E-03    0.51934E-02    0.41951E-03    0.38728E-02    0.24154E-03    0.50283E-02    0.20790E-01    0.79300E+01    0.28966E-01    0.96699E+01    0.21979E-01    0.81678E+01    0.14881E-01    0.90355E+01    0.24716E-01    0.11448E+02    0.16110E-01    0.93370E+01
1000  0    0.52132E-02    0.41503E-02    0.50804E-02    0.19897E-03    0.50143E-02    0.36341E-03    0.37869E-02    0.21952E-03    0.48609E-02    0.19948E-01    0.74902E+01    0.26960E-01    0.92008E+01    0.20954E-01    0.77248E+01    0.14051E-01    0.86416E+01    0.21986E-01    0.10872E+02    0.15043E-01    0.89204E+01
1050  0    0.50571E-02    0.39468E-02    0.49183E-02    0.19628E-03    0.48608E-02    0.34962E-03    0.35972E-02    0.21544E-03    0.47028E-02    0.19813E-01    0.70381E+01    0.26443E-01    0.85596E+01    0.20758E-01    0.72457E+01    0.13566E-01    0.81683E+01    0.21028E-01    0.10155E+02    0.14499E-01    0.84166E+01
1100  0    0.48889E-02    0.38184E-02    0.47551E-02    0.18538E-03    0.47036E-02    0.32658E-03    0.34918E-02    0.20303E-03    0.45521E-02    0.19255E-01    0.69103E+01    0.25557E-01    0.81664E+01    0.20151E-01    0.70795E+01    0.13470E-01    0.80641E+01    0.20132E-01    0.97142E+01    0.14303E-01    0.82704E+01
1150  0    0.46907E-02    0.37700E-02    0.45756E-02    0.16525E-03    0.45255E-02    0.28419E-03    0.34858E-02    0.18011E-03    0.43955E-02    0.18179E-01    0.64295E+01    0.23841E-01    0.75134E+01    0.18980E-01    0.65747E+01    0.12904E-01    0.76119E+01    0.19805E-01    0.89620E+01    0.13766E-01    0.77807E+01
1200  0    0.45284E-02    0.36136E-02    0.44141E-02    0.16107E-03    0.43674E-02    0.26873E-03    0.33448E-02    0.17453E-03    0.42396E-02    0.17948E-01    0.61016E+01    0.23183E-01    0.68388E+01    0.18683E-01    0.61985E+01    0.12415E-01    0.72793E+01    0.19454E-01    0.81577E+01    0.13294E-01    0.73891E+01
1250  0    0.44013E-02    0.34798E-02    0.42861E-02    0.17373E-03    0.42276E-02    0.25323E-03    0.32266E-02    0.18366E-03    0.41025E-02    0.18640E-01    0.57911E+01    0.22505E-01    0.61291E+01    0.19166E-01    0.58344E+01    0.14671E-01    0.69619E+01    0.20876E-01    0.73037E+01    0.15447E-01    0.70046E+01
1300  0    0.42709E-02    0.32505E-02    0.41434E-02    0.15128E-03    0.41196E-02    0.20486E-03    0.30457E-02    0.15798E-03    0.39854E-02    0.17394E-01    0.52516E+01    0.20241E-01    0.52847E+01    0.17775E-01    0.52558E+01    0.12370E-01    0.64224E+01    0.17080E-01    0.63215E+01    0.12958E-01    0.64098E+01
1350  1    0.41231E-02    0.34393E-02    0.40376E-02    0.15357E-03    0.39696E-02    0.24633E-03    0.31930E-02    0.16516E-03    0.38725E-02    0.17525E-01    0.51892E+01    0.22196E-01    0.49529E+01    0.18175E-01    0.51602E+01    0.12080E-01    0.63664E+01    0.17887E-01    0.59280E+01    0.12806E-01    0.63116E+01
1400  1    0.39443E-02    0.32348E-02    0.38556E-02    0.14156E-03    0.38028E-02    0.20281E-03    0.30320E-02    0.14922E-03    0.37064E-02    0.16826E-01    0.54023E+01    0.20140E-01    0.47048E+01    0.17275E-01    0.53202E+01    0.11891E-01    0.65551E+01    0.16600E-01    0.57783E+01    0.12480E-01    0.64580E+01
1450  1    0.38236E-02    0.31607E-02    0.37407E-02    0.13631E-03    0.36873E-02    0.18149E-03    0.29792E-02    0.14196E-03    0.35988E-02    0.16511E-01    0.49994E+01    0.19052E-01    0.41243E+01    0.16850E-01    0.48986E+01    0.11100E-01    0.60652E+01    0.15011E-01    0.52289E+01    0.11589E-01    0.59606E+01
1500  1    0.37122E-02    0.29900E-02    0.36219E-02    0.14047E-03    0.35718E-02    0.18816E-03    0.28018E-02    0.14643E-03    0.34755E-02    0.16761E-01    0.48795E+01    0.19399E-01    0.38622E+01    0.17113E-01    0.47642E+01    0.11160E-01    0.58505E+01    0.16137E-01    0.50614E+01    0.11782E-01    0.57518E+01
1550  2    0.35588E-02    0.31892E-02    0.35126E-02    0.12951E-03    0.34293E-02    0.18721E-03    0.30020E-02    0.13672E-03    0.33759E-02    0.16094E-01    0.49322E+01    0.19350E-01    0.38486E+01    0.16536E-01    0.48101E+01    0.11460E-01    0.58639E+01    0.15560E-01    0.51872E+01    0.11972E-01    0.57793E+01
1600  3    0.34419E-02    0.29934E-02    0.33858E-02    0.12236E-03    0.33195E-02    0.13233E-03    0.28610E-02    0.12361E-03    0.32622E-02    0.15644E-01    0.46782E+01    0.16269E-01    0.37301E+01    0.15723E-01    0.45704E+01    0.11081E-01    0.56103E+01    0.12814E-01    0.50708E+01    0.11298E-01    0.55428E+01
1650  4    0.32946E-02    0.30712E-02    0.32667E-02    0.11237E-03    0.31823E-02    0.15091E-03    0.29203E-02    0.11718E-03    0.31495E-02    0.14991E-01    0.47031E+01    0.17373E-01    0.38552E+01    0.15309E-01    0.46057E+01    0.10993E-01    0.56502E+01    0.13833E-01    0.52045E+01    0.11348E-01    0.55944E+01
1700  5    0.32143E-02    0.29957E-02    0.31870E-02    0.12291E-03    0.30914E-02    0.15950E-03    0.28362E-02    0.12749E-03    0.30595E-02    0.15679E-01    0.42689E+01    0.17861E-01    0.37444E+01    0.15968E-01    0.42069E+01    0.10468E-01    0.52217E+01    0.12750E-01    0.50428E+01    0.10753E-01    0.51993E+01
1750  5    0.31435E-02    0.27812E-02    0.30982E-02    0.11880E-03    0.30247E-02    0.12819E-03    0.26530E-02    0.11997E-03    0.29782E-02    0.15414E-01    0.38619E+01    0.16012E-01    0.35593E+01    0.15490E-01    0.38254E+01    0.11150E-01    0.48075E+01    0.12504E-01    0.47790E+01    0.11319E-01    0.48040E+01
1800  5    0.30364E-02    0.26686E-02    0.29904E-02    0.12138E-03    0.29150E-02    0.14594E-03    0.25226E-02    0.12445E-03    0.28660E-02    0.15581E-01    0.35156E+01    0.17085E-01    0.33928E+01    0.15777E-01    0.35005E+01    0.10442E-01    0.44604E+01    0.13358E-01    0.45284E+01    0.10806E-01    0.44689E+01
1850  6    0.29683E-02    0.27526E-02    0.29413E-02    0.10808E-03    0.28602E-02    0.11635E-03    0.26363E-02    0.10911E-03    0.28322E-02    0.14702E-01    0.33255E+01    0.15255E-01    0.33422E+01    0.14772E-01    0.33276E+01    0.12282E-01    0.42706E+01    0.12069E-01    0.44309E+01    0.12255E-01    0.42906E+01
1900  7    0.28575E-02    0.28127E-02    0.28519E-02    0.10341E-03    0.27541E-02    0.14169E-03    0.26710E-02    0.10820E-03    0.27437E-02    0.14381E-01    0.32267E+01    0.16834E-01    0.33286E+01    0.14710E-01    0.32396E+01    0.10963E-01    0.41807E+01    0.14091E-01    0.43797E+01    0.11354E-01    0.42056E+01
1950  7    0.27707E-02    0.26366E-02    0.27540E-02    0.91028E-04    0.26797E-02    0.12823E-03    0.25084E-02    0.95679E-04    0.26583E-02    0.13493E-01    0.28617E+01    0.16015E-01    0.29873E+01    0.13833E-01    0.28777E+01    0.10281E-01    0.37483E+01    0.13247E-01    0.39556E+01    0.10652E-01    0.37742E+01
2000  8    0.27211E-02    0.27394E-02    0.27234E-02    0.85247E-04    0.26358E-02    0.15223E-03    0.25872E-02    0.93620E-04    0.26297E-02    0.13057E-01    0.26433E+01    0.17449E-01    0.27366E+01    0.13684E-01    0.26552E+01    0.95184E-02    0.35034E+01    0.14249E-01    0.36746E+01    0.10110E-01    0.35248E+01
2050  8    0.26466E-02    0.25233E-02    0.26312E-02    0.85747E-04    0.25609E-02    0.12340E-03    0.23999E-02    0.90454E-04    0.25407E-02    0.13096E-01    0.27180E+01    0.15710E-01    0.28818E+01    0.13450E-01    0.27390E+01    0.98593E-02    0.35830E+01    0.13017E-01    0.38018E+01    0.10254E-01    0.36103E+01
2100  9    0.25997E-02    0.26137E-02    0.26014E-02    0.90155E-04    0.25095E-02    0.16341E-03    0.24503E-02    0.99311E-04    0.25021E-02    0.13428E-01    0.24698E+01    0.18078E-01    0.26092E+01    0.14093E-01    0.24877E+01    0.94179E-02    0.32664E+01    0.14077E-01    0.34531E+01    0.10000E-01    0.32898E+01
2150  9    0.25453E-02    0.24328E-02    0.25312E-02    0.87194E-04    0.24581E-02    0.12589E-03    0.23069E-02    0.92030E-04    0.24392E-02    0.13206E-01    0.23189E+01    0.15867E-01    0.24120E+01    0.13567E-01    0.23307E+01    0.10689E-01    0.30757E+01    0.13927E-01    0.32081E+01    0.11094E-01    0.30923E+01
2200  9    0.25067E-02    0.23927E-02    0.24924E-02    0.79010E-04    0.24277E-02    0.12619E-03    0.22665E-02    0.84908E-04    0.24075E-02    0.12571E-01    0.21839E+01    0.15887E-01    0.22320E+01    0.13031E-01    0.21900E+01    0.96927E-02    0.29134E+01    0.12589E-01    0.29839E+01    0.10055E-01    0.29223E+01
2250  10    0.24609E-02    0.24435E-02    0.24587E-02    0.80410E-04    0.23805E-02    0.12793E-03    0.23155E-02    0.86350E-04    0.23724E-02    0.12681E-01    0.22047E+01    0.15995E-01    0.22643E+01    0.13142E-01    0.22122E+01    0.95015E-02    0.29620E+01    0.12714E-01    0.30168E+01    0.99030E-02    0.29689E+01
2300  11    0.24324E-02    0.24082E-02    0.24294E-02    0.81917E-04    0.23505E-02    0.13615E-03    0.22720E-02    0.88696E-04    0.23407E-02    0.12800E-01    0.20210E+01    0.16502E-01    0.19772E+01    0.13319E-01    0.20156E+01    0.10165E-01    0.27361E+01    0.13233E-01    0.27137E+01    0.10549E-01    0.27333E+01
2350  11    0.23992E-02    0.22224E-02    0.23771E-02    0.82600E-04    0.23166E-02    0.11482E-03    0.21075E-02    0.86627E-04    0.22904E-02    0.12853E-01    0.20521E+01    0.15154E-01    0.19887E+01    0.13163E-01    0.20443E+01    0.10668E-01    0.27523E+01    0.11906E-01    0.27389E+01    0.10822E-01    0.27506E+01
2400  12    0.23610E-02    0.24163E-02    0.23680E-02    0.90709E-04    0.22703E-02    0.16071E-03    0.22556E-02    0.99459E-04    0.22685E-02    0.13469E-01    0.19186E+01    0.17928E-01    0.18131E+01    0.14104E-01    0.19057E+01    0.87167E-02    0.25946E+01    0.13391E-01    0.25303E+01    0.93010E-02    0.25866E+01
2450  13    0.23583E-02    0.25193E-02    0.23785E-02    0.86791E-04    0.22715E-02    0.16253E-03    0.23568E-02    0.96258E-04    0.22822E-02    0.13175E-01    0.18388E+01    0.18029E-01    0.16692E+01    0.13875E-01    0.18185E+01    0.10061E-01    0.25098E+01    0.15177E-01    0.23790E+01    0.10701E-01    0.24935E+01
2500  14    0.23039E-02    0.22460E-02    0.22966E-02    0.84209E-04    0.22196E-02    0.10483E-03    0.21411E-02    0.86787E-04    0.22098E-02    0.12978E-01    0.17910E+01    0.14480E-01    0.16029E+01    0.13175E-01    0.17686E+01    0.10899E-01    0.24643E+01    0.12872E-01    0.23119E+01    0.11146E-01    0.24452E+01
2550  15    0.22826E-02    0.22342E-02    0.22765E-02    0.92531E-04    0.21900E-02    0.11509E-03    0.21191E-02    0.95351E-04    0.21812E-02    0.13604E-01    0.17250E+01    0.15172E-01    0.14996E+01    0.13810E-01    0.16985E+01    0.11415E-01    0.23791E+01    0.13481E-01    0.22030E+01    0.11673E-01    0.23571E+01
2600  15    0.22148E-02    0.21939E-02    0.22122E-02    0.73729E-04    0.21411E-02    0.13299E-03    0.20609E-02    0.81137E-04    0.21311E-02    0.12143E-01    0.17252E+01    0.16309E-01    0.14632E+01    0.12739E-01    0.16947E+01    0.82842E-02    0.23651E+01    0.12716E-01    0.21537E+01    0.88382E-02    0.23387E+01
2650  15    0.21818E-02    0.21699E-02    0.21803E-02    0.70981E-04    0.21108E-02    0.14131E-03    0.20286E-02    0.79771E-04    0.21005E-02    0.11915E-01    0.17214E+01    0.16811E-01    0.14398E+01    0.12631E-01    0.16887E+01    0.80716E-02    0.23452E+01    0.11661E-01    0.21235E+01    0.85202E-02    0.23175E+01
2700  16    0.21619E-02    0.21757E-02    0.21636E-02    0.63127E-04    0.20988E-02    0.12475E-03    0.20510E-02    0.70830E-04    0.20928E-02    0.11236E-01    0.16639E+01    0.15796E-01    0.13475E+01    0.11902E-01    0.16278E+01    0.82072E-02    0.22758E+01    0.12458E-01    0.20193E+01    0.87385E-02    0.22438E+01
2750  17    0.21418E-02    0.22956E-02    0.21610E-02    0.67549E-04    0.20742E-02    0.13559E-03    0.21600E-02    0.76054E-04    0.20850E-02    0.11623E-01    0.17029E+01    0.16468E-01    0.13558E+01    0.12333E-01    0.16635E+01    0.84207E-02    0.23296E+01    0.12836E-01    0.20479E+01    0.89726E-02    0.22944E+01
2800  17    0.21310E-02    0.20025E-02    0.21149E-02    0.71572E-04    0.20594E-02    0.98130E-04    0.19044E-02    0.74892E-04    0.20400E-02    0.11964E-01    0.16771E+01    0.14009E-01    0.13001E+01    0.12239E-01    0.16348E+01    0.90078E-02    0.23005E+01    0.95422E-02    0.19963E+01    0.90746E-02    0.22625E+01
2850  18    0.20926E-02    0.21217E-02    0.20963E-02    0.85837E-04    0.20068E-02    0.17303E-03    0.19487E-02    0.96737E-04    0.19995E-02    0.13102E-01    0.16120E+01    0.18603E-01    0.12230E+01    0.13909E-01    0.15686E+01    0.93484E-02    0.21869E+01    0.13512E-01    0.18991E+01    0.98688E-02    0.21509E+01
2900  19    0.20525E-02    0.21093E-02    0.20596E-02    0.65450E-04    0.19870E-02    0.13530E-03    0.19740E-02    0.74182E-04    0.19854E-02    0.11441E-01    0.16122E+01    0.16450E-01    0.11929E+01    0.12180E-01    0.15659E+01    0.82633E-02    0.21845E+01    0.12024E-01    0.18665E+01    0.87334E-02    0.21447E+01
2950  19    0.20368E-02    0.19295E-02    0.20234E-02    0.72185E-04    0.19646E-02    0.93710E-04    0.18358E-02    0.74875E-04    0.19485E-02    0.12015E-01    0.16135E+01    0.13690E-01    0.11780E+01    0.12237E-01    0.15657E+01    0.99268E-02    0.21997E+01    0.12050E-01    0.18799E+01    0.10192E-01    0.21598E+01
3000  20    0.19950E-02    0.20125E-02    0.19971E-02    0.61335E-04    0.19336E-02    0.10719E-03    0.19053E-02    0.67066E-04    0.19301E-02    0.11076E-01    0.15471E+01    0.14641E-01    0.10799E+01    0.11582E-01    0.14967E+01    0.87221E-02    0.21360E+01    0.12707E-01    0.17793E+01    0.92202E-02    0.20914E+01
3050  21    0.19774E-02    0.19915E-02    0.19792E-02    0.67110E-04    0.19103E-02    0.14045E-03    0.18511E-02    0.76277E-04    0.19029E-02    0.11585E-01    0.15422E+01    0.16760E-01    0.10439E+01    0.12351E-01    0.14891E+01    0.81644E-02    0.21149E+01    0.12801E-01    0.17408E+01    0.87440E-02    0.20681E+01
3100  22    0.20002E-02    0.20783E-02    0.20100E-02    0.86203E-04    0.19140E-02    0.13062E-03    0.19477E-02    0.91755E-04    0.19182E-02    0.13130E-01    0.15337E+01    0.16163E-01    0.10195E+01    0.13547E-01    0.14792E+01    0.11262E-01    0.20606E+01    0.14214E-01    0.17047E+01    0.11631E-01    0.20161E+01
3150  23    0.19625E-02    0.19590E-02    0.19621E-02    0.70734E-04    0.18918E-02    0.13419E-03    0.18248E-02    0.78666E-04    0.18834E-02    0.11894E-01    0.16059E+01    0.16382E-01    0.10477E+01    0.12543E-01    0.15472E+01    0.90181E-02    0.21649E+01    0.11550E-01    0.17596E+01    0.93346E-02    0.21143E+01
3200  24    0.19256E-02    0.19359E-02    0.19269E-02    0.58052E-04    0.18675E-02    0.12875E-03    0.18072E-02    0.66889E-04    0.18600E-02    0.10775E-01    0.15810E+01    0.16047E-01    0.10147E+01    0.11566E-01    0.15218E+01    0.84712E-02    0.20860E+01    0.12035E-01    0.16826E+01    0.89167E-02    0.20356E+01
3250  25    0.18888E-02    0.19360E-02    0.18947E-02    0.72667E-04    0.18162E-02    0.13237E-03    0.18036E-02    0.80129E-04    0.18146E-02    0.12055E-01    0.16195E+01    0.16271E-01    0.10285E+01    0.12659E-01    0.15579E+01    0.82236E-02    0.21597E+01    0.12198E-01    0.17445E+01    0.87204E-02    0.21078E+01
3300  26    0.18682E-02    0.19976E-02    0.18843E-02    0.72917E-04    0.17952E-02    0.18039E-03    0.18172E-02    0.86351E-04    0.17980E-02    0.12076E-01    0.15507E+01    0.18994E-01    0.95539E+00    0.13142E-01    0.14893E+01    0.88873E-02    0.20866E+01    0.14347E-01    0.16752E+01    0.95698E-02    0.20352E+01
3350  27    0.18277E-02    0.19937E-02    0.18485E-02    0.60785E-04    0.17669E-02    0.13370E-03    0.18600E-02    0.69899E-04    0.17786E-02    0.11026E-01    0.14798E+01    0.16352E-01    0.88674E+00    0.11824E-01    0.14193E+01    0.72487E-02    0.20222E+01    0.12284E-01    0.16077E+01    0.78781E-02    0.19704E+01
3400  28    0.18129E-02    0.20908E-02    0.18476E-02    0.53171E-04    0.17597E-02    0.17167E-03    0.19192E-02    0.67984E-04    0.17797E-02    0.10312E-01    0.14731E+01    0.18529E-01    0.87880E+00    0.11660E-01    0.14125E+01    0.80701E-02    0.20002E+01    0.12608E-01    0.15878E+01    0.86373E-02    0.19486E+01
3450  29    0.17877E-02    0.20030E-02    0.18146E-02    0.63833E-04    0.17239E-02    0.13273E-03    0.18703E-02    0.72445E-04    0.17422E-02    0.11299E-01    0.14251E+01    0.16293E-01    0.84696E+00    0.12037E-01    0.13662E+01    0.93565E-02    0.19446E+01    0.13171E-01    0.15451E+01    0.98333E-02    0.18947E+01
3500  30    0.17637E-02    0.20676E-02    0.18017E-02    0.50195E-04    0.17135E-02    0.15917E-03    0.19084E-02    0.63818E-04    0.17379E-02    0.10020E-01    0.13666E+01    0.17842E-01    0.79282E+00    0.11298E-01    0.13087E+01    0.73806E-02    0.18903E+01    0.13825E-01    0.14998E+01    0.81862E-02    0.18415E+01
3550  30    0.17165E-02    0.19166E-02    0.17415E-02    0.59970E-04    0.16565E-02    0.11383E-03    0.18028E-02    0.66703E-04    0.16748E-02    0.10952E-01    0.13556E+01    0.15088E-01    0.76516E+00    0.11550E-01    0.12966E+01    0.88086E-02    0.18927E+01    0.13115E-01    0.14709E+01    0.93468E-02    0.18400E+01
3600  30    0.16741E-02    0.18063E-02    0.16906E-02    0.45713E-04    0.16284E-02    0.10079E-03    0.17055E-02    0.52598E-04    0.16380E-02    0.95617E-02    0.13169E+01    0.14198E-01    0.73842E+00    0.10257E-01    0.12592E+01    0.69515E-02    0.18422E+01    0.11658E-01    0.14262E+01    0.75398E-02    0.17902E+01
3650  31    0.16844E-02    0.18134E-02    0.17005E-02    0.45465E-04    0.16389E-02    0.14226E-03    0.16712E-02    0.57565E-04    0.16429E-02    0.95357E-02    0.13108E+01    0.16868E-01    0.73935E+00    0.10730E-01    0.12537E+01    0.76502E-02    0.18288E+01    0.12132E-01    0.14224E+01    0.82103E-02    0.17780E+01
3700  32    0.16785E-02    0.19100E-02    0.17074E-02    0.91797E-04    0.15867E-02    0.12445E-03    0.17856E-02    0.95878E-04    0.16116E-02    0.13550E-01    0.13023E+01    0.15777E-01    0.72038E+00    0.13848E-01    0.12445E+01    0.12085E-01    0.18243E+01    0.14356E-01    0.14033E+01    0.12369E-01    0.17717E+01
3750  33    0.16123E-02    0.19001E-02    0.16483E-02    0.49941E-04    0.15624E-02    0.15248E-03    0.17477E-02    0.62759E-04    0.15856E-02    0.99941E-02    0.12543E+01    0.17463E-01    0.69462E+00    0.11203E-01    0.11988E+01    0.65131E-02    0.17554E+01    0.12402E-01    0.13574E+01    0.72493E-02    0.17057E+01
3800  33    0.15743E-02    0.17743E-02    0.15993E-02    0.35843E-04    0.15385E-02    0.10795E-03    0.16664E-02    0.44857E-04    0.15544E-02    0.84668E-02    0.12274E+01    0.14694E-01    0.66823E+00    0.94718E-02    0.11722E+01    0.62475E-02    0.17433E+01    0.10647E-01    0.13256E+01    0.67975E-02    0.16911E+01
3850  34    0.15759E-02    0.18797E-02    0.16139E-02    0.72246E-04    0.15036E-02    0.14479E-03    0.17349E-02    0.81314E-04    0.15326E-02    0.12020E-01    0.12541E+01    0.17017E-01    0.69409E+00    0.12753E-01    0.11985E+01    0.10232E-01    0.17340E+01    0.13831E-01    0.13344E+01    0.10682E-01    0.16841E+01
3900  35    0.15387E-02    0.19064E-02    0.15847E-02    0.52613E-04    0.14861E-02    0.18462E-03    0.17218E-02    0.69114E-04    0.15156E-02    0.10258E-01    0.12114E+01    0.19216E-01    0.67836E+00    0.11757E-01    0.11583E+01    0.69487E-02    0.17098E+01    0.13217E-01    0.13265E+01    0.77321E-02    0.16619E+01
3950  36    0.15754E-02    0.20261E-02    0.16318E-02    0.72419E-04    0.15030E-02    0.22564E-03    0.18004E-02    0.91572E-04    0.15402E-02    0.12035E-01    0.11910E+01    0.21243E-01    0.66195E+00    0.13533E-01    0.11384E+01    0.83229E-02    0.16942E+01    0.14667E-01    0.13172E+01    0.91159E-02    0.16471E+01
4000  36    0.14636E-02    0.16610E-02    0.14883E-02    0.36393E-04    0.14272E-02    0.11118E-03    0.15498E-02    0.45741E-04    0.14425E-02    0.85315E-02    0.12144E+01    0.14912E-01    0.65653E+00    0.95646E-02    0.11594E+01    0.60563E-02    0.17099E+01    0.94692E-02    0.12888E+01    0.64829E-02    0.16573E+01
4050  37    0.14342E-02    0.16827E-02    0.14652E-02    0.32724E-04    0.14014E-02    0.12457E-03    0.15581E-02    0.44204E-04    0.14210E-02    0.80900E-02    0.11788E+01    0.15784E-01    0.63062E+00    0.94026E-02    0.11250E+01    0.58061E-02    0.16857E+01    0.10222E-01    0.12527E+01    0.63581E-02    0.16315E+01
4100  38    0.14465E-02    0.17093E-02    0.14794E-02    0.53541E-04    0.13930E-02    0.13078E-03    0.15786E-02    0.63196E-04    0.14162E-02    0.10348E-01    0.11802E+01    0.16173E-01    0.62360E+00    0.11242E-01    0.11258E+01    0.74705E-02    0.16645E+01    0.12923E-01    0.12233E+01    0.81520E-02    0.16094E+01
4150  39    0.13711E-02    0.17710E-02    0.14211E-02    0.38262E-04    0.13329E-02    0.13937E-03    0.16316E-02    0.50901E-04    0.13702E-02    0.87478E-02    0.11615E+01    0.16696E-01    0.58282E+00    0.10090E-01    0.11059E+01    0.68367E-02    0.16486E+01    0.11929E-01    0.11866E+01    0.74732E-02    0.15909E+01
4200  39    0.13422E-02    0.16318E-02    0.13784E-02    0.28553E-04    0.13136E-02    0.13365E-03    0.14981E-02    0.41690E-04    0.13367E-02    0.75568E-02    0.11014E+01    0.16350E-01    0.57505E+00    0.91313E-02    0.10501E+01    0.54581E-02    0.15805E+01    0.10921E-01    0.11451E+01    0.61409E-02    0.15260E+01
4250  39    0.13268E-02    0.16108E-02    0.13623E-02    0.43053E-04    0.12838E-02    0.11068E-03    0.15001E-02    0.51507E-04    0.13108E-02    0.92793E-02    0.11234E+01    0.14878E-01    0.58143E+00    0.10150E-01    0.10708E+01    0.72853E-02    0.16094E+01    0.11269E-01    0.11541E+01    0.77832E-02    0.15525E+01
4300  39    0.12997E-02    0.16027E-02    0.13376E-02    0.30326E-04    0.12694E-02    0.14523E-03    0.14575E-02    0.44689E-04    0.12929E-02    0.77879E-02    0.11100E+01    0.17043E-01    0.56777E+00    0.94540E-02    0.10575E+01    0.59377E-02    0.16014E+01    0.10907E-01    0.11287E+01    0.65589E-02    0.15423E+01
4350  39    0.12795E-02    0.15916E-02    0.13185E-02    0.43067E-04    0.12364E-02    0.10850E-03    0.14831E-02    0.51247E-04    0.12673E-02    0.92809E-02    0.10717E+01    0.14731E-01    0.56014E+00    0.10124E-01    0.10218E+01    0.75334E-02    0.15649E+01    0.11161E-01    0.11121E+01    0.79868E-02    0.15083E+01
4400  40    0.12402E-02    0.16552E-02    0.12921E-02    0.24854E-04    0.12154E-02    0.13947E-03    0.15157E-02    0.39180E-04    0.12529E-02    0.70503E-02    0.11037E+01    0.16701E-01    0.56639E+00    0.88522E-02    0.10517E+01    0.48538E-02    0.15887E+01    0.10265E-01    0.11216E+01    0.55302E-02    0.15303E+01
4450  40    0.12399E-02    0.15042E-02    0.12729E-02    0.41339E-04    0.11986E-02    0.96929E-04    0.14073E-02    0.48287E-04    0.12246E-02    0.90927E-02    0.10485E+01    0.13923E-01    0.54595E+00    0.98273E-02    0.99962E+00    0.76201E-02    0.15302E+01    0.11122E-01    0.10825E+01    0.80578E-02    0.14743E+01
4500  41    0.12328E-02    0.16286E-02    0.12823E-02    0.49134E-04    0.11837E-02    0.19106E-03    0.14375E-02    0.66875E-04    0.12154E-02    0.99131E-02    0.10915E+01    0.19548E-01    0.55723E+00    0.11565E-01    0.10398E+01    0.76039E-02    0.15566E+01    0.14100E-01    0.10839E+01    0.84159E-02    0.14975E+01
4550  42    0.11857E-02    0.17265E-02    0.12533E-02    0.33952E-04    0.11518E-02    0.16667E-03    0.15598E-02    0.50542E-04    0.12028E-02    0.82404E-02    0.10897E+01    0.18258E-01    0.55666E+00    0.10054E-01    0.10382E+01    0.56506E-02    0.15728E+01    0.11562E-01    0.11049E+01    0.63895E-02    0.15143E+01
4600  43    0.11371E-02    0.15949E-02    0.11943E-02    0.24208E-04    0.11128E-02    0.15183E-03    0.14430E-02    0.40160E-04    0.11541E-02    0.69582E-02    0.10894E+01    0.17426E-01    0.54566E+00    0.89622E-02    0.10371E+01    0.46030E-02    0.15621E+01    0.10280E-01    0.10940E+01    0.53126E-02    0.15036E+01
4650  43    0.11257E-02    0.14749E-02    0.11694E-02    0.22848E-04    0.11029E-02    0.11976E-03    0.13551E-02    0.34962E-04    0.11344E-02    0.67599E-02    0.10482E+01    0.15476E-01    0.53561E+00    0.83620E-02    0.99865E+00    0.50286E-02    0.15212E+01    0.11016E-01    0.10673E+01    0.57770E-02    0.14644E+01
4700  43    0.11132E-02    0.14722E-02    0.11580E-02    0.25236E-04    0.10879E-02    0.13585E-03    0.13364E-02    0.39062E-04    0.11190E-02    0.71043E-02    0.10225E+01    0.16483E-01    0.51218E+00    0.88388E-02    0.97349E+00    0.51309E-02    0.14901E+01    0.87777E-02    0.10433E+01    0.55868E-02    0.14343E+01
4750  43    0.11440E-02    0.14020E-02    0.11763E-02    0.55460E-04    0.10886E-02    0.11082E-03    0.12911E-02    0.62381E-04    0.11139E-02    0.10532E-01    0.10383E+01    0.14888E-01    0.51563E+00    0.11170E-01    0.98823E+00    0.83447E-02    0.15094E+01    0.11787E-01    0.10535E+01    0.87750E-02    0.14524E+01
4800  44    0.10543E-02    0.16101E-02    0.11238E-02    0.25915E-04    0.10284E-02    0.14332E-03    0.14668E-02    0.40591E-04    0.10832E-02    0.71993E-02    0.10635E+01    0.16931E-01    0.52165E+00    0.90101E-02    0.10118E+01    0.53934E-02    0.15256E+01    0.11526E-01    0.10657E+01    0.61600E-02    0.14681E+01
4850  45    0.10627E-02    0.15044E-02    0.11179E-02    0.38364E-04    0.10243E-02    0.11320E-03    0.13912E-02    0.47719E-04    0.10702E-02    0.87594E-02    0.10143E+01    0.15047E-01    0.51575E+00    0.97692E-02    0.96617E+00    0.75108E-02    0.14756E+01    0.11257E-01    0.10324E+01    0.79790E-02    0.14202E+01
4900  45    0.10418E-02    0.13821E-02    0.10843E-02    0.28028E-04    0.10138E-02    0.12676E-03    0.12553E-02    0.40370E-04    0.10440E-02    0.74871E-02    0.10109E+01    0.15923E-01    0.48461E+00    0.89856E-02    0.96104E+00    0.57988E-02    0.14686E+01    0.99897E-02    0.10179E+01    0.63227E-02    0.14123E+01
4950  46    0.10176E-02    0.14333E-02    0.10696E-02    0.23161E-04    0.99446E-03    0.14474E-03    0.12885E-02    0.38358E-04    0.10312E-02    0.68060E-02    0.10072E+01    0.17014E-01    0.48548E+00    0.87587E-02    0.95768E+00    0.50995E-02    0.14529E+01    0.10279E-01    0.10207E+01    0.57469E-02    0.13989E+01
5000  47    0.10011E-02    0.14406E-02    0.10560E-02    0.22031E-04    0.97907E-03    0.15612E-03    0.12845E-02    0.38792E-04    0.10173E-02    0.66379E-02    0.99591E+00    0.17670E-01    0.49970E+00    0.88082E-02    0.94819E+00    0.49000E-02    0.14515E+01    0.10037E-01    0.10235E+01    0.55421E-02    0.13980E+01
5050  48    0.97662E-03    0.14823E-02    0.10398E-02    0.22540E-04    0.95408E-03    0.15004E-03    0.13322E-02    0.38477E-04    0.10013E-02    0.67142E-02    0.10127E+01    0.17323E-01    0.50144E+00    0.87724E-02    0.96378E+00    0.50094E-02    0.14692E+01    0.10817E-01    0.10414E+01    0.57353E-02    0.14158E+01
5100  49    0.10158E-02    0.14545E-02    0.10706E-02    0.36771E-04    0.97903E-03    0.14952E-03    0.13050E-02    0.50865E-04    0.10198E-02    0.85757E-02    0.10870E+01    0.17293E-01    0.51955E+00    0.10086E-01    0.10332E+01    0.68863E-02    0.15291E+01    0.10206E-01    0.10740E+01    0.73013E-02    0.14722E+01
5150  50    0.96002E-03    0.14928E-02    0.10266E-02    0.17031E-04    0.94298E-03    0.17020E-03    0.13226E-02    0.36178E-04    0.99044E-03    0.58363E-02    0.10238E+01    0.18450E-01    0.51288E+00    0.85062E-02    0.97471E+00    0.38865E-02    0.14591E+01    0.10631E-01    0.10474E+01    0.47296E-02    0.14076E+01
5200  51    0.99366E-03    0.16336E-02    0.10737E-02    0.57544E-04    0.93612E-03    0.22588E-03    0.14078E-02    0.78586E-04    0.99507E-03    0.10728E-01    0.10013E+01    0.21255E-01    0.48924E+00    0.12537E-01    0.95243E+00    0.82168E-02    0.14439E+01    0.14630E-01    0.10422E+01    0.90185E-02    0.13937E+01
5250  52    0.97798E-03    0.15099E-02    0.10445E-02    0.34333E-04    0.94364E-03    0.18583E-03    0.13241E-02    0.53270E-04    0.99120E-03    0.82865E-02    0.10081E+01    0.19278E-01    0.50569E+00    0.10322E-01    0.95983E+00    0.65358E-02    0.14304E+01    0.11362E-01    0.10408E+01    0.71391E-02    0.13817E+01
5300  53    0.93468E-03    0.15726E-02    0.10144E-02    0.24153E-04    0.91052E-03    0.15378E-03    0.14188E-02    0.40356E-04    0.97406E-03    0.69503E-02    0.97078E+00    0.17537E-01    0.47773E+00    0.89840E-02    0.92365E+00    0.55641E-02    0.14092E+01    0.11926E-01    0.10150E+01    0.63592E-02    0.13600E+01
5350  54    0.92050E-03    0.14833E-02    0.99085E-03    0.29960E-04    0.89054E-03    0.14678E-03    0.13365E-02    0.44562E-04    0.94629E-03    0.77408E-02    0.98126E+00    0.17134E-01    0.48975E+00    0.94406E-02    0.93407E+00    0.62456E-02    0.14209E+01    0.11021E-01    0.10286E+01    0.68425E-02    0.13718E+01
5400  55    0.89945E-03    0.13932E-02    0.96117E-03    0.20508E-04    0.87895E-03    0.13879E-03    0.12544E-02    0.35293E-04    0.92587E-03    0.64043E-02    0.10022E+01    0.16661E-01    0.49124E+00    0.84016E-02    0.95343E+00    0.50184E-02    0.14372E+01    0.97984E-02    0.10347E+01    0.56159E-02    0.13869E+01
5450  56    0.90062E-03    0.14441E-02    0.96855E-03    0.25527E-04    0.87510E-03    0.17732E-03    0.12667E-02    0.44501E-04    0.92405E-03    0.71451E-02    0.10150E+01    0.18832E-01    0.50212E+00    0.94340E-02    0.96587E+00    0.54879E-02    0.14280E+01    0.10451E-01    0.10406E+01    0.61082E-02    0.13796E+01
5500  57    0.88070E-03    0.15686E-02    0.96668E-03    0.24235E-04    0.85646E-03    0.16229E-03    0.14063E-02    0.41492E-04    0.92519E-03    0.69620E-02    0.10066E+01    0.18016E-01    0.49630E+00    0.91095E-02    0.95776E+00    0.53800E-02    0.14306E+01    0.10787E-01    0.10333E+01    0.60559E-02    0.13809E+01
5550  58    0.86889E-03    0.14841E-02    0.94580E-03    0.24856E-04    0.84403E-03    0.18683E-03    0.12973E-02    0.45103E-04    0.90069E-03    0.70507E-02    0.95226E+00    0.19330E-01    0.48232E+00    0.94977E-02    0.90693E+00    0.50416E-02    0.13753E+01    0.10692E-01    0.10045E+01    0.57479E-02    0.13290E+01
5600  58    0.86940E-03    0.13655E-02    0.93140E-03    0.18636E-04    0.85076E-03    0.13164E-03    0.12338E-02    0.32762E-04    0.89864E-03    0.61051E-02    0.93921E+00    0.16226E-01    0.48383E+00    0.80946E-02    0.89505E+00    0.43504E-02    0.13658E+01    0.91529E-02    0.99922E+00    0.49507E-02    0.13199E+01
5650  59    0.85247E-03    0.14804E-02    0.93096E-03    0.20726E-04    0.83174E-03    0.15823E-03    0.13222E-02    0.37914E-04    0.89305E-03    0.64383E-02    0.99150E+00    0.17789E-01    0.49333E+00    0.87079E-02    0.94372E+00    0.50382E-02    0.14111E+01    0.10807E-01    0.10152E+01    0.57593E-02    0.13616E+01
5700  60    0.86479E-03    0.13767E-02    0.92878E-03    0.21812E-04    0.84298E-03    0.15631E-03    0.12204E-02    0.38624E-04    0.89016E-03    0.66048E-02    0.95768E+00    0.17681E-01    0.49999E+00    0.87891E-02    0.91310E+00    0.52695E-02    0.13735E+01    0.96256E-02    0.10009E+01    0.58140E-02    0.13269E+01
5750  61    0.83800E-03    0.14928E-02    0.91985E-03    0.18061E-04    0.81994E-03    0.17130E-03    0.13215E-02    0.37216E-04    0.88263E-03    0.60101E-02    0.98216E+00    0.18510E-01    0.50895E+00    0.86274E-02    0.93618E+00    0.37846E-02    0.14017E+01    0.10096E-01    0.10292E+01    0.45736E-02    0.13551E+01
5800  62    0.83197E-03    0.14073E-02    0.90388E-03    0.21140E-04    0.81083E-03    0.16888E-03    0.12384E-02    0.39608E-04    0.86427E-03    0.65024E-02    0.95742E+00    0.18378E-01    0.49791E+00    0.89003E-02    0.91272E+00    0.46355E-02    0.13824E+01    0.10105E-01    0.10069E+01    0.53192E-02    0.13355E+01
5850  63    0.83049E-03    0.13677E-02    0.89765E-03    0.19915E-04    0.81057E-03    0.15149E-03    0.12163E-02    0.36362E-04    0.86129E-03    0.63112E-02    0.94998E+00    0.17406E-01    0.49620E+00    0.85278E-02    0.90577E+00    0.48933E-02    0.13690E+01    0.10199E-01    0.99870E+00    0.55565E-02    0.13227E+01
5900  64    0.82323E-03    0.14712E-02    0.90422E-03    0.24120E-04    0.79911E-03    0.20764E-03    0.12635E-02    0.47059E-04    0.85716E-03    0.69455E-02    0.94477E+00    0.20378E-01    0.49499E+00    0.97015E-02    0.90091E+00    0.51828E-02    0.13656E+01    0.10225E-01    0.10084E+01    0.58130E-02    0.13210E+01
5950  64    0.83426E-03    0.13601E-02    0.89999E-03    0.32736E-04    0.80152E-03    0.14460E-03    0.12155E-02    0.46719E-04    0.85327E-03    0.80915E-02    0.95224E+00    0.17006E-01    0.50090E+00    0.96664E-02    0.90817E+00    0.63279E-02    0.13633E+01    0.94496E-02    0.10064E+01    0.67181E-02    0.13187E+01
6000  64    0.87890E-03    0.13480E-02    0.93755E-03    0.38532E-04    0.84037E-03    0.16396E-03    0.11841E-02    0.54210E-04    0.88333E-03    0.87787E-02    0.96662E+00    0.18108E-01    0.51305E+00    0.10413E-01    0.92220E+00    0.71423E-02    0.13916E+01    0.10851E-01    0.10222E+01    0.76058E-02    0.13455E+01
6050  65    0.80355E-03    0.14629E-02    0.88597E-03    0.28033E-04    0.77552E-03    0.20283E-03    0.12601E-02    0.49883E-04    0.83609E-03    0.74877E-02    0.93564E+00    0.20141E-01    0.50131E+00    0.99883E-02    0.89298E+00    0.55311E-02    0.13517E+01    0.11159E-01    0.10044E+01    0.62346E-02    0.13083E+01
6100  66    0.80059E-03    0.15425E-02    0.89333E-03    0.28481E-04    0.77210E-03    0.20712E-03    0.13354E-02    0.50811E-04    0.84252E-03    0.75473E-02    0.93338E+00    0.20353E-01    0.50290E+00    0.10081E-01    0.89102E+00    0.56301E-02    0.13435E+01    0.11043E-01    0.10057E+01    0.63066E-02    0.13013E+01
6150  66    0.78396E-03    0.13333E-02    0.85263E-03    0.16855E-04    0.76711E-03    0.14103E-03    0.11922E-02    0.32377E-04    0.82025E-03    0.58061E-02    0.90768E+00    0.16795E-01    0.49088E+00    0.80470E-02    0.86661E+00    0.43139E-02    0.13127E+01    0.92598E-02    0.97353E+00    0.49321E-02    0.12703E+01
6200  67    0.79035E-03    0.13494E-02    0.86022E-03    0.17444E-04    0.77290E-03    0.16422E-03    0.11851E-02    0.35791E-04    0.82443E-03    0.59066E-02    0.90498E+00    0.18123E-01    0.48720E+00    0.84607E-02    0.86388E+00    0.42160E-02    0.13030E+01    0.10189E-01    0.96278E+00    0.49626E-02    0.12605E+01
6250  68    0.81494E-03    0.16137E-02    0.91479E-03    0.33457E-04    0.78148E-03    0.20690E-03    0.14068E-02    0.55138E-04    0.85965E-03    0.81801E-02    0.87380E+00    0.20342E-01    0.48273E+00    0.10501E-01    0.83500E+00    0.59164E-02    0.12799E+01    0.13298E-01    0.95767E+00    0.68391E-02    0.12396E+01
6300  68    0.77795E-03    0.12928E-02    0.84231E-03    0.24584E-04    0.75336E-03    0.12439E-03    0.11685E-02    0.37060E-04    0.80525E-03    0.70121E-02    0.82524E+00    0.15773E-01    0.45340E+00    0.86093E-02    0.78841E+00    0.56187E-02    0.12211E+01    0.98277E-02    0.91224E+00    0.61449E-02    0.11824E+01
6350  69    0.81312E-03    0.15129E-02    0.90059E-03    0.59610E-04    0.75351E-03    0.16716E-03    0.13458E-02    0.73053E-04    0.82754E-03    0.10919E-01    0.90720E+00    0.18284E-01    0.50384E+00    0.12087E-01    0.86711E+00    0.94164E-02    0.13313E+01    0.11783E-01    0.99687E+00    0.97122E-02    0.12895E+01
6400  70    0.77968E-03    0.14646E-02    0.86530E-03    0.32920E-04    0.74676E-03    0.23384E-03    0.12308E-02    0.58035E-04    0.80727E-03    0.81142E-02    0.87478E+00    0.21626E-01    0.48370E+00    0.10774E-01    0.83596E+00    0.68234E-02    0.12785E+01    0.13247E-01    0.95737E+00    0.76264E-02    0.12383E+01
6450  71    0.74946E-03    0.15007E-02    0.84336E-03    0.15565E-04    0.73389E-03    0.19684E-03    0.13039E-02    0.38224E-04    0.80514E-03    0.55794E-02    0.86849E+00    0.19841E-01    0.49251E+00    0.87434E-02    0.83085E+00    0.38135E-02    0.12723E+01    0.10665E-01    0.96726E+00    0.46700E-02    0.12342E+01
6500  72    0.77795E-03    0.13738E-02    0.85242E-03    0.40767E-04    0.73718E-03    0.14924E-03    0.12245E-02    0.54327E-04    0.79810E-03    0.90296E-02    0.84639E+00    0.17277E-01    0.48634E+00    0.10424E-01    0.81019E+00    0.77177E-02    0.12512E+01    0.10961E-01    0.95540E+00    0.81231E-02    0.12142E+01
6550  73    0.75940E-03    0.14245E-02    0.84254E-03    0.32269E-04    0.72713E-03    0.21452E-03    0.12100E-02    0.55051E-04    0.78749E-03    0.80336E-02    0.87777E+00    0.20713E-01    0.49790E+00    0.10493E-01    0.83974E+00    0.65950E-02    0.12899E+01    0.11774E-01    0.97612E+00    0.72424E-02    0.12507E+01
6600  74    0.76026E-03    0.16600E-02    0.87274E-03    0.31527E-04    0.72874E-03    0.24700E-03    0.14131E-02    0.58461E-04    0.81428E-03    0.79407E-02    0.86010E+00    0.22226E-01    0.48943E+00    0.10813E-01    0.82295E+00    0.61467E-02    0.12588E+01    0.12463E-01    0.97054E+00    0.69362E-02    0.12228E+01
6650  75    0.73111E-03    0.14130E-02    0.81635E-03    0.15068E-04    0.71605E-03    0.18413E-03    0.12289E-02    0.36201E-04    0.78015E-03    0.54897E-02    0.84528E+00    0.19190E-01    0.48111E+00    0.85089E-02    0.80878E+00    0.36450E-02    0.12461E+01    0.97104E-02    0.95714E+00    0.44032E-02    0.12100E+01
6700  76    0.77445E-03    0.13700E-02    0.84889E-03    0.24751E-04    0.74970E-03    0.19563E-03    0.11743E-02    0.46111E-04    0.80278E-03    0.70357E-02    0.84428E+00    0.19780E-01    0.48607E+00    0.96032E-02    0.80823E+00    0.58323E-02    0.12650E+01    0.93213E-02    0.95444E+00    0.62684E-02    0.12262E+01
6750  77    0.75693E-03    0.15712E-02    0.85871E-03    0.25693E-04    0.73124E-03    0.21465E-03    0.13565E-02    0.49313E-04    0.80940E-03    0.71684E-02    0.82272E+00    0.20720E-01    0.47681E+00    0.99310E-02    0.78783E+00    0.49718E-02    0.12300E+01    0.11467E-01    0.94982E+00    0.57837E-02    0.11950E+01
6800  78    0.72284E-03    0.14268E-02    0.81084E-03    0.25072E-04    0.69777E-03    0.18883E-03    0.12380E-02    0.45542E-04    0.76530E-03    0.70812E-02    0.86800E+00    0.19433E-01    0.50272E+00    0.95438E-02    0.83116E+00    0.54165E-02    0.12811E+01    0.10515E-01    0.99207E+00    0.60539E-02    0.12450E+01
6850  79    0.72670E-03    0.14755E-02    0.82029E-03    0.27903E-04    0.69880E-03    0.21012E-03    0.12653E-02    0.50680E-04    0.76961E-03    0.74703E-02    0.82613E+00    0.20500E-01    0.47980E+00    0.10068E-01    0.79117E+00    0.54001E-02    0.12370E+01    0.12187E-01    0.95480E+00    0.62485E-02    0.12017E+01
6900  80    0.72093E-03    0.14330E-02    0.80994E-03    0.29905E-04    0.69103E-03    0.18313E-03    0.12499E-02    0.49058E-04    0.76088E-03    0.77337E-02    0.84642E+00    0.19138E-01    0.48802E+00    0.99054E-02    0.81033E+00    0.64755E-02    0.12464E+01    0.11439E-01    0.95969E+00    0.70960E-02    0.12106E+01
6950  81    0.72093E-03    0.13556E-02    0.80026E-03    0.22862E-04    0.69806E-03    0.13961E-03    0.12160E-02    0.37455E-04    0.76280E-03    0.67619E-02    0.80336E+00    0.16710E-01    0.47065E+00    0.86551E-02    0.76968E+00    0.57657E-02    0.12110E+01    0.11135E-01    0.93437E+00    0.64369E-02    0.11764E+01
7000  82    0.71324E-03    0.13969E-02    0.79869E-03    0.22230E-04    0.69101E-03    0.15806E-03    0.12388E-02    0.39209E-04    0.75949E-03    0.66678E-02    0.79877E+00    0.17780E-01    0.46707E+00    0.88554E-02    0.76521E+00    0.55207E-02    0.12003E+01    0.10986E-01    0.92716E+00    0.62038E-02    0.11662E+01
7050  83    0.70893E-03    0.14459E-02    0.80105E-03    0.32875E-04    0.67605E-03    0.17934E-03    0.12666E-02    0.51183E-04    0.74987E-03    0.81086E-02    0.78415E+00    0.18939E-01    0.46761E+00    0.10118E-01    0.75191E+00    0.67844E-02    0.11899E+01    0.10283E-01    0.93773E+00    0.72216E-02    0.11584E+01
7100  84    0.71659E-03    0.15286E-02    0.81809E-03    0.31486E-04    0.68511E-03    0.25163E-03    0.12770E-02    0.59005E-04    0.75909E-03    0.79355E-02    0.79439E+00    0.22434E-01    0.47024E+00    0.10863E-01    0.76145E+00    0.60774E-02    0.11959E+01    0.12794E-01    0.93274E+00    0.69169E-02    0.11630E+01
7150  85    0.69623E-03    0.13997E-02    0.78416E-03    0.29548E-04    0.66668E-03    0.17399E-03    0.12257E-02    0.47604E-04    0.73655E-03    0.76875E-02    0.76121E+00    0.18654E-01    0.45517E+00    0.97575E-02    0.73001E+00    0.64037E-02    0.11573E+01    0.10197E-01    0.91564E+00    0.68779E-02    0.11271E+01
7200  86    0.68643E-03    0.13869E-02    0.77399E-03    0.15748E-04    0.67069E-03    0.17739E-03    0.12095E-02    0.35953E-04    0.73804E-03    0.56122E-02    0.78518E+00    0.18835E-01    0.47413E+00    0.84798E-02    0.75336E+00    0.43658E-02    0.12013E+01    0.97107E-02    0.94545E+00    0.50339E-02    0.11693E+01
7250  87    0.68803E-03    0.14198E-02    0.77950E-03    0.21941E-04    0.66609E-03    0.19710E-03    0.12227E-02    0.43836E-04    0.73567E-03    0.66244E-02    0.77634E+00    0.19854E-01    0.46648E+00    0.93633E-02    0.74469E+00    0.54075E-02    0.11746E+01    0.10065E-01    0.93567E+00    0.59897E-02    0.11448E+01
7300  88    0.69194E-03    0.13593E-02    0.77536E-03    0.30514E-04    0.66143E-03    0.18558E-03    0.11737E-02    0.49896E-04    0.72546E-03    0.78120E-02    0.76767E+00    0.19265E-01    0.46035E+00    0.99896E-02    0.73631E+00    0.59579E-02    0.11725E+01    0.11092E-01    0.92369E+00    0.65996E-02    0.11414E+01
7350  89    0.67116E-03    0.14265E-02    0.76558E-03    0.17084E-04    0.65407E-03    0.18148E-03    0.12450E-02    0.37633E-04    0.72795E-03    0.58453E-02    0.76252E+00    0.19052E-01    0.46256E+00    0.86756E-02    0.73178E+00    0.45028E-02    0.11729E+01    0.99620E-02    0.93040E+00    0.51852E-02    0.11426E+01
7400  90    0.66963E-03    0.14011E-02    0.76106E-03    0.22075E-04    0.64755E-03    0.16434E-03    0.12368E-02    0.39859E-04    0.72121E-03    0.66446E-02    0.75640E+00    0.18130E-01    0.45435E+00    0.89285E-02    0.72556E+00    0.56448E-02    0.11626E+01    0.11163E-01    0.91333E+00    0.63346E-02    0.11314E+01
7450  91    0.71521E-03    0.15166E-02    0.81539E-03    0.28381E-04    0.68683E-03    0.24593E-03    0.12707E-02    0.55575E-04    0.75981E-03    0.75341E-02    0.77083E+00    0.22178E-01    0.46778E+00    0.10543E-01    0.73977E+00    0.57695E-02    0.11834E+01    0.10563E-01    0.93867E+00    0.63687E-02    0.11528E+01
7500  92    0.66519E-03    0.13928E-02    0.75615E-03    0.23793E-04    0.64140E-03    0.22842E-03    0.11644E-02    0.49371E-04    0.70678E-03    0.68982E-02    0.75686E+00    0.21374E-01    0.45699E+00    0.99369E-02    0.72618E+00    0.50929E-02    0.11582E+01    0.11509E-01    0.91921E+00    0.58949E-02    0.11283E+01
7550  93    0.69710E-03    0.14462E-02    0.79074E-03    0.36499E-04    0.66060E-03    0.20800E-03    0.12382E-02    0.57937E-04    0.73280E-03    0.85439E-02    0.78781E+00    0.20396E-01    0.47928E+00    0.10764E-01    0.75616E+00    0.71983E-02    0.11879E+01    0.11765E-01    0.96124E+00    0.77692E-02    0.11596E+01
7600  94    0.68373E-03    0.13079E-02    0.76175E-03    0.39587E-04    0.64414E-03    0.16204E-03    0.11459E-02    0.54893E-04    0.70686E-03    0.88979E-02    0.72811E+00    0.18002E-01    0.44464E+00    0.10478E-01    0.69899E+00    0.78228E-02    0.11278E+01    0.10987E-01    0.89985E+00    0.82183E-02    0.10993E+01
7650  95    0.64757E-03    0.13541E-02    0.73588E-03    0.16899E-04    0.63067E-03    0.16279E-03    0.11913E-02    0.35135E-04    0.70075E-03    0.58135E-02    0.71384E+00    0.18044E-01    0.44279E+00    0.83827E-02    0.68585E+00    0.44623E-02    0.11162E+01    0.10139E-01    0.89952E+00    0.51720E-02    0.10891E+01
7700  95    0.63770E-03    0.12635E-02    0.71592E-03    0.12280E-04    0.62542E-03    0.16333E-03    0.11001E-02    0.31161E-04    0.68476E-03    0.49558E-02    0.69834E+00    0.18074E-01    0.43496E+00    0.78945E-02    0.67109E+00    0.34193E-02    0.10992E+01    0.91935E-02    0.88950E+00    0.41411E-02    0.10730E+01
7750  96    0.67405E-03    0.12643E-02    0.74783E-03    0.35008E-04    0.63904E-03    0.21156E-03    0.10527E-02    0.57077E-04    0.69075E-03    0.83675E-02    0.71287E+00    0.20570E-01    0.44229E+00    0.10684E-01    0.68492E+00    0.71084E-02    0.11110E+01    0.11655E-01    0.90329E+00    0.76768E-02    0.10851E+01
7800  97    0.62965E-03    0.12923E-02    0.71247E-03    0.15936E-04    0.61371E-03    0.18193E-03    0.11103E-02    0.36686E-04    0.67579E-03    0.56455E-02    0.72277E+00    0.19075E-01    0.45014E+00    0.85657E-02    0.69457E+00    0.41323E-02    0.11179E+01    0.95375E-02    0.91480E+00    0.48080E-02    0.10925E+01
7850  97    0.70314E-03    0.11738E-02    0.76198E-03    0.43561E-04    0.65958E-03    0.13643E-03    0.10374E-02    0.55170E-04    0.70681E-03    0.93340E-02    0.70394E+00    0.16519E-01    0.43802E+00    0.10504E-01    0.67644E+00    0.78189E-02    0.10976E+01    0.10880E-01    0.88910E+00    0.82016E-02    0.10715E+01
7900  98    0.66062E-03    0.13226E-02    0.74337E-03    0.31914E-04    0.62870E-03    0.17082E-03    0.11518E-02    0.49278E-04    0.69409E-03    0.79893E-02    0.75906E+00    0.18484E-01    0.46563E+00    0.99275E-02    0.72887E+00    0.68694E-02    0.11545E+01    0.11104E-01    0.93333E+00    0.73988E-02    0.11269E+01
7950  99    0.64757E-03    0.12821E-02    0.72688E-03    0.25406E-04    0.62216E-03    0.15795E-03    0.11241E-02    0.41974E-04    0.68491E-03    0.71282E-02    0.70859E+00    0.17774E-01    0.43809E+00    0.91623E-02    0.68068E+00    0.60730E-02    0.11022E+01    0.11459E-01    0.89414E+00    0.67463E-02    0.10762E+01
8000  100    0.64689E-03    0.14139E-02    0.74276E-03    0.26285E-04    0.62060E-03    0.20884E-03    0.12050E-02    0.49105E-04    0.69366E-03    0.72505E-02    0.72220E+00    0.20437E-01    0.45822E+00    0.99101E-02    0.69471E+00    0.57495E-02    0.11306E+01    0.94066E-02    0.93300E+00    0.62067E-02    0.11059E+01
8050  101    0.64387E-03    0.12945E-02    0.72520E-03    0.26536E-04    0.61733E-03    0.15066E-03    0.11439E-02    0.42051E-04    0.68315E-03    0.72851E-02    0.71491E+00    0.17358E-01    0.46226E+00    0.91707E-02    0.68842E+00    0.62086E-02    0.11308E+01    0.93133E-02    0.93976E+00    0.65967E-02    0.11069E+01
8100  102    0.62266E-03    0.11965E-02    0.69440E-03    0.14277E-04    0.60839E-03    0.15856E-03    0.10380E-02    0.32313E-04    0.66208E-03    0.53436E-02    0.68824E+00    0.17808E-01    0.43368E+00    0.80390E-02    0.66180E+00    0.40129E-02    0.10920E+01    0.81207E-02    0.89148E+00    0.45264E-02    0.10669E+01
8150  103    0.60615E-03    0.12797E-02    0.69034E-03    0.16677E-04    0.58947E-03    0.17114E-03    0.11086E-02    0.35984E-04    0.65436E-03    0.57753E-02    0.70286E+00    0.18501E-01    0.44371E+00    0.84834E-02    0.67592E+00    0.46123E-02    0.11048E+01    0.98712E-02    0.90915E+00    0.52697E-02    0.10803E+01
8200  104    0.61860E-03    0.12975E-02    0.70346E-03    0.23791E-04    0.59481E-03    0.15164E-03    0.11459E-02    0.39773E-04    0.66369E-03    0.68980E-02    0.68992E+00    0.17415E-01    0.43482E+00    0.89188E-02    0.66342E+00    0.58435E-02    0.10856E+01    0.10840E-01    0.89593E+00    0.64681E-02    0.10619E+01
8250  105    0.64339E-03    0.13828E-02    0.73582E-03    0.24575E-04    0.61882E-03    0.19321E-03    0.11896E-02    0.45654E-04    0.69017E-03    0.70107E-02    0.67834E+00    0.19657E-01    0.43601E+00    0.95555E-02    0.65298E+00    0.53341E-02    0.10906E+01    0.12126E-01    0.89439E+00    0.61831E-02    0.10661E+01
8300  106    0.59888E-03    0.12823E-02    0.68431E-03    0.14372E-04    0.58451E-03    0.16180E-03    0.11205E-02    0.32801E-04    0.65151E-03    0.53614E-02    0.65907E+00    0.17989E-01    0.42405E+00    0.80995E-02    0.63447E+00    0.38694E-02    0.10607E+01    0.97491E-02    0.87296E+00    0.46043E-02    0.10373E+01
8350  107    0.60211E-03    0.12252E-02    0.68000E-03    0.16080E-04    0.58603E-03    0.13803E-03    0.10872E-02    0.31324E-04    0.64867E-03    0.56710E-02    0.66336E+00    0.16615E-01    0.41905E+00    0.79151E-02    0.63796E+00    0.44945E-02    0.10641E+01    0.99398E-02    0.86944E+00    0.51752E-02    0.10398E+01
8400  108    0.59865E-03    0.12570E-02    0.68095E-03    0.18005E-04    0.58065E-03    0.18299E-03    0.10740E-02    0.38628E-04    0.64232E-03    0.60008E-02    0.65156E+00    0.19131E-01    0.41868E+00    0.87895E-02    0.62720E+00    0.42054E-02    0.10546E+01    0.10616E-01    0.86941E+00    0.50067E-02    0.10314E+01
8450  108    0.60452E-03    0.11475E-02    0.67240E-03    0.17303E-04    0.58722E-03    0.12267E-03    0.10249E-02    0.30473E-04    0.64193E-03    0.58826E-02    0.68213E+00    0.15663E-01    0.43790E+00    0.78068E-02    0.65659E+00    0.49340E-02    0.10859E+01    0.89362E-02    0.89048E+00    0.54343E-02    0.10615E+01
8500  109    0.59800E-03    0.12805E-02    0.68332E-03    0.14583E-04    0.58342E-03    0.17926E-03    0.11013E-02    0.35168E-04    0.64815E-03    0.54005E-02    0.69672E+00    0.18935E-01    0.44553E+00    0.83866E-02    0.67049E+00    0.40585E-02    0.11105E+01    0.83287E-02    0.90753E+00    0.45923E-02    0.10851E+01
8550  110    0.60112E-03    0.11541E-02    0.67024E-03    0.16105E-04    0.58501E-03    0.14953E-03    0.10046E-02    0.32783E-04    0.63746E-03    0.56754E-02    0.69776E+00    0.17293E-01    0.44617E+00    0.80973E-02    0.67149E+00    0.43284E-02    0.11077E+01    0.77382E-02    0.90051E+00    0.47546E-02    0.10818E+01
8600  111    0.60385E-03    0.12885E-02    0.68942E-03    0.24453E-04    0.57939E-03    0.17618E-03    0.11123E-02    0.43419E-04    0.64601E-03    0.69933E-02    0.68426E+00    0.18771E-01    0.43203E+00    0.93187E-02    0.65804E+00    0.57588E-02    0.10800E+01    0.11405E-01    0.88689E+00    0.64645E-02    0.10559E+01
8650  111    0.62671E-03    0.10195E-02    0.67581E-03    0.40191E-04    0.58652E-03    0.91773E-04    0.92776E-03    0.46639E-04    0.62918E-03    0.89656E-02    0.63280E+00    0.13548E-01    0.40915E+00    0.96580E-02    0.60935E+00    0.73964E-02    0.10373E+01    0.93313E-02    0.84416E+00    0.76383E-02    0.10132E+01
8700  112    0.63159E-03    0.11396E-02    0.69509E-03    0.40743E-04    0.59084E-03    0.17828E-03    0.96132E-03    0.57935E-04    0.63715E-03    0.90270E-02    0.64413E+00    0.18883E-01    0.41328E+00    0.10764E-01    0.61999E+00    0.76470E-02    0.10510E+01    0.11571E-01    0.86273E+00    0.81375E-02    0.10274E+01
8750  113    0.58504E-03    0.11447E-02    0.65500E-03    0.18517E-04    0.56653E-03    0.14101E-03    0.10037E-02    0.33828E-04    0.62117E-03    0.60855E-02    0.63799E+00    0.16793E-01    0.41606E+00    0.82253E-02    0.61465E+00    0.49975E-02    0.10396E+01    0.86504E-02    0.85738E+00    0.54541E-02    0.10168E+01
8800  114    0.59833E-03    0.12700E-02    0.68229E-03    0.18941E-04    0.57939E-03    0.17826E-03    0.10917E-02    0.38856E-04    0.64343E-03    0.61548E-02    0.64237E+00    0.18882E-01    0.41935E+00    0.88154E-02    0.61890E+00    0.45941E-02    0.10525E+01    0.88700E-02    0.86820E+00    0.51286E-02    0.10295E+01
8850  115    0.62146E-03    0.12540E-02    0.70053E-03    0.24279E-04    0.59719E-03    0.16655E-03    0.10874E-02    0.42063E-04    0.65846E-03    0.69684E-02    0.64447E+00    0.18251E-01    0.42160E+00    0.91720E-02    0.62100E+00    0.47886E-02    0.10617E+01    0.93807E-02    0.87307E+00    0.53626E-02    0.10381E+01
8900  116    0.62369E-03    0.11368E-02    0.68782E-03    0.42950E-04    0.58074E-03    0.12646E-03    0.10103E-02    0.53389E-04    0.63443E-03    0.92682E-02    0.64852E+00    0.15904E-01    0.42463E+00    0.10333E-01    0.62494E+00    0.76857E-02    0.10578E+01    0.11221E-01    0.87384E+00    0.81277E-02    0.10348E+01
8950  117    0.58020E-03    0.12475E-02    0.66362E-03    0.20656E-04    0.55955E-03    0.15719E-03    0.10903E-02    0.37723E-04    0.62590E-03    0.64274E-02    0.62218E+00    0.17731E-01    0.40943E+00    0.86859E-02    0.59973E+00    0.50656E-02    0.10348E+01    0.10213E-01    0.85855E+00    0.57090E-02    0.10128E+01
9000  118    0.57470E-03    0.10805E-02    0.63793E-03    0.16995E-04    0.55770E-03    0.14385E-03    0.93668E-03    0.32852E-04    0.60508E-03    0.58301E-02    0.61073E+00    0.16962E-01    0.40673E+00    0.81058E-02    0.58911E+00    0.46551E-02    0.10186E+01    0.92313E-02    0.84547E+00    0.52271E-02    0.99697E+00
9050  119    0.56000E-03    0.11403E-02    0.63254E-03    0.12759E-04    0.54724E-03    0.13239E-03    0.10079E-02    0.27714E-04    0.60483E-03    0.50516E-02    0.61398E+00    0.16272E-01    0.40764E+00    0.74450E-02    0.59213E+00    0.39670E-02    0.10143E+01    0.88693E-02    0.84817E+00    0.45798E-02    0.99357E+00
9100  120    0.59702E-03    0.11790E-02    0.66977E-03    0.27545E-04    0.56948E-03    0.13360E-03    0.10454E-02    0.40801E-04    0.62897E-03    0.74222E-02    0.63532E+00    0.16346E-01    0.42757E+00    0.90334E-02    0.61321E+00    0.63991E-02    0.10552E+01    0.98846E-02    0.88207E+00    0.68348E-02    0.10336E+01
9150  121    0.56124E-03    0.12383E-02    0.64587E-03    0.12672E-04    0.54857E-03    0.16851E-03    0.10698E-02    0.32152E-04    0.61372E-03    0.50344E-02    0.63489E+00    0.18358E-01    0.42401E+00    0.80190E-02    0.61252E+00    0.31568E-02    0.10388E+01    0.92971E-02    0.87402E+00    0.39243E-02    0.10182E+01
9200  122    0.66211E-03    0.15069E-02    0.76771E-03    0.68258E-04    0.59385E-03    0.35543E-03    0.11515E-02    0.10415E-03    0.66356E-03    0.11684E-01    0.63912E+00    0.26662E-01    0.43272E+00    0.14433E-01    0.61711E+00    0.95424E-02    0.10632E+01    0.17805E-01    0.89963E+00    0.10575E-01    0.10428E+01
9250  123    0.56538E-03    0.11729E-02    0.64132E-03    0.14320E-04    0.55106E-03    0.16750E-03    0.10054E-02    0.33467E-04    0.60785E-03    0.53517E-02    0.64485E+00    0.18303E-01    0.43262E+00    0.81814E-02    0.62229E+00    0.42439E-02    0.10555E+01    0.85364E-02    0.89331E+00    0.47805E-02    0.10352E+01
9300  124    0.56764E-03    0.11368E-02    0.63879E-03    0.13996E-04    0.55364E-03    0.15896E-03    0.97789E-03    0.32116E-04    0.60667E-03    0.52907E-02    0.59726E+00    0.17830E-01    0.40308E+00    0.80145E-02    0.57658E+00    0.41702E-02    0.10002E+01    0.96439E-02    0.84340E+00    0.48544E-02    0.98056E+00
9350  125    0.56070E-03    0.11637E-02    0.63608E-03    0.15384E-04    0.54532E-03    0.16212E-03    0.10016E-02    0.33725E-04    0.60235E-03    0.55468E-02    0.64044E+00    0.18006E-01    0.43139E+00    0.82128E-02    0.61819E+00    0.41768E-02    0.10470E+01    0.87705E-02    0.89264E+00    0.47510E-02    0.10277E+01
9400  126    0.59206E-03    0.10717E-02    0.65201E-03    0.27299E-04    0.56476E-03    0.12216E-03    0.94951E-03    0.39157E-04    0.61286E-03    0.73891E-02    0.59736E+00    0.15631E-01    0.41603E+00    0.88496E-02    0.57781E+00    0.57072E-02    0.10180E+01    0.87742E-02    0.87174E+00    0.60906E-02    0.99972E+00
9450  127    0.56690E-03    0.10573E-02    0.62820E-03    0.16091E-04    0.55081E-03    0.12675E-03    0.93059E-03    0.29924E-04    0.59828E-03    0.56729E-02    0.60343E+00    0.15922E-01    0.40628E+00    0.77361E-02    0.58245E+00    0.42893E-02    0.10082E+01    0.85929E-02    0.84938E+00    0.48272E-02    0.98839E+00
9500  128    0.55612E-03    0.11093E-02    0.62526E-03    0.17865E-04    0.53825E-03    0.13069E-03    0.97859E-03    0.31968E-04    0.59330E-03    0.59774E-02    0.58367E+00    0.16167E-01    0.40350E+00    0.79960E-02    0.56431E+00    0.50504E-02    0.99236E+00    0.97870E-02    0.85540E+00    0.56425E-02    0.97524E+00
9550  129    0.54019E-03    0.11920E-02    0.62167E-03    0.15855E-04    0.52433E-03    0.16892E-03    0.10231E-02    0.34988E-04    0.58668E-03    0.56311E-02    0.62335E+00    0.18380E-01    0.42086E+00    0.83652E-02    0.60178E+00    0.41079E-02    0.10283E+01    0.99151E-02    0.87935E+00    0.48338E-02    0.10097E+01
9600  130    0.57660E-03    0.13182E-02    0.66929E-03    0.41402E-04    0.53519E-03    0.23315E-03    0.10850E-02    0.65371E-04    0.60392E-03    0.90997E-02    0.59162E+00    0.21594E-01    0.40530E+00    0.11434E-01    0.57166E+00    0.73637E-02    0.99938E+00    0.14329E-01    0.85931E+00    0.82344E-02    0.98187E+00
9650  131    0.55783E-03    0.10433E-02    0.61852E-03    0.22351E-04    0.53548E-03    0.11123E-03    0.93211E-03    0.33461E-04    0.58506E-03    0.66860E-02    0.57482E+00    0.14915E-01    0.39575E+00    0.81806E-02    0.55561E+00    0.53139E-02    0.98411E+00    0.82262E-02    0.84057E+00    0.56779E-02    0.96617E+00
9700  132    0.57737E-03    0.10572E-02    0.63735E-03    0.31432E-04    0.54594E-03    0.15602E-03    0.90121E-03    0.47005E-04    0.59035E-03    0.79286E-02    0.59196E+00    0.17665E-01    0.40397E+00    0.96959E-02    0.57185E+00    0.64577E-02    0.10007E+01    0.10515E-01    0.84953E+00    0.69649E-02    0.98179E+00
9750  133    0.53800E-03    0.10980E-02    0.60800E-03    0.15273E-04    0.52272E-03    0.12671E-03    0.97133E-03    0.29203E-04    0.57880E-03    0.55269E-02    0.59445E+00    0.15919E-01    0.40510E+00    0.76424E-02    0.57421E+00    0.42071E-02    0.10011E+01    0.77976E-02    0.85408E+00    0.46559E-02    0.98272E+00
9800  134    0.52874E-03    0.11823E-02    0.61044E-03    0.12490E-04    0.51625E-03    0.14934E-03    0.10330E-02    0.29595E-04    0.58084E-03    0.49979E-02    0.57304E+00    0.17282E-01    0.40334E+00    0.76936E-02    0.55467E+00    0.35630E-02    0.98768E+00    0.85638E-02    0.85373E+00    0.41881E-02    0.97093E+00
9850  135    0.56631E-03    0.12132E-02    0.64716E-03    0.36552E-04    0.52976E-03    0.22527E-03    0.98789E-03    0.60142E-04    0.58702E-03    0.85501E-02    0.59922E+00    0.21226E-01    0.41937E+00    0.10967E-01    0.57980E+00    0.72906E-02    0.10243E+01    0.12432E-01    0.88204E+00    0.79332E-02    0.10065E+01
9900  136    0.54582E-03    0.10715E-02    0.61153E-03    0.23797E-04    0.52202E-03    0.13777E-03    0.93374E-03    0.38043E-04    0.57349E-03    0.68989E-02    0.56150E+00    0.16599E-01    0.38632E+00    0.87228E-02    0.54271E+00    0.58355E-02    0.96244E+00    0.98701E-02    0.83184E+00    0.63398E-02    0.94611E+00
9950  137    0.54530E-03    0.11419E-02    0.61987E-03    0.25467E-04    0.51984E-03    0.16011E-03    0.98176E-03    0.42297E-04    0.57758E-03    0.71368E-02    0.55404E+00    0.17895E-01    0.38185E+00    0.91975E-02    0.53555E+00    0.57954E-02    0.96182E+00    0.10698E-01    0.82412E+00    0.64083E-02    0.94461E+00
10000  138    0.52929E-03    0.10939E-02    0.59987E-03    0.18812E-04    0.51048E-03    0.11293E-03    0.98097E-03    0.30577E-04    0.56929E-03    0.61339E-02    0.57883E+00    0.15029E-01    0.40764E+00    0.78201E-02    0.56030E+00    0.50635E-02    0.99965E+00    0.93161E-02    0.86064E+00    0.55951E-02    0.98228E+00
