9800
func 0
Activation_out 0
4
4
6
6
1
 #l=           2
 -3.96725286333540150E-01  2.62935832778220469E-01  2.27820855998786403E-01  4.28137393175457737E-01  3.49481985878541401E-01
 -4.55242893323769132E-02 -1.99831187135273897E-01  1.48152151158568640E-01 -5.72470185092638251E-01  4.88998713577314781E-01
  6.19076792315803592E-01 -3.42233324341241707E-01  2.86306627203955888E-01  5.96594461624261774E-01 -6.15559098626146106E-01
 -1.88400919955894336E-01 -2.71903391023441465E-01 -2.59099446242884501E-01  2.93407113799856678E-01  3.51360053542284057E-01
 -8.06070015594501366E-02  2.45945255034482474E-01 -2.20140002776610000E-01  4.37414796493752311E-01  3.05951664924062228E-01
 -8.09798271010738535E-01 -3.35536447188225950E-01  3.75164483004877647E-01  5.00954676939768029E-01  4.55806563083325178E-01
 #l=           3
  5.54188240482155314E-01 -4.69636864816919297E-01  5.85845398820833974E-01 -2.67977914885185298E-01  7.82054802152076123E-01 -1.35652637438200746E-01 -1.89974907745722760E-01
  1.55172059671013191E-01 -7.28036091468325708E-01  7.71014510246116780E-01  3.22693238141382399E-01 -5.01343288378980123E-01  3.09012308536585178E-01  5.97593340796331862E-01
  1.17755579012749315E-01 -1.46991192177202190E-01  3.82863369846718704E-01 -1.55656457654648445E-01 -1.40776068738980402E-02  7.01055998536287861E-01 -2.51558053286764449E-01
  3.34978503348071777E-01  2.50161667401503029E-01  2.23620746774485568E-01  6.58252026074789054E-01  8.74596658012920108E-02  2.61820952117323091E-01  6.55802135802802444E-01
  5.74390062106403199E-01  7.44690504563875866E-01  7.24618978982754736E-01 -3.32381698897045275E-01 -7.53555308374189825E-01  1.59514735907693467E-01 -9.10791292780195327E-02
  2.05270755359075810E-02 -3.60278039718384069E-01 -1.71625779457085792E-01 -5.26703146046158310E-01 -1.22307897048752712E+00 -2.76554938767571812E-01  2.38200749864946937E-01
 #l=           4
  5.26716846733383745E-02 -6.67412123411743274E-01  8.04623951998572062E-01  1.15194038031015400E+00  1.74317457347754445E-01 -5.40663559121538073E-01  2.35949177796225651E-01
