    0.989957667989E+00   -0.774791878492E-01   -0.168822326093E+00    0.269057713255E+00   -0.744082290375E-01   -0.267347778064E-01    0.841520857878E-01   -0.944021540710E-01   -0.155714218771E+00    0.602706655204E-01    0.302357325875E-01   -0.339185684996E-01    0.364600322284E-01    0.106764241949E+00    0.216551700232E-01   -0.681631894881E-01    0.764657447975E-01    0.131000411252E-01    0.383602502451E-01    0.462570554948E-01   -0.488192390715E-01   -0.295326261050E-01   -0.864790359785E-01    0.166200985648E-01   -0.175406877188E-01   -0.374682149508E-01    0.395435836479E-01    0.142079570522E-01
   -0.172807354745E+00    0.971216105690E+00    0.863609406036E+00   -0.872122198151E+00   -0.816412546666E-02   -0.505042503410E-01   -0.314322805594E-01    0.257436335744E-02    0.116860329308E-01    0.661294162799E-02   -0.194443822874E+00    0.159253176600E-01    0.400042147866E-02    0.991142427238E-02    0.409084427762E-01    0.254601472531E-01   -0.208523431953E-02    0.247470826671E-01    0.613132483978E-01   -0.126143804515E-02   -0.535648271867E-02   -0.324034139772E-02   -0.802825366063E-02   -0.780340565342E-02   -0.331358386487E-01    0.102176481657E-02    0.433875100212E-02    0.268400293055E-01
   -0.604354618522E+00    0.634716789253E+00    0.260783559343E+00    0.341328080467E+00    0.333299917681E-02   -0.120530564220E-01   -0.418448761718E-01    0.148111882494E-02    0.600598461266E-02   -0.269972933322E-02    0.151322765688E+00   -0.535613956608E-02   -0.163316959664E-02   -0.185950342431E-01    0.976297570183E-02    0.338943496992E-01   -0.119970624820E-02    0.590599764678E-02    0.672448401610E-01   -0.725748224218E-03    0.218678075991E-02    0.132286737328E-02    0.150619777369E-01    0.262450838738E-02   -0.790801031848E-02    0.587856061617E-03   -0.177129241553E-02    0.640548835797E-02
    0.979050132326E+00   -0.442987591638E+00   -0.447264277826E+00    0.498549250433E+00   -0.909836574426E-01   -0.336259696218E-01    0.606184055296E-01   -0.231528526316E+00   -0.124906627679E+00    0.736967625285E-01    0.224035032241E-01   -0.855688967811E-01    0.445819921469E-01    0.154257264374E+00    0.272370353936E-01   -0.491009084790E-01    0.187538106316E+00    0.164767251147E-01    0.570107888779E-01    0.113448977895E+00   -0.596943776481E-01   -0.361114136390E-01   -0.124948384143E+00    0.419287594227E-01   -0.220619986689E-01   -0.918936720947E-01    0.483524458949E-01    0.178702189218E-01
    0.597684552082E+00    0.483454404703E+00    0.682905146947E+00    0.620745113212E+00   -0.475500437242E-01   -0.385205804739E-01    0.204198893963E+00    0.421437564090E-02   -0.546459001439E-01    0.385155354166E-01    0.165422769603E+00    0.341409141418E-02    0.232995214249E-01   -0.180982135287E-01    0.312016701839E-01   -0.165401104110E+00   -0.341364426913E-02    0.188750844322E-01   -0.146614731778E-01   -0.206504406404E-02   -0.311975836875E-01   -0.188726123541E-01    0.146595529582E-01   -0.167290479295E-02   -0.252733528489E-01    0.167268569187E-02    0.252700427868E-01    0.204714158076E-01
    0.356477579593E+00    0.309943010790E+00    0.896333114319E+00    0.595949442388E+00   -0.598595952394E-01   -0.753306213366E-01    0.144067172919E+00    0.214681275624E-01   -0.711922727967E-01    0.484862721439E-01    0.181302088777E+00    0.270166776394E-01    0.293312016673E-01   -0.516684490333E-01    0.610178032827E-01   -0.116694410065E+00   -0.173891833255E-01    0.369120044550E-01   -0.650224304660E-01   -0.105193825056E-01   -0.392738804366E-01   -0.237582733505E-01    0.418514437170E-01   -0.132381720433E-01   -0.494244206590E-01    0.852069982951E-02    0.318118431536E-01    0.400337807338E-01
   -0.386359793752E+00   -0.258052458628E+00    0.154910713301E+00   -0.823974426605E+00   -0.808504490600E-02    0.152356122682E+00    0.698953502308E-02   -0.486312525430E-02    0.125341750844E-01    0.654888637386E-02   -0.131712126259E+00    0.916416564751E-01    0.396167200394E-02    0.420418002395E-02   -0.123408459372E+00   -0.566152336869E-02    0.393913145598E-02   -0.746545001141E-01   -0.792243673292E-01    0.238293137461E-02   -0.530459796283E-02   -0.320895432319E-02   -0.340538581940E-02   -0.449044116728E-01    0.999608520916E-01   -0.193017441343E-02    0.429672434989E-02   -0.809682901942E-01
   -0.828151523218E+00    0.235143970554E+00    0.890827073580E+00    0.398835618851E+00    0.398388563783E-01   -0.751178738383E-01   -0.800048689911E-01   -0.139948044192E-01    0.645271372258E-01   -0.322694736664E-01    0.150852614800E+00    0.263878044785E-01   -0.195210396254E-01    0.281045340129E-01    0.608454778090E-01    0.648039438828E-01    0.113357915796E-01    0.368077581808E-01   -0.529923053065E-01    0.685745416543E-02    0.261382736698E-01    0.158120420965E-01   -0.227646725504E-01   -0.129300241944E-01   -0.492848370253E-01   -0.555453787399E-02   -0.211720016725E-01    0.399207179905E-01
   -0.933572477808E+00    0.942458402674E+00   -0.284468746342E+00    0.351479541168E-01   -0.531517068700E-02    0.797644877386E-02   -0.230960841684E-01   -0.878750356246E-02   -0.224992662060E-01    0.430528825647E-02    0.346601723810E-01    0.131873605089E-01    0.260443363663E-02   -0.381844598905E-01   -0.646092350683E-02    0.187078281764E-01    0.711787788559E-02   -0.390845989919E-02    0.573032186941E-01    0.430587674561E-02   -0.348728348774E-02   -0.210959124567E-02    0.309294125113E-01   -0.646180664938E-02    0.523334804053E-02   -0.348776016394E-02    0.282469962507E-02   -0.423901191283E-02
    0.181927306654E+00    0.174612422916E-02   -0.708647336990E+00   -0.887499835285E+00    0.866735314594E-02    0.155978442714E-01   -0.111381746137E-01    0.787457072492E-01   -0.121065388489E-01   -0.702055604821E-02   -0.200443561219E-01    0.141711461162E+00   -0.424700304151E-02   -0.101193919603E+00   -0.126342538598E-01    0.902192143708E-02   -0.637840228719E-01   -0.764294369298E-02   -0.182109459786E+00   -0.385853965521E-01    0.568665039905E-02    0.344007246362E-02    0.819670748784E-01   -0.694386159692E-01    0.102337456265E-01    0.312541712072E-01   -0.460618682323E-02   -0.828933395743E-02
   -0.450639331297E+00    0.494599608628E+00   -0.544943048788E+00    0.562435399529E+00    0.177796018174E-02   -0.151002462474E-01   -0.802928679689E-02    0.630985083130E-02    0.221787381502E-02   -0.144014774721E-02    0.681928701607E-01   -0.535896710825E-01   -0.871200489053E-03   -0.284953524216E-01    0.122311994604E-01    0.650372230548E-02   -0.511097917336E-02    0.739912066123E-02    0.242011515720E+00   -0.309182690734E-02    0.116651967524E-02    0.705672396133E-03    0.230812354615E-01    0.262589388304E-01   -0.990727156293E-02    0.250437979494E-02   -0.944880936944E-03    0.802488996597E-02
   -0.616915079766E+00    0.522629566946E+00   -0.383330011024E+00   -0.184054207477E+00    0.123927744551E-03   -0.427478643291E-03   -0.642730948325E-03    0.262913793948E-03    0.777165001092E-02   -0.100381473086E-03    0.221704796442E-02   -0.906899680511E-03   -0.607245948299E-04   -0.136355932826E-02    0.346257701066E-03    0.520612068143E-03   -0.212960173098E-03    0.209464535213E-03    0.470348664702E-02   -0.128827759035E-03    0.813089931999E-04    0.491869218123E-04    0.110448305589E-02    0.444380843450E-03   -0.280468737863E-03    0.104350484818E-03   -0.658602844919E-04    0.227179677669E-03
    0.369949593643E+00   -0.431619879665E+00   -0.386811996605E+00   -0.380197730490E-01   -0.157176463413E-01   -0.192815164037E-01    0.106401156329E-01   -0.336599958540E-01   -0.968220967290E-01    0.127312935365E-01    0.130526899294E-01   -0.412921723845E-01    0.770164670725E-02    0.227862518543E-01    0.156180282870E-01   -0.861849366267E-02    0.272645966417E-01    0.944794303779E-02    0.279528804355E-01    0.164933979685E-01   -0.103123477645E-01   -0.623833383287E-02   -0.184568640020E-01    0.202331644684E-01   -0.126506029124E-01   -0.133596523544E-01    0.835300168928E-02    0.102469883591E-01
   -0.617874044322E+00    0.864131482757E+00    0.790098798320E+00    0.396236059076E+00   -0.763686540054E-02    0.262499805232E-01   -0.507777905081E-01    0.168812147612E-02   -0.124267441855E-01    0.618586097443E-02    0.174537057018E+00   -0.580253200034E-02    0.374206404626E-02    0.112243799217E-01   -0.212624842238E-01    0.411300103116E-01   -0.136737839566E-02   -0.128624904564E-01   -0.385812422868E-01   -0.827179523298E-03   -0.501054738929E-02   -0.303107187747E-02   -0.909174773659E-02    0.284324068017E-02    0.172226122213E-01    0.670015413872E-03    0.405854338533E-02   -0.139503158992E-01
   -0.903856639101E+00    0.620331759497E+00   -0.999840478620E-01    0.580402625210E+00    0.872278051583E-02   -0.139211921959E-01   -0.927071181225E-01    0.950681903289E-02    0.106041661041E-01   -0.706545221782E-02    0.147956675852E+00   -0.151724848158E-01   -0.427416245276E-02   -0.101040005931E+00    0.112761656787E-01    0.750927656793E-01   -0.770052341664E-02    0.682138417598E-02    0.161255615624E+00   -0.465834132611E-02    0.572301629643E-02    0.346207158673E-02    0.818424048039E-01    0.743451755976E-02   -0.913369419972E-02    0.377325647415E-02   -0.463564320011E-02    0.739829230177E-02
    0.492875466154E+00    0.196671818139E+00   -0.952869391077E+00   -0.594091069236E+00   -0.693406695793E-02   -0.678560934937E-02    0.128047880285E-01    0.511053652948E-01    0.173667749925E-01    0.561659423592E-02    0.125306389296E-01    0.500112050621E-01    0.339769280938E-02   -0.943736732991E-01    0.549634357299E-02   -0.103718783031E-01   -0.413953458888E-01    0.332494858119E-02   -0.923531433657E-01   -0.250416289945E-01   -0.454944133110E-02   -0.275213117560E-02    0.764426753723E-01   -0.245054904804E-01   -0.445203829412E-02    0.202837194855E-01    0.368504747819E-02    0.360615101824E-02
   -0.556564431538E+00    0.622394331959E+00   -0.971004407099E+00    0.573184932962E+00   -0.809205648719E-03    0.357606375919E-02    0.879396164457E-02    0.524509330092E-02   -0.993921654785E-03    0.655456575463E-03   -0.388625160818E-01   -0.231792599282E-01    0.396510767873E-03   -0.570005280901E-01   -0.289661164494E-02   -0.712310893210E-02   -0.424852557375E-02   -0.175227124200E-02    0.251898294433E+00   -0.257009571745E-02   -0.530919826125E-03   -0.321173721977E-03    0.461704277530E-01    0.113578373648E-01    0.234625543241E-02    0.208177753114E-02    0.430045059161E-03   -0.190046690025E-02
    0.698300599096E+00    0.840912201906E+00    0.822214747334E+00   -0.702971282898E+00   -0.171588743423E-01   -0.115539050363E-01   -0.135152709452E+00    0.449193094342E-02    0.333927654153E-01    0.138986882172E-01   -0.910048957327E-01    0.302463567917E-02    0.840784842771E-02    0.353809128481E-01    0.935866307940E-02    0.109473694656E+00   -0.363846406417E-02    0.566141346778E-02    0.238236902370E-01   -0.220104616228E-02   -0.112579374560E-01   -0.681035722644E-02   -0.286585394070E-01   -0.148207148279E-02   -0.758051709431E-02    0.178284739145E-02    0.911892933933E-02    0.614021884639E-02
   -0.246502344462E+00    0.490286623898E+00    0.524439614450E+00    0.593069949074E-01   -0.156923211038E-02   -0.180354542473E-01    0.694802187727E-02   -0.162586258173E-03   -0.601769071131E-02    0.127107800941E-02    0.798548091437E-01   -0.186863179839E-02    0.768923734089E-03    0.719876219236E-03    0.146087179403E-01   -0.562789772059E-02    0.131694869120E-03    0.883737258119E-02    0.827366106636E-02    0.796672665047E-04   -0.102957318762E-02   -0.622828224612E-03   -0.583099737582E-03    0.915629581211E-03   -0.118330615317E-01   -0.645304858688E-04    0.833954281975E-03    0.958477984065E-02
    0.716831333445E+00   -0.476890275031E-02    0.301879340262E+00    0.349659283662E+00   -0.100077974415E+00   -0.650730372015E-01    0.127222783574E+00   -0.387840473618E-01   -0.177465429022E+00    0.810631592762E-01    0.827232263319E-01   -0.252182937509E-01    0.490382074634E-01    0.493037003643E-01    0.527091601332E-01   -0.103050454695E+00    0.314150783630E-01    0.318857882287E-01    0.320584179159E-01    0.190041832073E-01   -0.656611590137E-01   -0.397209480453E-01   -0.399359972951E-01    0.123569639380E-01   -0.426944197079E-01   -0.153933883979E-01    0.531855388011E-01    0.345824799634E-01
    0.142726533515E+00   -0.227104708312E+00    0.834390834232E+00   -0.826768319535E+00    0.760429422117E-01    0.149837972623E+00   -0.687317412738E-01   -0.210945353278E-01   -0.117327414432E+00   -0.615947831915E-01   -0.135431697773E+00   -0.415654933256E-01   -0.372610416837E-01    0.190663867320E-01   -0.121368757825E+00    0.556727104318E-01    0.170865736155E-01   -0.734206065855E-01    0.375691504047E-01    0.103363223106E-01    0.498917743851E-01    0.301814437638E-01   -0.154437732529E-01    0.203670917295E-01    0.983086938383E-01   -0.837242107162E-02   -0.404123372519E-01   -0.796300420090E-01
    0.807428534930E+00    0.399423121129E+00    0.962084964055E+00    0.811245784745E+00   -0.838817904040E-01   -0.456759844272E-01    0.262079737406E+00    0.376583410124E-01   -0.757567175851E-01    0.679442502272E-01    0.142709757944E+00    0.205060215018E-01    0.411020772980E-01   -0.117659483377E+00    0.369975473860E-01   -0.212284587299E+00   -0.305032562201E-01    0.223812323693E-01   -0.640688843735E-01   -0.184525870961E-01   -0.550348426841E-01   -0.332926826113E-01    0.953041815355E-01   -0.100479505359E-01   -0.299680133827E-01    0.149465955478E-01    0.445782225741E-01    0.242740908400E-01
   -0.666064750598E+00    0.966701277430E+00   -0.360775259603E+00   -0.412399109377E-01   -0.198265378889E-02    0.577953067138E-02   -0.777280962041E-02   -0.396245438873E-02   -0.124621225006E-01    0.160594956900E-02    0.226581119991E-01    0.115507441602E-01    0.971500356556E-03   -0.155344335787E-01   -0.468141984382E-02    0.629597579253E-02    0.320958805487E-02   -0.283197002898E-02    0.452836172579E-01    0.194160265048E-02   -0.130081915089E-02   -0.786915288810E-03    0.125828911988E-01   -0.565986463847E-02    0.379195007350E-02   -0.157269814689E-02    0.105366351222E-02   -0.307147955953E-02
    0.638540319573E+00    0.396888927691E-01   -0.961742737763E-01   -0.646653716845E-02   -0.240544290838E-01   -0.180911998208E-01    0.329668158606E-01   -0.259977017049E-01   -0.123902613697E+00    0.194840875579E-01    0.247941554178E-01   -0.195527241485E-01    0.117866702511E-01    0.356300888256E-01    0.146538718549E-01   -0.267031208471E-01    0.210581383810E-01    0.886468791221E-02    0.267971879246E-01    0.127388738354E-01   -0.157821109219E-01   -0.954720290337E-02   -0.288603719487E-01    0.958083483278E-02   -0.118696362025E-01   -0.103184878067E-01    0.127835098467E-01    0.961440532399E-02
    0.482203468000E+00   -0.921685629434E+00   -0.557607375190E+00   -0.264768225180E+00    0.558469184032E-02    0.557159030246E-02   -0.177218021415E-02    0.208420496106E-01   -0.861956524037E-01   -0.452360039066E-02   -0.176802272671E-02    0.207931547191E-01   -0.273649900176E-02   -0.661377010557E-02   -0.451298814499E-02    0.143546597346E-02   -0.168820601846E-01   -0.273007924821E-02   -0.659825437760E-02   -0.102126043092E-01    0.366411631643E-02    0.221656419142E-02    0.535715378551E-02   -0.101886458123E-01    0.365552039744E-02    0.827220949046E-02   -0.296793421631E-02   -0.296097152193E-02
    0.575223606324E-01    0.201580794614E-01    0.328243086782E+00    0.971060393358E+00   -0.846929569638E-01   -0.207673653052E+00    0.112256918489E+00   -0.298145897707E-01   -0.638612526425E-01    0.686012951406E-01    0.275262609535E+00   -0.731076702705E-01    0.414995489122E-01    0.395179728477E-01    0.168215658972E+00   -0.909281039764E-01    0.241498177143E-01    0.101760089996E+00    0.969011128756E-01    0.146091489877E-01   -0.555670490639E-01   -0.336146346189E-01   -0.320095580067E-01    0.358227584326E-01   -0.136254683768E+00   -0.118334106800E-01    0.450093097418E-01    0.110366293852E+00
    0.475965259345E+00   -0.872214522476E+00   -0.813771733116E+00    0.114096433430E+00   -0.452493884311E-03   -0.456560264738E-03    0.157028398290E-03   -0.102603538936E+00   -0.142875747924E-02    0.366520046292E-03    0.158439549307E-03   -0.103525595647E+00    0.221722003313E-03    0.356063804101E-01    0.369813814438E-03   -0.127193002615E-03    0.831088665384E-01    0.223714529722E-03    0.359263606206E-01    0.502757340788E-01   -0.296881237497E-03   -0.179594822683E-03   -0.288411681322E-01    0.507275418669E-01   -0.299549189694E-03   -0.407233446038E-01    0.240473802372E-03    0.242634843653E-03
    0.529687813114E+00   -0.630616188024E+00    0.270777009031E+00    0.161466048943E+00   -0.948530378129E-01   -0.868625811360E-01    0.483465763361E-01   -0.408224997166E-01   -0.259548604142E+00    0.768309606284E-01    0.442738420031E-01   -0.373835965148E-01    0.464779885283E-01    0.208072207732E-01    0.703586907201E-01   -0.391607268322E-01    0.330662247704E-01    0.425626647566E-01    0.190544124289E-01    0.200030248611E-01   -0.622330781090E-01   -0.376471707079E-01   -0.168538488263E-01    0.183179622923E-01   -0.569905394833E-01   -0.162024501375E-01    0.504087932683E-01    0.461623369815E-01
   -0.778908940538E+00    0.185131862337E+00    0.327596223825E-01    0.657189069847E+00    0.472871383891E-01   -0.100375119465E+00   -0.852388530137E-01    0.383061263891E-01    0.517454161186E-01   -0.383025820952E-01    0.180934189418E+00   -0.813113701430E-01   -0.231706978107E-01   -0.690498598147E-01    0.813038467669E-01    0.690434709411E-01   -0.310279623752E-01    0.491838085380E-01    0.146570254916E+00   -0.187700019307E-01    0.310250914971E-01    0.187682652266E-01    0.559303864499E-01    0.398425713701E-01   -0.658561158812E-01    0.152037015639E-01   -0.251303241127E-01    0.533434538637E-01
    0.605936111886E+00    0.195208604529E-01    0.722448683806E+00   -0.741490338738E+00    0.928101625676E-01    0.740706019257E-01   -0.122883163118E+00   -0.127139356511E-01   -0.167189039497E+00   -0.751762316798E-01   -0.980714784550E-01   -0.101468291884E-01   -0.454769796581E-01    0.168335943528E-01   -0.599971875598E-01    0.995353621252E-01    0.102982878774E-01   -0.362945949436E-01    0.134346760289E-01    0.622982846903E-02    0.608927476606E-01    0.368363535231E-01   -0.136352114257E-01    0.497194630231E-02    0.485977219235E-01   -0.504616105991E-02   -0.493231256051E-01   -0.393641547580E-01
    0.566566213138E+00    0.105192012106E+00   -0.246747421151E+00    0.182872655221E+00   -0.335087910597E-01   -0.287145741552E-01    0.516394352286E-01   -0.507053287353E-01   -0.864476611017E-01    0.271421207583E-01    0.442512052901E-01   -0.434507445954E-01    0.164193076192E-01    0.781405254015E-01    0.232588050657E-01   -0.418279425351E-01    0.410713162756E-01    0.140701413361E-01    0.669606942004E-01    0.248456110803E-01   -0.219851178142E-01   -0.132996391716E-01   -0.632938255752E-01    0.212908648518E-01   -0.188396321032E-01   -0.201249449750E-01    0.178079454295E-01    0.152601020036E-01
   -0.536906229500E+00    0.646896869208E+00    0.805843159887E+00    0.187329689346E+00    0.161514574320E-02   -0.784501678890E-02   -0.239497731073E-01   -0.389153549156E-03    0.411768714228E-02   -0.130826805199E-02    0.116327813083E+00    0.189017996639E-02   -0.791421414169E-03    0.577046328199E-02    0.635446359901E-02    0.193993162169E-01    0.315214374817E-03    0.384405822656E-02   -0.280280473248E-01    0.190685239087E-03    0.105969712211E-02    0.641051345477E-03   -0.467407525841E-02   -0.926188183529E-03   -0.514711551520E-02   -0.154455043660E-03   -0.858354668913E-03    0.416916356731E-02
   -0.729506348137E-01    0.501076676588E-01    0.616756224277E+00    0.217510485450E+00   -0.215754828312E-01   -0.813382514180E-01    0.301094881740E-01    0.181217553329E-03   -0.509236495185E-01    0.174761410933E-01    0.113510929898E+00    0.683179098673E-03    0.105719865873E-01   -0.252896670799E-03    0.658839836486E-01   -0.243886854210E-01   -0.146786218197E-03    0.398557431948E-01   -0.953404989969E-03   -0.887966011314E-04   -0.141556742856E-01   -0.856330913571E-02    0.204846303348E-03   -0.334757758350E-03   -0.533660267554E-01    0.719252469165E-04    0.114660961713E-01    0.432264816718E-01
   -0.417151695242E+00   -0.672800069316E+00    0.368445253350E+00   -0.825344246266E+00   -0.184649302527E-01    0.219878921512E+00    0.883967062297E-02   -0.552321391421E-02    0.285590494534E-01    0.149565935047E-01   -0.105262095037E+00    0.657699922024E-01    0.904781582381E-02    0.264411460610E-02   -0.178101926425E+00   -0.716013320460E-02    0.447380327051E-02   -0.107740671541E+00   -0.314859065260E-01    0.270637481796E-02   -0.121148407388E-01   -0.732873081729E-02   -0.214173283094E-02   -0.322272961792E-01    0.144262560404E+00   -0.219216360255E-02    0.981302099841E-02   -0.116852673927E+00
    0.748981181696E+00    0.357568902668E+00   -0.687220661854E+00    0.611189460151E+00   -0.115785375066E-01   -0.707900540799E-02    0.317811959132E-01   -0.877995603803E-01   -0.134821108353E-01    0.937861538036E-02    0.194307145970E-01   -0.536797987134E-01    0.567348337824E-02    0.240995464923E+00    0.573399438047E-02   -0.257427686897E-01    0.711176439081E-01    0.346871264991E-02    0.147342287272E+00    0.430217845864E-01   -0.759667845809E-02   -0.459552153638E-02   -0.195206326588E+00    0.263031013696E-01   -0.464453544818E-02   -0.348476455149E-01    0.615330955106E-02    0.376207371303E-02
   -0.477019853419E+00    0.658762830169E+00   -0.611277840666E+00    0.232961413532E+00    0.242848571908E-03   -0.168069581089E-02   -0.437164394000E-02    0.115338961771E-02    0.552111687001E-03   -0.196707343246E-03    0.302550828236E-01   -0.798232859093E-02   -0.118995800235E-03   -0.207627687208E-01    0.136136360682E-02    0.354103159140E-02   -0.934245590343E-03    0.823540947338E-03    0.143694064731E+00   -0.565160912677E-03    0.159332948029E-03    0.963865981904E-04    0.168178426638E-01    0.391134100955E-02   -0.110270452153E-02    0.457780339268E-03   -0.129059687904E-03    0.893190662437E-03
   -0.879982329450E+00    0.218833589277E+00   -0.102978837882E+00   -0.755851045816E+00   -0.311909370784E-01    0.523787613261E-01    0.604099270529E-01   -0.342192215974E-01    0.546615527285E-01    0.252646590335E-01   -0.101446043217E+00    0.574641421100E-01    0.152835591684E-01    0.662750425007E-01   -0.424267966741E-01   -0.489320409128E-01    0.277175694939E-01   -0.256655930498E-01   -0.111295297871E+00    0.167674185827E-01   -0.204643738171E-01   -0.123796829264E-01   -0.536827844256E-01   -0.281574296339E-01    0.343657053061E-01   -0.135816090520E-01    0.165761427919E-01   -0.278362212979E-01
   -0.974920457849E+00   -0.946913430190E+00    0.735175040599E+00    0.181285014232E+00    0.940469615660E-01   -0.129919217834E+00   -0.284532532305E-01   -0.143567072521E-01    0.243662411423E+00   -0.761780388684E-01    0.393061545315E-01    0.198327744544E-01   -0.460830111673E-01    0.434352179164E-02    0.105234566445E+00    0.230471351167E-01    0.116289328742E-01    0.636604167386E-01   -0.600026778557E-02    0.703478655353E-02    0.617042114834E-01    0.373272390455E-01   -0.351825265123E-02   -0.971805948268E-02   -0.852399988208E-01   -0.569817710836E-02   -0.499804113016E-01    0.690443990449E-01
   -0.131470104768E+00    0.220827558110E+00    0.422293505733E+00    0.152153739969E+00   -0.104890393050E-01   -0.513881725329E-01    0.204039886722E-01   -0.241431108760E-02   -0.294769470459E-01    0.849612183707E-02    0.999637488004E-01   -0.118282552968E-01    0.513962925946E-02    0.469648121720E-02    0.416244197516E-01   -0.165272308245E-01    0.195559198096E-02    0.251802045411E-01    0.230091221959E-01    0.118301243292E-02   -0.688185868802E-02   -0.416309970016E-02   -0.380414978593E-02    0.579584509541E-02   -0.337157799988E-01   -0.958240070668E-03    0.557430553730E-02    0.273097817990E-01
    0.782974479218E+00    0.879793018454E+00    0.837478950571E+00    0.559826338389E+00    0.350512097851E-01    0.200477619464E-01    0.210832057113E+00   -0.986273100519E-02    0.438894975614E-01   -0.283914799259E-01    0.120586733456E+00   -0.564105160836E-02   -0.171750927947E-01   -0.593240541291E-01   -0.162386871766E-01   -0.170773966262E+00    0.798881211420E-02   -0.982340335373E-02   -0.339307693562E-01    0.483273819254E-02    0.229970987400E-01    0.139118251637E-01    0.480524838446E-01    0.276411528810E-02    0.131533366130E-01   -0.391451793596E-02   -0.186276499794E-01   -0.106542026565E-01
    0.497465340441E+00    0.182383381945E+00    0.524036098363E+00   -0.612672366271E+00    0.504533821467E-01    0.489656685213E-01   -0.904302880554E-01    0.525226813052E-02   -0.120520137710E+00   -0.408672395388E-01   -0.877637795684E-01    0.509739504709E-02   -0.247221572519E-01   -0.941392033156E-02   -0.396621915022E-01    0.732485333249E-01   -0.425433718572E-02   -0.239931775754E-01   -0.913633304305E-02   -0.257361138395E-02    0.331024640265E-01    0.200249473740E-01    0.762527546856E-02   -0.249772357307E-02    0.321263751168E-01    0.208462522100E-02   -0.268129958614E-01   -0.260223638446E-01
   -0.829988229157E+00   -0.491664181894E+00    0.331756865693E+00    0.152411833956E+00    0.540047103881E-01   -0.101396698924E+00   -0.336021904954E-01    0.187585447144E-01    0.151653896633E+00   -0.437438154144E-01    0.630898891662E-01   -0.352201594451E-01   -0.264623080902E-01   -0.116717261954E-01    0.821313261283E-01    0.272177743013E-01   -0.151944212187E-01    0.496843824727E-01    0.219142830032E-01   -0.919168691006E-02    0.354324904856E-01    0.214344695530E-01    0.945409821823E-02    0.172578781281E-01   -0.665263741639E-01    0.744526639714E-02   -0.287003172934E-01    0.538863630728E-01
    0.495442141087E+00   -0.803833410836E+00   -0.691637990581E+00    0.370952798321E+00   -0.231666918413E-01   -0.225658524669E-01    0.903080936343E-02   -0.181888533052E+00   -0.394672011452E-01    0.187650203915E-01    0.879659094824E-02   -0.177171165844E+00    0.113516790022E-01    0.709035488811E-01    0.182783404982E-01   -0.731495558438E-02    0.147329711772E+00    0.110572677088E-01    0.690646309966E-01    0.891253811955E-01   -0.151996665171E-01   -0.919485999182E-02   -0.574318745937E-01    0.868138712636E-01   -0.148054558036E-01   -0.721915587683E-01    0.123117298788E-01    0.119924192009E-01
   -0.147272383891E+00    0.831853024192E+00    0.871397207810E-01    0.923159925012E+00    0.612318514427E-02    0.326013825544E-01    0.519647440185E-01    0.436436416171E-02    0.486621533894E-02   -0.495977996686E-02    0.276673407577E+00    0.232369759023E-01   -0.300036072069E-02    0.370384140154E-01   -0.264071198691E-01   -0.420914426550E-01   -0.353513497098E-02   -0.159746774517E-01    0.197201860809E+00   -0.213853843924E-02    0.401742177316E-02    0.243029218376E-02   -0.300011153525E-01   -0.113861181921E-01    0.213897670940E-01    0.173221613578E-02   -0.325411163626E-02   -0.173257113461E-01
    0.963632336407E+00    0.316769215945E+00   -0.874050815715E+00    0.817277284756E+00    0.755580413324E-02    0.290340431198E-02   -0.185143912464E-01   -0.135071144069E+00    0.677562150429E-02   -0.612020134792E-02   -0.711436697280E-02   -0.519026347425E-01   -0.370234402529E-02    0.330972053178E+00   -0.235175749271E-02    0.149966569096E-01    0.109407626696E+00   -0.142266811287E-02    0.127179803684E+00    0.661848605937E-01    0.495736309182E-02    0.299889866048E-02   -0.268087363074E+00    0.254322910238E-01    0.190492356909E-02   -0.536097370809E-01   -0.401546410437E-02   -0.154298809096E-02
    0.606846319992E+00   -0.710257588164E+00   -0.838238842458E+00   -0.624508195517E+00   -0.292278301565E-02   -0.232878911788E-02    0.132185034359E-02    0.145700016362E+00    0.678139653305E-02    0.236745424268E-02    0.105321218822E-02    0.116089566267E+00    0.143216367767E-02   -0.658939153737E-01    0.188631918548E-02   -0.107069877831E-02   -0.118017013253E+00    0.114110666776E-02   -0.525023692265E-01   -0.713930080175E-01   -0.191763793657E-02   -0.116005257891E-02    0.533740714527E-01   -0.568838874708E-01   -0.152791854024E-02    0.578283364942E-01    0.155328672862E-02    0.123761401760E-02
    0.595280818527E-01    0.103107414329E+00   -0.585986901148E-01    0.474137284787E+00   -0.352369788302E-01   -0.859239484307E-01    0.540929284132E-01   -0.350561535690E-01   -0.502750327176E-01    0.285419528525E-01    0.131903419241E+00   -0.854830133410E-01    0.172661196268E-01    0.538153402590E-01    0.695983982289E-01   -0.438152720147E-01    0.283954843909E-01    0.421027347311E-01    0.131226531749E+00    0.171775152488E-01   -0.231189818105E-01   -0.139855568977E-01   -0.435904256098E-01    0.418866765371E-01   -0.563747025654E-01   -0.139137873515E-01    0.187263752665E-01    0.456635090780E-01
    0.856957390553E+00    0.467489128689E-01    0.922536867548E+00   -0.203988424295E+00    0.742339745311E-03    0.364584279651E-03   -0.102991688736E-02   -0.292527152346E-03   -0.186123317474E+00   -0.601295193702E-03   -0.505821638746E-03   -0.143668450719E-03   -0.363746475202E-03    0.405850092381E-03   -0.295313266517E-03    0.834232678763E-03    0.236946993400E-03   -0.178646297029E-03    0.199324587578E-03    0.143338304649E-03    0.487049106898E-03    0.294634644914E-03   -0.328738574829E-03    0.703975408525E-04    0.239203745879E-03   -0.116104026766E-03   -0.394509776588E-03   -0.193755034162E-03
   -0.235553219360E+00    0.512189089302E+00   -0.306721117791E+00   -0.975076799540E+00    0.249790638513E-02    0.254801790991E-01   -0.122773970110E-01    0.435736464791E-02   -0.305980769031E-02   -0.202330417196E-02   -0.125236989093E+00    0.444477952775E-01   -0.122397412871E-02   -0.214167736719E-01   -0.206389450703E-01    0.994469157889E-02   -0.352946536480E-02   -0.124852877585E-01   -0.218464243549E+00   -0.213510867747E-02    0.163887637928E-02    0.991419044258E-03    0.173475866742E-01   -0.217794196860E-01    0.167175455069E-01    0.172943802875E-02   -0.132748986722E-02   -0.135412118606E-01
   -0.650703283978E+00   -0.211471981228E+00    0.830913556037E+00    0.376495842426E+00    0.469257059564E-01   -0.143814961752E+00   -0.433865321594E-01   -0.128075330624E-01    0.791312091507E-01   -0.380098218247E-01    0.132968323776E+00    0.392517244006E-01   -0.229935959186E-01    0.118415788057E-01    0.116490119019E+00    0.351430910491E-01    0.103741017805E-01    0.704693312583E-01   -0.362913283521E-01    0.627569120058E-02    0.307879556780E-01    0.186248126941E-01   -0.959167883260E-02   -0.192333449563E-01   -0.943569964053E-01   -0.508330987247E-02   -0.249382440992E-01    0.764291670883E-01
   -0.174837939311E+00    0.438687963023E+00   -0.976513364735E+00   -0.109359161887E+00    0.213978109852E-03    0.134088948015E-02   -0.766758512617E-03   -0.133776350605E-02    0.235910870653E-02   -0.173322268980E-03   -0.480487664880E-02   -0.838306784478E-02   -0.104849273827E-03    0.479367518874E-02   -0.108612047892E-02    0.621074395220E-03    0.108358843990E-02   -0.657035845272E-03    0.300394682254E-01    0.655504117964E-03    0.140391037874E-03    0.849279118002E-04   -0.388287690288E-02    0.410770324394E-02    0.879757587925E-03   -0.530958335551E-03   -0.113716740678E-03   -0.712603646219E-03
    0.293200584374E+00   -0.630594846541E+00    0.290779953785E+00   -0.231476624359E+00    0.638520541755E-02    0.908755607628E-02   -0.325464022978E-02    0.257133179459E-02   -0.202838720655E+00   -0.517201638822E-02   -0.463207111786E-02    0.365957245633E-02   -0.312875065460E-02   -0.131064850002E-02   -0.736092042178E-02    0.263625858612E-02   -0.208277875362E-02   -0.445290247738E-02   -0.186534198374E-02   -0.125995257935E-02    0.418933327446E-02    0.253428803023E-02    0.106162528501E-02   -0.179319050360E-02    0.596234554164E-02    0.102056158927E-02   -0.339335995231E-02   -0.482949988873E-02
   -0.934435921736E+00    0.327956830550E+00   -0.441254761037E+00   -0.924878171988E+00   -0.196500797613E-01    0.294368852604E-01    0.496175897809E-01   -0.491101594016E-01    0.259105938394E-01    0.159165646067E-01   -0.743298406428E-01    0.735696824127E-01    0.962853908304E-02    0.124005997577E+00   -0.238438770609E-01   -0.401902477225E-01    0.397792291153E-01   -0.144240737776E-01   -0.185767710188E+00    0.240639781068E-01   -0.128924173314E-01   -0.779911665726E-02   -0.100444858037E+00   -0.360491443822E-01    0.193135404193E-01   -0.194918222665E-01    0.104428580384E-01   -0.156439677397E-01
   -0.640066350710E+00   -0.975608154874E+00   -0.398460396956E+00    0.923359420349E-01    0.163707668437E-01   -0.520086564840E-01   -0.468199903313E-02    0.361923183138E-01    0.556004601209E-01   -0.132603211434E-01    0.148743477748E-01   -0.114980188070E+00   -0.802167575339E-02   -0.103509139779E-01    0.421270117521E-01    0.379241921683E-02   -0.293157778341E-01    0.254842416772E-01    0.328840508521E-01   -0.177342359737E-01    0.107408601261E-01    0.649755736025E-02    0.838424032213E-02    0.563402921545E-01   -0.341228795192E-01    0.143647311387E-01   -0.870009670216E-02    0.276395324105E-01
    0.160423057957E+00    0.386280753703E+00    0.609519078561E+00   -0.329163106739E+00    0.631435083150E-02    0.119353055339E-01   -0.189112976142E-01    0.225974469637E-05   -0.488186601088E-01   -0.511462417352E-02   -0.357458939313E-01    0.427134064918E-05   -0.309403190744E-02   -0.676786982949E-05   -0.966759748245E-02    0.153181510675E-01   -0.183039320406E-05   -0.584829971161E-02   -0.127925413687E-04   -0.110727490122E-05    0.414284558055E-02    0.250616584502E-02    0.548197456188E-05   -0.209295691810E-05    0.783075396078E-02    0.896892669991E-06   -0.335570492025E-02   -0.634291070823E-02
   -0.510385561798E+00   -0.136903660547E+00    0.254306041291E+00   -0.192082921085E+00    0.325884738143E-03   -0.182500852961E-02   -0.336441211677E-03    0.147796421513E-03    0.411620295108E-01   -0.263966637896E-03    0.188412653050E-02   -0.827684448935E-03   -0.159683521690E-03   -0.152584031454E-03    0.147825690898E-02    0.272517381458E-03   -0.119715101425E-03    0.894254179509E-03    0.854495857868E-03   -0.724202465413E-04    0.213812976696E-03    0.129343652569E-03    0.123593065478E-03    0.405565379978E-03   -0.119738809628E-02    0.586603996984E-04   -0.173188511124E-03    0.969884357984E-03
    0.188712710308E+00    0.800855831998E+00    0.211289531825E-01   -0.183471053840E-01    0.198350349411E-02    0.351569738960E-02    0.228840502829E-01    0.165025112656E-02    0.108891533471E-01   -0.160663783023E-02    0.405612574327E-01    0.292501807790E-02   -0.971916712113E-03    0.190392554749E-01   -0.284771488558E-02   -0.185360807292E-01   -0.133670341252E-02   -0.172269172090E-02    0.337464798887E-01   -0.808623052016E-03    0.130137664248E-02    0.787252536812E-03   -0.154217969347E-01   -0.143325885817E-02    0.230664905732E-02    0.654984672133E-03   -0.105411508041E-02   -0.186838573643E-02
   -0.572320661836E+00   -0.954748543594E+00   -0.622194945816E+00    0.302390032467E+00    0.104419320821E-01   -0.430165394792E-01   -0.311166854606E-02    0.524507490238E-01    0.203455025492E-01   -0.845796498651E-02    0.128188166525E-01   -0.216075885033E+00   -0.511654672024E-02   -0.156301865087E-01    0.348433969782E-01    0.252045152231E-02   -0.424851067092E-01    0.210781043448E-01    0.643900505895E-01   -0.257008670216E-01    0.685095163907E-02    0.414440284339E-02    0.126604510720E-01    0.105877183666E+00   -0.282231515523E-01    0.208177022875E-01   -0.554927082765E-02    0.228607527574E-01
   -0.886828931193E+00   -0.176242071786E+00   -0.388530679863E+00   -0.963795527031E+00   -0.473201748376E-01    0.783017855539E-01    0.460691963294E-01   -0.101811267762E+00    0.589123733813E-01    0.383293416184E-01   -0.762317625412E-01    0.168469454787E+00    0.231868856704E-01    0.991197369660E-01   -0.634244462987E-01   -0.373160490268E-01    0.824671268875E-01   -0.383678749214E-01   -0.164015716652E+00    0.498875212035E-01   -0.310467667109E-01   -0.187813773930E-01   -0.802869869424E-01   -0.825500328455E-01    0.513738015019E-01   -0.404088921749E-01    0.251478810359E-01   -0.416127792166E-01
    0.183155023616E+00   -0.821431777575E+00    0.964220232380E+00   -0.430216428463E+00    0.418892890128E-01    0.751765768296E-01   -0.158591873463E-01   -0.189323796097E-01   -0.181151779727E+00   -0.339303241004E-01   -0.284616770562E-01   -0.339769789327E-01   -0.205257516163E-01    0.716775486566E-02   -0.608930272320E-01    0.128459417505E-01    0.153352274838E-01   -0.368365226465E-01    0.128636051614E-01    0.927686600873E-02    0.274835625213E-01    0.166258588092E-01   -0.580588144119E-02    0.166487196770E-01    0.493233520579E-01   -0.751426146707E-02   -0.222616856423E-01   -0.399519151669E-01
    0.735971759551E+00   -0.842284080581E+00    0.391003009781E+00    0.744855365335E+00   -0.321448040864E+00   -0.201520601712E+00    0.117487225888E+00   -0.867898395877E-01   -0.314513785525E+00    0.260372913100E+00    0.736545053777E-01   -0.544098531420E-01    0.157509540024E+00    0.317211374536E-01    0.163231687387E+00   -0.951646529694E-01    0.702997700660E-01    0.987450948390E-01    0.198864571999E-01    0.425270213980E-01   -0.210902059611E+00   -0.127582727419E+00   -0.256941213374E-01    0.266608280396E-01   -0.132217666783E+00   -0.344468873323E-01    0.170830668285E+00    0.107096310095E+00
    0.529854141747E+00   -0.584586484522E+00    0.496212127917E+00    0.556025758005E+00   -0.202558507546E+00   -0.185439364832E+00    0.110405387695E+00   -0.279893912134E-01   -0.255040535612E+00    0.164072391112E+00    0.101074525164E+00   -0.256238801891E-01    0.992536686975E-01    0.152557383331E-01    0.150205885514E+00   -0.894283640330E-01    0.226714068829E-01    0.908652887676E-01    0.139664063525E-01    0.137148016946E-01   -0.132898636801E+00   -0.803954716450E-01   -0.123571480498E-01    0.125557012927E-01   -0.121666767266E+00   -0.111089893726E-01    0.107647895809E+00    0.985500814856E-01
    0.720208079280E+00    0.342242258180E+00   -0.834653284082E+00    0.874655765788E+00    0.193980021455E-02    0.125324604857E-02   -0.509549514619E-02   -0.117754421685E+00    0.162788678019E-02   -0.157123817379E-02   -0.329204477326E-02   -0.760775581793E-01   -0.950502105130E-03    0.309319011121E+00   -0.101512929935E-02    0.412735106841E-02    0.953810815648E-01   -0.614090563801E-03    0.199841625714E+00    0.576996666256E-01    0.127270292077E-02    0.769906705156E-03   -0.250548399008E+00    0.372780035078E-01    0.822254732470E-03   -0.467367299667E-01   -0.103088936582E-02   -0.666026333300E-03
   -0.641880773981E+00    0.855285069789E+00    0.953978442086E+00   -0.619503188088E+00    0.522635624587E-02   -0.165009312190E-01    0.369460851061E-01   -0.228675967147E-02   -0.122751980246E-01   -0.423334855915E-02   -0.116648154176E+00    0.721987983177E-02   -0.256091456047E-02   -0.161655297620E-01    0.133657542874E-01   -0.299263289359E-01    0.185227533389E-02    0.808545629729E-02    0.510386743979E-01    0.112051223902E-02    0.342901233291E-02    0.207434079398E-02    0.130940791072E-01   -0.353774111757E-02   -0.108262609728E-01   -0.907614913606E-03   -0.277749998966E-02    0.876927138793E-02
    0.877876027733E+00    0.909754274894E+00   -0.910914809527E+00   -0.415962224496E+00    0.132726285611E-02    0.622963895163E-03    0.674773239620E-02   -0.142630591876E-01   -0.612190512321E-02   -0.107508291345E-02    0.316711466587E-02   -0.669450732202E-02   -0.650358799494E-03   -0.725126195661E-01   -0.504600755082E-03   -0.546566324092E-02    0.115530779420E-01   -0.305252308630E-03   -0.340345122486E-01    0.698889900195E-02    0.870817159894E-03    0.526790627590E-03    0.587352218485E-01    0.328030858779E-02    0.408726611617E-03   -0.566100819158E-02   -0.705361899515E-03   -0.331068555410E-03
    0.138648346636E+00    0.414101949428E-01   -0.467794851428E+00    0.189757120044E+00   -0.136153054972E-01   -0.270908016055E-01    0.187155359361E-01   -0.369144289038E-01   -0.344894492457E-01    0.110283974527E-01    0.372388905331E-01   -0.734498003015E-01    0.667149969364E-02    0.507424031618E-01    0.219435493004E-01   -0.151595841082E-01    0.299006874121E-01    0.132744927867E-01    0.100963755630E+00    0.180880701629E-01   -0.893300193672E-02   -0.540391475185E-02   -0.411013465611E-01    0.359904021477E-01   -0.177742749334E-01   -0.146513368319E-01    0.723573156875E-02    0.143971626960E-01
    0.324180659629E+00    0.690904545938E+00   -0.832169664703E+00    0.821994921616E+00    0.686942098418E-04    0.919859199260E-04   -0.293775208070E-02   -0.491060497198E-02    0.612609314720E-04   -0.556423099718E-04   -0.393383704798E-02   -0.657561265762E-02   -0.336601628225E-04    0.210005181036E+00   -0.745085951401E-04    0.237957918537E-02    0.397759002730E-02   -0.450731007637E-04    0.281210305953E+00    0.240619643627E-02    0.450702710772E-04    0.272647318862E-04   -0.170104196639E+00    0.322205020223E-02    0.603519620635E-04   -0.194901911338E-02   -0.365069195725E-04   -0.488850892714E-04
   -0.589871732118E+00   -0.265785039487E+00   -0.244013265869E+00    0.343264671038E+00    0.229645793012E-01   -0.879207908157E-01   -0.196346493358E-01    0.345310415950E-01    0.412266348955E-01   -0.186013092340E-01    0.751720235912E-01   -0.132203444483E+00   -0.112526438576E-01   -0.295239413718E-01    0.712158405607E-01    0.159040659620E-01   -0.279701436919E-01    0.430811874997E-01    0.113033565273E+00   -0.169202103815E-01    0.150670604795E-01    0.911464152466E-02    0.239143925112E-01    0.647796877965E-01   -0.576848308542E-01    0.137053704090E-01   -0.122043189884E-01    0.467247129919E-01
    0.145835122459E+00   -0.199828285990E+00   -0.222940863421E+00    0.127039891949E+00   -0.247435873638E-01   -0.483969779726E-01    0.232690913015E-01   -0.354515457826E-01   -0.749836827764E-01    0.200423057647E-01    0.455129518045E-01   -0.693411046308E-01    0.121243578083E-01    0.333389513600E-01    0.392015521578E-01   -0.188479639542E-01    0.287157520839E-01    0.237145192066E-01    0.652089962088E-01    0.173712574335E-01   -0.162342676694E-01   -0.982072982470E-02   -0.270045506016E-01    0.339771412691E-01   -0.317532572478E-01   -0.140707185211E-01    0.131497568122E-01    0.257201383707E-01
    0.392837871439E+00   -0.518156871459E+00   -0.720673364128E+00    0.515172245534E+00   -0.173056892667E-01   -0.203376314111E-01    0.103720763574E-01   -0.176797732194E+00   -0.231576523382E-01    0.140176083060E-01    0.121892553757E-01   -0.207772545564E+00    0.847978774069E-02    0.105962816613E+00    0.164734814430E-01   -0.840138184947E-02    0.143206163077E+00    0.996543939145E-02    0.124527412595E+00    0.866308887749E-01   -0.113542627279E-01   -0.686862806996E-02   -0.858298814562E-01    0.101808547326E+00   -0.133435199688E-01   -0.701710199076E-01    0.919695280959E-02    0.108082511748E-01
   -0.585082251227E+00    0.240059111312E+00    0.639238843582E+00    0.185513058204E+00    0.140169962260E-01   -0.547224336293E-01   -0.284638161194E-01   -0.499222032810E-03    0.359078986407E-01   -0.113537669430E-01    0.111122901321E+00    0.194896567826E-02   -0.686832815073E-02    0.101375244136E-02    0.443251712398E-01    0.230556910567E-01    0.404369846576E-03    0.268139924784E-01   -0.395769534319E-02    0.244618796077E-03    0.919655122386E-02    0.556334580209E-02   -0.821139477504E-03   -0.954993182349E-03   -0.359033887042E-01   -0.198141224822E-03   -0.744920649133E-02    0.290817448504E-01
   -0.929400639221E+00    0.729023041995E+00   -0.294395311326E+00   -0.855192272183E+00    0.924276678749E-03   -0.139893880096E-02    0.627144831696E-01    0.156487983365E-02   -0.135986563137E-02   -0.748664109787E-03   -0.949214947272E-01   -0.236852359090E-02   -0.452895572587E-03    0.106181008616E+00    0.113314042878E-02   -0.507987313674E-01   -0.126755266525E-02    0.685480012472E-03   -0.160710246502E+00   -0.766791118487E-03    0.606417928927E-03    0.366845413796E-03   -0.860066169789E-01    0.116057655954E-02   -0.917843747312E-03    0.621100805975E-03   -0.491198522431E-03    0.743453435323E-03
    0.184862680855E+00   -0.811512611540E+00   -0.563960138208E-01   -0.176515311472E+00   -0.343884413115E-02   -0.614792085488E-02    0.132362356328E-02   -0.340457099211E-02   -0.146422468977E+00    0.278546374623E-02    0.236635700786E-02   -0.608664778224E-02    0.168503362426E-02    0.131043170791E-02    0.497981589245E-02   -0.107213508625E-02    0.275770250361E-02    0.301248121889E-02    0.234277278023E-02    0.166823978613E-02   -0.225622563445E-02   -0.136487723565E-02   -0.106144968340E-02    0.298245741330E-02   -0.403365087289E-02   -0.135127422677E-02    0.182754276390E-02    0.326725720704E-02
    0.507825785893E-01    0.220813340524E+00   -0.605662861303E+00    0.238343498524E+00   -0.577881125672E-02   -0.144402883029E-01    0.112409833502E-01   -0.266948296023E-01   -0.129715229565E-01    0.468083711795E-02    0.280893479945E-01   -0.667059397735E-01    0.283161751579E-02    0.519269659042E-01    0.116966335253E-01   -0.910519651363E-02    0.216228119778E-01    0.707574126842E-02    0.129756852238E+00    0.130804665051E-01   -0.379147806554E-02   -0.229361018779E-02   -0.420608423824E-01    0.326859104890E-01   -0.947427315553E-02   -0.105951778691E-01    0.307109723308E-02    0.767416125598E-02
   -0.247809444738E+00   -0.808414862930E+00   -0.741884291260E+00   -0.667105288342E+00    0.130569212749E-02    0.152368251358E-01   -0.505149847382E-03    0.170729650949E-01   -0.274427397547E-02   -0.105761062326E-02   -0.589486581862E-02    0.199233631133E+00   -0.639789142469E-03   -0.660523681693E-02   -0.123418283600E-01    0.409171376380E-03   -0.138291017269E-01   -0.746604431656E-02   -0.770800682962E-01   -0.836575289650E-02    0.856664604844E-03    0.518229205400E-03    0.535024182172E-02   -0.976244792554E-01    0.999688097163E-02    0.677625984617E-02   -0.693898329924E-03   -0.809747358702E-02
    0.273286327198E+00   -0.124326304648E+00    0.771780622825E+00   -0.735678089080E+00    0.749079521358E-01    0.110964308126E+00   -0.788196099636E-01   -0.148376800565E-01   -0.136477644473E+00   -0.606754412300E-01   -0.116758811808E+00   -0.219796811249E-01   -0.367048965465E-01    0.156124966906E-01   -0.898810895819E-01    0.638438840705E-01    0.120185208458E-01   -0.543725109817E-01    0.231274496765E-01    0.727046322771E-02    0.491471073963E-01    0.297309662027E-01   -0.126461223194E-01    0.107700437512E-01    0.728036825614E-01   -0.588907521444E-02   -0.398091569910E-01   -0.589709828747E-01
   -0.618771177570E+00   -0.379361075393E+00   -0.859226197746E+00   -0.188490314561E+00   -0.457287625437E-04    0.156665837439E-03    0.333065401929E-04    0.111337258343E-02   -0.397302410799E-02    0.370402976604E-04   -0.114107548975E-03   -0.381439248433E-02    0.224070936464E-04   -0.810924823611E-03   -0.126899328325E-03   -0.269782975563E-04   -0.901831792577E-03   -0.767662603451E-04    0.277821243183E-02   -0.545552565880E-03   -0.300026411049E-04   -0.181497458536E-04    0.656849107125E-03    0.186905231732E-02    0.102788455944E-03    0.441897578363E-03    0.243021392950E-04   -0.832586493144E-04
    0.527910287942E+00   -0.736073255009E+00    0.481740030004E+00   -0.192024487947E+00   -0.234746500247E-02   -0.215660400508E-02    0.102004987695E-02   -0.366213941060E-03   -0.294332519789E+00    0.190144665200E-02    0.937114567286E-03   -0.336438861144E-03    0.115025785121E-02    0.159131865702E-03    0.174684924412E-02   -0.826240400328E-03    0.296633292258E-03    0.105673596249E-02    0.146193625272E-03    0.179444831119E-03   -0.154017178812E-02   -0.931708859481E-03   -0.128896811219E-03    0.164855041960E-03   -0.141494788774E-02   -0.145350313207E-03    0.124753914838E-02    0.114610778907E-02
   -0.435519102089E+00   -0.646018747567E+00    0.946671922464E+00    0.550238146686E-01    0.886888143243E-02   -0.865469155052E-01   -0.441883675118E-02   -0.378999684476E-02    0.345879934092E-01   -0.718379396027E-02    0.431211865723E-01    0.369846568801E-01   -0.434575190189E-02    0.188833027841E-02    0.701030015592E-01    0.357925776845E-02    0.306989744425E-02    0.424079885976E-01   -0.184272574052E-01    0.185709845393E-02    0.581887310782E-02    0.352005904053E-02   -0.152954752551E-02   -0.181224818712E-01   -0.567834312630E-01   -0.150424974768E-02   -0.471328721733E-02    0.459945793230E-01
   -0.949706006004E+00    0.662466658952E+00    0.203491393416E+00   -0.367528598676E+00   -0.144117300554E-02    0.209324188072E-02    0.277994429633E-01   -0.759839186223E-03    0.858241993287E-02    0.116735013448E-02   -0.403774966975E-01    0.110363377686E-02    0.706174772712E-03    0.146568843834E-01   -0.169552592338E-02   -0.225175488003E-01    0.615469740840E-03   -0.102568852155E-02   -0.212884949374E-01    0.372321201249E-03   -0.945553608932E-03   -0.572001565897E-03   -0.118720763506E-01   -0.540780550664E-03    0.137337599794E-02   -0.301580173012E-03    0.765898423235E-03   -0.111243455833E-02
