# DNNF90 training history: one row per validation event
#  1:epoch  2:patience
#  3:cost_train    4:cost_val    5:cost_input   (per point;
#    the composite objective, Loss_term weights applied --
#    the same sum the optimizer descends)
#  6:cost_train_f  7:cost_train_df  8:cost_val_f  9:cost_val_df
# 10:cost_input_f 11:cost_input_df
# 12:rmse_train_f 13:rmse_train_df 14:rmse_val_f 15:rmse_val_df
# 16:rmse_input_f 17:rmse_input_df
# 18:mae_train_f  19:mae_train_df  20:mae_val_f  21:mae_val_df
# 22:mae_input_f  23:mae_input_df
# 24..: the same 21 metrics for each loss term in turn (2 terms: columns 24-44 are term 1, 45-65 term 2, ...)
1  0    0.19164E-01    0.15512E-01    0.19018E-01    0.16560E-01    0.26048E+00    0.12898E-01    0.26140E+00    0.16413E-01    0.26051E+00    0.18199E+00    0.72177E+00    0.16061E+00    0.72305E+00    0.18118E+00    0.72182E+00    0.12855E+00    0.64475E+00    0.12469E+00    0.64808E+00    0.12839E+00    0.64488E+00    0.82712E-01    0.66144E-01    0.82066E-01    0.82712E-01    0.00000E+00    0.66144E-01    0.00000E+00    0.82066E-01    0.00000E+00    0.40672E+00    0.00000E+00    0.36371E+00    0.00000E+00    0.40513E+00    0.00000E+00    0.64208E+00    0.00000E+00    0.63942E+00    0.00000E+00    0.64197E+00    0.00000E+00    0.32568E-02    0.32472E-02    0.32564E-02    0.00000E+00    0.32568E+00    0.00000E+00    0.32472E+00    0.00000E+00    0.32564E+00    0.00000E+00    0.80707E+00    0.00000E+00    0.80588E+00    0.00000E+00    0.80702E+00    0.00000E+00    0.80614E+00    0.00000E+00    0.80507E+00    0.00000E+00    0.80610E+00
100  0    0.96689E-02    0.11120E-01    0.97270E-02    0.96510E-02    0.17925E-02    0.11102E-01    0.18484E-02    0.97090E-02    0.17947E-02    0.13893E+00    0.59875E-01    0.14901E+00    0.60802E-01    0.13935E+00    0.59912E-01    0.59254E-01    0.44883E-01    0.65361E-01    0.46225E-01    0.59498E-01    0.44937E-01    0.48205E-01    0.56932E-01    0.48545E-01    0.48205E-01    0.00000E+00    0.56932E-01    0.00000E+00    0.48545E-01    0.00000E+00    0.31050E+00    0.00000E+00    0.33744E+00    0.00000E+00    0.31159E+00    0.00000E+00    0.29596E+00    0.00000E+00    0.33519E+00    0.00000E+00    0.29749E+00    0.00000E+00    0.22412E-04    0.22962E-04    0.22434E-04    0.00000E+00    0.22412E-02    0.00000E+00    0.22962E-02    0.00000E+00    0.22434E-02    0.00000E+00    0.66951E-01    0.00000E+00    0.67767E-01    0.00000E+00    0.66984E-01    0.00000E+00    0.56119E-01    0.00000E+00    0.57422E-01    0.00000E+00    0.56171E-01
200  0    0.88787E-02    0.73181E-02    0.88163E-02    0.87886E-02    0.90098E-02    0.72334E-02    0.84767E-02    0.87264E-02    0.89885E-02    0.13258E+00    0.13424E+00    0.12028E+00    0.13020E+00    0.13211E+00    0.13408E+00    0.55676E-01    0.10430E+00    0.51725E-01    0.99820E-01    0.55518E-01    0.10413E+00    0.43897E-01    0.37094E-01    0.43632E-01    0.43897E-01    0.00000E+00    0.37094E-01    0.00000E+00    0.43632E-01    0.00000E+00    0.29630E+00    0.00000E+00    0.27238E+00    0.00000E+00    0.29541E+00    0.00000E+00    0.27809E+00    0.00000E+00    0.26526E+00    0.00000E+00    0.27759E+00    0.00000E+00    0.11265E-03    0.10530E-03    0.11236E-03    0.00000E+00    0.11265E-01    0.00000E+00    0.10530E-01    0.00000E+00    0.11236E-01    0.00000E+00    0.15010E+00    0.00000E+00    0.14512E+00    0.00000E+00    0.14990E+00    0.00000E+00    0.13041E+00    0.00000E+00    0.12400E+00    0.00000E+00    0.13016E+00
300  1    0.79861E-02    0.87155E-02    0.80153E-02    0.73609E-02    0.62529E-01    0.80962E-02    0.61931E-01    0.73903E-02    0.62505E-01    0.12133E+00    0.35364E+00    0.12725E+00    0.35194E+00    0.12158E+00    0.35357E+00    0.53293E-01    0.28271E+00    0.56410E-01    0.28287E+00    0.53418E-01    0.28272E+00    0.36766E-01    0.41519E-01    0.36951E-01    0.36766E-01    0.00000E+00    0.41519E-01    0.00000E+00    0.36951E-01    0.00000E+00    0.27117E+00    0.00000E+00    0.28816E+00    0.00000E+00    0.27185E+00    0.00000E+00    0.26619E+00    0.00000E+00    0.28928E+00    0.00000E+00    0.26709E+00    0.00000E+00    0.78182E-03    0.76933E-03    0.78132E-03    0.00000E+00    0.78182E-01    0.00000E+00    0.76933E-01    0.00000E+00    0.78132E-01    0.00000E+00    0.39543E+00    0.00000E+00    0.39226E+00    0.00000E+00    0.39530E+00    0.00000E+00    0.35348E+00    0.00000E+00    0.35139E+00    0.00000E+00    0.35340E+00
400  1    0.74771E-02    0.55934E-02    0.74017E-02    0.65148E-02    0.96225E-01    0.46125E-02    0.98084E-01    0.64387E-02    0.96299E-01    0.11415E+00    0.43869E+00    0.96047E-01    0.44291E+00    0.11348E+00    0.43886E+00    0.68488E-01    0.34856E+00    0.62832E-01    0.35488E+00    0.68262E-01    0.34881E+00    0.32540E-01    0.23654E-01    0.32194E-01    0.32540E-01    0.00000E+00    0.23654E-01    0.00000E+00    0.32194E-01    0.00000E+00    0.25511E+00    0.00000E+00    0.21750E+00    0.00000E+00    0.25375E+00    0.00000E+00    0.34209E+00    0.00000E+00    0.32221E+00    0.00000E+00    0.34131E+00    0.00000E+00    0.12031E-02    0.12184E-02    0.12037E-02    0.00000E+00    0.12031E+00    0.00000E+00    0.12184E+00    0.00000E+00    0.12037E+00    0.00000E+00    0.49053E+00    0.00000E+00    0.49365E+00    0.00000E+00    0.49066E+00    0.00000E+00    0.43581E+00    0.00000E+00    0.44084E+00    0.00000E+00    0.43601E+00
500  1    0.72273E-02    0.52123E-02    0.71467E-02    0.60163E-02    0.12110E+00    0.40667E-02    0.11456E+00    0.59383E-02    0.12084E+00    0.10969E+00    0.49214E+00    0.90185E-01    0.47867E+00    0.10898E+00    0.49161E+00    0.70825E-01    0.34880E+00    0.66920E-01    0.33811E+00    0.70669E-01    0.34837E+00    0.30050E-01    0.20855E-01    0.29692E-01    0.30050E-01    0.00000E+00    0.20855E-01    0.00000E+00    0.29692E-01    0.00000E+00    0.24515E+00    0.00000E+00    0.20423E+00    0.00000E+00    0.24369E+00    0.00000E+00    0.35376E+00    0.00000E+00    0.34318E+00    0.00000E+00    0.35335E+00    0.00000E+00    0.15142E-02    0.14231E-02    0.15105E-02    0.00000E+00    0.15142E+00    0.00000E+00    0.14231E+00    0.00000E+00    0.15105E+00    0.00000E+00    0.55030E+00    0.00000E+00    0.53351E+00    0.00000E+00    0.54964E+00    0.00000E+00    0.43612E+00    0.00000E+00    0.42001E+00    0.00000E+00    0.43547E+00
600  1    0.63329E-02    0.49170E-02    0.62763E-02    0.53129E-02    0.10201E+00    0.39038E-02    0.10133E+00    0.52565E-02    0.10198E+00    0.10308E+00    0.45168E+00    0.88360E-01    0.45017E+00    0.10253E+00    0.45162E+00    0.71087E-01    0.32758E+00    0.67985E-01    0.33021E+00    0.70963E-01    0.32769E+00    0.26537E-01    0.20019E-01    0.26283E-01    0.26537E-01    0.00000E+00    0.20019E-01    0.00000E+00    0.26283E-01    0.00000E+00    0.23038E+00    0.00000E+00    0.20010E+00    0.00000E+00    0.22927E+00    0.00000E+00    0.35506E+00    0.00000E+00    0.34864E+00    0.00000E+00    0.35481E+00    0.00000E+00    0.12754E-02    0.12587E-02    0.12747E-02    0.00000E+00    0.12754E+00    0.00000E+00    0.12587E+00    0.00000E+00    0.12747E+00    0.00000E+00    0.50505E+00    0.00000E+00    0.50174E+00    0.00000E+00    0.50492E+00    0.00000E+00    0.40958E+00    0.00000E+00    0.41020E+00    0.00000E+00    0.40961E+00
700  2    0.62369E-02    0.56603E-02    0.62139E-02    0.55357E-02    0.70127E-01    0.49413E-02    0.71897E-01    0.55119E-02    0.70198E-01    0.10522E+00    0.37450E+00    0.99412E-01    0.37920E+00    0.10499E+00    0.37469E+00    0.83184E-01    0.28028E+00    0.82883E-01    0.28985E+00    0.83172E-01    0.28067E+00    0.27650E-01    0.25340E-01    0.27559E-01    0.27650E-01    0.00000E+00    0.25340E-01    0.00000E+00    0.27559E-01    0.00000E+00    0.23516E+00    0.00000E+00    0.22512E+00    0.00000E+00    0.23477E+00    0.00000E+00    0.41549E+00    0.00000E+00    0.42504E+00    0.00000E+00    0.41586E+00    0.00000E+00    0.87681E-03    0.89313E-03    0.87747E-03    0.00000E+00    0.87681E-01    0.00000E+00    0.89313E-01    0.00000E+00    0.87747E-01    0.00000E+00    0.41876E+00    0.00000E+00    0.42264E+00    0.00000E+00    0.41892E+00    0.00000E+00    0.35045E+00    0.00000E+00    0.36007E+00    0.00000E+00    0.35083E+00
800  2    0.44312E-02    0.28075E-02    0.43663E-02    0.39798E-02    0.45138E-01    0.23357E-02    0.47173E-01    0.39141E-02    0.45220E-01    0.89217E-01    0.30046E+00    0.68348E-01    0.30716E+00    0.88477E-01    0.30073E+00    0.90413E-01    0.22007E+00    0.84176E-01    0.22857E+00    0.90164E-01    0.22041E+00    0.19878E-01    0.11978E-01    0.19570E-01    0.19878E-01    0.00000E+00    0.11978E-01    0.00000E+00    0.19570E-01    0.00000E+00    0.19939E+00    0.00000E+00    0.15478E+00    0.00000E+00    0.19784E+00    0.00000E+00    0.45160E+00    0.00000E+00    0.43167E+00    0.00000E+00    0.45082E+00    0.00000E+00    0.56438E-03    0.58599E-03    0.56525E-03    0.00000E+00    0.56438E-01    0.00000E+00    0.58599E-01    0.00000E+00    0.56525E-01    0.00000E+00    0.33597E+00    0.00000E+00    0.34234E+00    0.00000E+00    0.33623E+00    0.00000E+00    0.27515E+00    0.00000E+00    0.28394E+00    0.00000E+00    0.27551E+00
900  2    0.36570E-02    0.27840E-02    0.36221E-02    0.32734E-02    0.38359E-01    0.23987E-02    0.38527E-01    0.32385E-02    0.38365E-01    0.80913E-01    0.27698E+00    0.69264E-01    0.27758E+00    0.80479E-01    0.27700E+00    0.99171E-01    0.19473E+00    0.97908E-01    0.19351E+00    0.99120E-01    0.19468E+00    0.16350E-01    0.12301E-01    0.16192E-01    0.16350E-01    0.00000E+00    0.12301E-01    0.00000E+00    0.16192E-01    0.00000E+00    0.18083E+00    0.00000E+00    0.15685E+00    0.00000E+00    0.17996E+00    0.00000E+00    0.49534E+00    0.00000E+00    0.50209E+00    0.00000E+00    0.49560E+00    0.00000E+00    0.47961E-03    0.47859E-03    0.47957E-03    0.00000E+00    0.47961E-01    0.00000E+00    0.47859E-01    0.00000E+00    0.47957E-01    0.00000E+00    0.30971E+00    0.00000E+00    0.30938E+00    0.00000E+00    0.30970E+00    0.00000E+00    0.24348E+00    0.00000E+00    0.24038E+00    0.00000E+00    0.24335E+00
1000  2    0.27721E-02    0.21368E-02    0.27467E-02    0.25776E-02    0.19446E-01    0.19300E-02    0.20681E-01    0.25517E-02    0.19496E-01    0.71800E-01    0.19721E+00    0.62129E-01    0.20338E+00    0.71438E-01    0.19746E+00    0.10320E+00    0.13567E+00    0.10032E+00    0.13447E+00    0.10308E+00    0.13562E+00    0.12875E-01    0.98974E-02    0.12759E-01    0.12875E-01    0.00000E+00    0.98974E-02    0.00000E+00    0.12759E-01    0.00000E+00    0.16047E+00    0.00000E+00    0.14069E+00    0.00000E+00    0.15974E+00    0.00000E+00    0.51545E+00    0.00000E+00    0.51445E+00    0.00000E+00    0.51541E+00    0.00000E+00    0.24314E-03    0.25691E-03    0.24369E-03    0.00000E+00    0.24314E-01    0.00000E+00    0.25691E-01    0.00000E+00    0.24369E-01    0.00000E+00    0.22052E+00    0.00000E+00    0.22668E+00    0.00000E+00    0.22077E+00    0.00000E+00    0.16963E+00    0.00000E+00    0.16704E+00    0.00000E+00    0.16952E+00
1100  2    0.22516E-02    0.14970E-02    0.22214E-02    0.20877E-02    0.16394E-01    0.13347E-02    0.16225E-01    0.20576E-02    0.16387E-01    0.64617E-01    0.18107E+00    0.51667E-01    0.18014E+00    0.64149E-01    0.18104E+00    0.95058E-01    0.12293E+00    0.92551E-01    0.11768E+00    0.94958E-01    0.12272E+00    0.10428E-01    0.68447E-02    0.10288E-01    0.10428E-01    0.00000E+00    0.68447E-02    0.00000E+00    0.10288E-01    0.00000E+00    0.14441E+00    0.00000E+00    0.11700E+00    0.00000E+00    0.14344E+00    0.00000E+00    0.47480E+00    0.00000E+00    0.47462E+00    0.00000E+00    0.47479E+00    0.00000E+00    0.20498E-03    0.20155E-03    0.20484E-03    0.00000E+00    0.20498E-01    0.00000E+00    0.20155E-01    0.00000E+00    0.20484E-01    0.00000E+00    0.20247E+00    0.00000E+00    0.20078E+00    0.00000E+00    0.20241E+00    0.00000E+00    0.15370E+00    0.00000E+00    0.14619E+00    0.00000E+00    0.15340E+00
1200  3    0.23765E-02    0.19611E-02    0.23599E-02    0.22189E-02    0.15761E-01    0.17989E-02    0.16217E-01    0.22021E-02    0.15779E-01    0.66617E-01    0.17755E+00    0.59982E-01    0.18009E+00    0.66364E-01    0.17765E+00    0.84435E-01    0.11899E+00    0.86352E-01    0.11408E+00    0.84511E-01    0.11879E+00    0.11083E-01    0.92252E-02    0.11011E-01    0.11083E-01    0.00000E+00    0.92252E-02    0.00000E+00    0.11011E-01    0.00000E+00    0.14888E+00    0.00000E+00    0.13583E+00    0.00000E+00    0.14840E+00    0.00000E+00    0.42173E+00    0.00000E+00    0.44283E+00    0.00000E+00    0.42256E+00    0.00000E+00    0.19707E-03    0.20145E-03    0.19724E-03    0.00000E+00    0.19707E-01    0.00000E+00    0.20145E-01    0.00000E+00    0.19724E-01    0.00000E+00    0.19853E+00    0.00000E+00    0.20073E+00    0.00000E+00    0.19862E+00    0.00000E+00    0.14878E+00    0.00000E+00    0.14172E+00    0.00000E+00    0.14849E+00
1300  4    0.21495E-02    0.19871E-02    0.21430E-02    0.19965E-02    0.15295E-01    0.18326E-02    0.15457E-01    0.19900E-02    0.15302E-01    0.63191E-01    0.17490E+00    0.60540E-01    0.17583E+00    0.63087E-01    0.17494E+00    0.89819E-01    0.12364E+00    0.89938E-01    0.12143E+00    0.89824E-01    0.12355E+00    0.99723E-02    0.93978E-02    0.99499E-02    0.99723E-02    0.00000E+00    0.93978E-02    0.00000E+00    0.99499E-02    0.00000E+00    0.14123E+00    0.00000E+00    0.13710E+00    0.00000E+00    0.14107E+00    0.00000E+00    0.44863E+00    0.00000E+00    0.46122E+00    0.00000E+00    0.44912E+00    0.00000E+00    0.19124E-03    0.19202E-03    0.19127E-03    0.00000E+00    0.19124E-01    0.00000E+00    0.19202E-01    0.00000E+00    0.19127E-01    0.00000E+00    0.19557E+00    0.00000E+00    0.19597E+00    0.00000E+00    0.19559E+00    0.00000E+00    0.15458E+00    0.00000E+00    0.15084E+00    0.00000E+00    0.15443E+00
1400  5    0.18056E-02    0.18900E-02    0.18090E-02    0.16815E-02    0.12411E-01    0.17534E-02    0.13661E-01    0.16844E-02    0.12461E-01    0.57992E-01    0.15755E+00    0.59218E-01    0.16529E+00    0.58041E-01    0.15787E+00    0.85771E-01    0.11389E+00    0.84361E-01    0.11677E+00    0.85715E-01    0.11401E+00    0.83988E-02    0.89917E-02    0.84219E-02    0.83988E-02    0.00000E+00    0.89917E-02    0.00000E+00    0.84219E-02    0.00000E+00    0.12961E+00    0.00000E+00    0.13410E+00    0.00000E+00    0.12978E+00    0.00000E+00    0.42841E+00    0.00000E+00    0.43262E+00    0.00000E+00    0.42857E+00    0.00000E+00    0.15518E-03    0.16970E-03    0.15577E-03    0.00000E+00    0.15518E-01    0.00000E+00    0.16970E-01    0.00000E+00    0.15577E-01    0.00000E+00    0.17617E+00    0.00000E+00    0.18423E+00    0.00000E+00    0.17650E+00    0.00000E+00    0.14240E+00    0.00000E+00    0.14505E+00    0.00000E+00    0.14251E+00
1500  6    0.20957E-02    0.21281E-02    0.20970E-02    0.19416E-02    0.15414E-01    0.19683E-02    0.15981E-01    0.19427E-02    0.15436E-01    0.62315E-01    0.17558E+00    0.62743E-01    0.17878E+00    0.62332E-01    0.17571E+00    0.92263E-01    0.11689E+00    0.92899E-01    0.11584E+00    0.92288E-01    0.11684E+00    0.96978E-02    0.10094E-01    0.97133E-02    0.96978E-02    0.00000E+00    0.10094E-01    0.00000E+00    0.97133E-02    0.00000E+00    0.13927E+00    0.00000E+00    0.14208E+00    0.00000E+00    0.13938E+00    0.00000E+00    0.46084E+00    0.00000E+00    0.47640E+00    0.00000E+00    0.46144E+00    0.00000E+00    0.19272E-03    0.19852E-03    0.19295E-03    0.00000E+00    0.19272E-01    0.00000E+00    0.19852E-01    0.00000E+00    0.19295E-01    0.00000E+00    0.19633E+00    0.00000E+00    0.19926E+00    0.00000E+00    0.19644E+00    0.00000E+00    0.14615E+00    0.00000E+00    0.14390E+00    0.00000E+00    0.14606E+00
1600  7    0.21678E-02    0.19015E-02    0.21571E-02    0.20207E-02    0.14705E-01    0.17478E-02    0.15369E-01    0.20098E-02    0.14731E-01    0.63572E-01    0.17149E+00    0.59124E-01    0.17532E+00    0.63400E-01    0.17165E+00    0.91460E-01    0.11398E+00    0.93053E-01    0.11189E+00    0.91523E-01    0.11390E+00    0.10093E-01    0.89632E-02    0.10049E-01    0.10093E-01    0.00000E+00    0.89632E-02    0.00000E+00    0.10049E-01    0.00000E+00    0.14208E+00    0.00000E+00    0.13389E+00    0.00000E+00    0.14177E+00    0.00000E+00    0.45682E+00    0.00000E+00    0.47720E+00    0.00000E+00    0.45762E+00    0.00000E+00    0.18385E-03    0.19092E-03    0.18414E-03    0.00000E+00    0.18385E-01    0.00000E+00    0.19092E-01    0.00000E+00    0.18414E-01    0.00000E+00    0.19176E+00    0.00000E+00    0.19541E+00    0.00000E+00    0.19191E+00    0.00000E+00    0.14251E+00    0.00000E+00    0.13899E+00    0.00000E+00    0.14237E+00
1700  8    0.17651E-02    0.20601E-02    0.17769E-02    0.16061E-02    0.15901E-01    0.18869E-02    0.17316E-01    0.16173E-02    0.15957E-01    0.56676E-01    0.17833E+00    0.61431E-01    0.18610E+00    0.56874E-01    0.17865E+00    0.91437E-01    0.11925E+00    0.91894E-01    0.12281E+00    0.91455E-01    0.11939E+00    0.80220E-02    0.96764E-02    0.80865E-02    0.80220E-02    0.00000E+00    0.96764E-02    0.00000E+00    0.80865E-02    0.00000E+00    0.12666E+00    0.00000E+00    0.13911E+00    0.00000E+00    0.12717E+00    0.00000E+00    0.45671E+00    0.00000E+00    0.47125E+00    0.00000E+00    0.45728E+00    0.00000E+00    0.19881E-03    0.21510E-03    0.19947E-03    0.00000E+00    0.19881E-01    0.00000E+00    0.21510E-01    0.00000E+00    0.19947E-01    0.00000E+00    0.19941E+00    0.00000E+00    0.20742E+00    0.00000E+00    0.19973E+00    0.00000E+00    0.14910E+00    0.00000E+00    0.15256E+00    0.00000E+00    0.14924E+00
1800  9    0.23492E-02    0.27050E-02    0.23634E-02    0.22271E-02    0.12214E-01    0.25719E-02    0.13309E-01    0.22409E-02    0.12257E-01    0.66739E-01    0.15629E+00    0.71720E-01    0.16315E+00    0.66946E-01    0.15657E+00    0.97101E-01    0.10233E+00    0.10088E+00    0.10639E+00    0.97252E-01    0.10250E+00    0.11124E-01    0.13189E-01    0.11204E-01    0.11124E-01    0.00000E+00    0.13189E-01    0.00000E+00    0.11204E-01    0.00000E+00    0.14916E+00    0.00000E+00    0.16241E+00    0.00000E+00    0.14970E+00    0.00000E+00    0.48500E+00    0.00000E+00    0.51733E+00    0.00000E+00    0.48626E+00    0.00000E+00    0.15271E-03    0.16533E-03    0.15322E-03    0.00000E+00    0.15271E-01    0.00000E+00    0.16533E-01    0.00000E+00    0.15322E-01    0.00000E+00    0.17476E+00    0.00000E+00    0.18184E+00    0.00000E+00    0.17505E+00    0.00000E+00    0.12795E+00    0.00000E+00    0.13216E+00    0.00000E+00    0.12812E+00
1900  10    0.32216E-02    0.40179E-02    0.32535E-02    0.31194E-02    0.10219E-01    0.39125E-02    0.10542E-01    0.31512E-02    0.10232E-01    0.78987E-01    0.14296E+00    0.88459E-01    0.14520E+00    0.79387E-01    0.14305E+00    0.10139E+00    0.98317E-01    0.10823E+00    0.10039E+00    0.10166E+00    0.98399E-01    0.15581E-01    0.20064E-01    0.15756E-01    0.15581E-01    0.00000E+00    0.20064E-01    0.00000E+00    0.15756E-01    0.00000E+00    0.17653E+00    0.00000E+00    0.20032E+00    0.00000E+00    0.17752E+00    0.00000E+00    0.50640E+00    0.00000E+00    0.55503E+00    0.00000E+00    0.50830E+00    0.00000E+00    0.12777E-03    0.13096E-03    0.12790E-03    0.00000E+00    0.12777E-01    0.00000E+00    0.13096E-01    0.00000E+00    0.12790E-01    0.00000E+00    0.15985E+00    0.00000E+00    0.16184E+00    0.00000E+00    0.15994E+00    0.00000E+00    0.12293E+00    0.00000E+00    0.12470E+00    0.00000E+00    0.12300E+00
2000  11    0.16688E-02    0.18084E-02    0.16743E-02    0.15126E-02    0.15620E-01    0.16283E-02    0.18013E-01    0.15172E-02    0.15716E-01    0.55001E-01    0.17675E+00    0.57067E-01    0.18980E+00    0.55085E-01    0.17729E+00    0.91379E-01    0.11776E+00    0.93872E-01    0.12473E+00    0.91479E-01    0.11804E+00    0.75549E-02    0.83503E-02    0.75859E-02    0.75549E-02    0.00000E+00    0.83503E-02    0.00000E+00    0.75859E-02    0.00000E+00    0.12292E+00    0.00000E+00    0.12923E+00    0.00000E+00    0.12317E+00    0.00000E+00    0.45642E+00    0.00000E+00    0.48139E+00    0.00000E+00    0.45739E+00    0.00000E+00    0.19530E-03    0.22376E-03    0.19644E-03    0.00000E+00    0.19530E-01    0.00000E+00    0.22376E-01    0.00000E+00    0.19644E-01    0.00000E+00    0.19764E+00    0.00000E+00    0.21155E+00    0.00000E+00    0.19821E+00    0.00000E+00    0.14723E+00    0.00000E+00    0.15495E+00    0.00000E+00    0.14754E+00
