2000
func 0
Activation_out 0
5
2
40
40
40
3
 #l=           2
  1.01162513804046728E-01 -2.99222220962957093E-02 -2.83106332924484949E-01
  1.21359215853851468E-01  1.24930170404522783E-01 -1.59829207691079500E-01
 -1.27217556422955735E-01 -2.71844528078805547E-01  1.26802316862593800E-01
  3.03420621561815707E-01  1.96360804614980761E-02 -1.69573965615070155E-01
 -1.13144894620605174E-01  1.47355354141661787E-01  1.53918958538309503E-01
 -9.81646281072427046E-03 -2.07374472875498067E-01  2.59800522096793121E-02
  1.68385914039044265E-01 -3.98957706846412852E-02 -1.20249983169133101E-01
  1.73467905472229594E-01  7.15187422880227269E-02 -2.23384522953647441E-01
  5.74517389201743348E-02  5.17048578094687850E-01  1.45926065293968208E-02
  1.63707517384637707E-01  5.70058080828228595E-03 -1.69673981032658600E-01
 -1.17786487174763546E-01 -8.99095722894025506E-02  1.44618919433286489E-02
 -2.69215442737316235E-01 -1.03288926936451423E-02  3.00030759246228851E-01
 -2.89365640977007448E-02  4.01735084859492567E-02  2.15497945508467098E-01
 -1.16153960881490673E-01 -5.49417051310167492E-01  1.41223039999775174E-01
 -1.02789076009875399E-01  4.02382968349504877E-01  2.45028382561119862E-01
 -2.82668919215211700E-01 -7.78444674990314521E-03  3.52117328682959918E-01
  1.63574620284865413E-01  1.09221913628000267E-01 -2.64399793577571540E-01
 -3.12713150714333588E-01 -2.50354183545103304E-01  5.62850741725933190E-01
  6.21260586176142701E-02  4.79769566280819487E-02 -7.72338249373697404E-03
  2.92358852840205130E-01 -1.63393729969585816E-01 -1.67731846460443229E-01
  3.35562232066637656E-01 -1.47458082417939840E-01 -2.76652082662168730E-01
  6.84265501843638185E-02  1.71502276578334389E-01 -6.78918178201593087E-02
 -1.03576783635596859E-01 -6.28332022297654891E-02  1.09970953650667419E-01
 -3.00311050957647457E-02  1.58174583137947445E-03 -9.76934116407863068E-02
 -1.25472643434933057E-01 -1.85545839516253808E-01  1.19358938964311032E-01
 -1.67841928109759508E-01 -2.28915434725438321E-01  5.38561770545364707E-02
  1.96888352591739368E-01 -1.51706476182508071E-01 -5.25647598985356623E-01
  8.09545365748853968E-02 -6.80680421093147747E-02 -1.76171593475923566E-01
  2.00971501175375739E-01 -2.06627968125712436E-01 -9.94363677344307223E-02
  1.26206133319003877E-01  3.24409067915311031E-03 -2.93075724954707129E-01
 -6.55897784719214894E-02  3.96917575870534389E-01  1.65489594038208426E-01
 -2.15193234724502774E-01 -2.01634098969270467E-02  2.31920581160450001E-01
 -2.34953683869446872E-01 -2.69726982344219990E-01  1.96015529152063023E-01
  3.83377333989308733E-02  3.17378459909700428E-01 -2.63542878607839481E-01
  2.26742921640594008E-01  1.79851338152629048E-01 -4.17380873521945028E-01
  1.05141332099994531E-01 -4.97462798435538589E-01 -1.71011016156230981E-02
  1.60956318580639524E-01  1.32073901535047552E-02 -1.64344639610322502E-01
 -1.58831994104062263E-01 -1.91971260673946986E-01  3.45338901029755230E-01
  5.74216232719227532E-02 -4.17516346619344947E-01 -1.69279864608045783E-01
 -2.10925503108796653E-01 -2.08094205250113046E-01  1.75400687116237713E-01
 #l=           3
 -3.67447650568750728E-02  1.41026271285889016E-01 -8.59471674329719409E-02  1.27358003685855675E-01  3.49062658264064282E-02  7.37638919928176040E-02  2.15301007497999464E-01 -8.63859138110765062E-02  4.96606299619033395E-02 -1.14696347514073399E-01 -1.22583908897253124E-01 -2.24518825684033640E-01  7.16568654021331325E-02  4.05006503880042182E-02  1.32470316136720501E-01 -2.07932799935678286E-01 -1.64421386985556285E-02  8.54205165433722796E-02  2.87792186175100939E-01 -2.70242546398112515E-01 -1.60794719555564736E-01 -1.28184829513990128E-01 -2.77474968430347246E-01  1.77186006524713724E-01 -1.63854808331416413E-01  1.89675800585304338E-01  3.31100428885132358E-01  5.92690286504675770E-02  1.58150691888348904E-01  7.24778411148886137E-02  1.08108407536621584E-01 -3.14734856361622128E-01  4.30987998270434408E-02  3.32216978063664334E-02  2.14270124864207989E-01  1.12936206833531019E-01  1.60661414548415760E-01  6.37007027091581052E-02  1.25058571790301443E-01  2.08440633282746535E-02  3.57918794126575290E-01
 -9.92300083312213782E-02 -1.22729115962911126E-01 -6.22598869277558656E-02  1.61835586799407155E-01 -3.67810993105150918E-01  1.12471069513094643E-01  5.15104786633970094E-02 -1.23737556133455898E-01 -3.89728428606242627E-01  8.07079578770460299E-02 -3.40692419111304601E-01  1.87008016507974051E-01  9.04234158607333804E-02  1.06837565117332112E-01  2.23629189506916459E-01 -1.48499961111224377E-01  2.76651460291869877E-01 -1.60530245413535028E-01 -4.62862514346518983E-02 -5.28155983417933281E-02 -4.56603460785600102E-01 -2.04586687661053979E-01  1.67577890015800729E-01 -3.17496593919599113E-01  4.54789462796171759E-02  7.68783480482869430E-02  9.00996123932673587E-02  1.76465844587285203E-02 -1.56990151602156208E-01 -1.80852812762088089E-01 -2.54277636600504953E-01  3.36061237018582037E-01  4.50749953337982526E-02  3.52169024232693653E-02  8.36250743276188424E-02 -3.69193823832068280E-01  9.80598430011615368E-02 -5.66103324208432970E-02  1.78178839552007501E-01 -1.55490389279438590E-01  3.83196632991574249E-02
 -2.67935576355538309E-02  1.31739846577259068E-01 -5.02081989890113337E-02 -2.55364487393448691E-01  2.03590115728154747E-01 -1.75293254055579495E-01 -2.57362623067207474E-01  1.75618202186507144E-01 -3.37905706082414936E-01  1.25276984800132218E-01  4.94606351972309566E-02  2.17799813312978874E-01 -2.38177075828221105E-02  2.28192614032145698E-02  6.98420686751265035E-02  2.55908557644298651E-01 -1.38473606433321211E-01 -7.72711828571680942E-02  1.69953245986936313E-01 -1.74026890819222263E-01 -7.10131738578026559E-03  5.33311620667962297E-02 -1.40985988284000330E-01 -5.91756762175147805E-02 -9.04092500870499055E-02  4.78993681061387067E-02  1.03333649711076336E-01  2.67101954283463339E-01  2.01421577067539770E-01 -2.49542037695637070E-01  2.04793768083682715E-01 -3.55846013815074649E-02  1.13469305281274510E-01 -6.82800609236953876E-02  5.24186807470762295E-02  1.30363354966305217E-01 -2.74812071159398763E-01  2.18246816135160615E-01 -1.52657225851949366E-02  1.78438104882140708E-01 -5.71013817628669637E-02
 -2.63060566388896473E-02 -7.04840213918035696E-02  1.90556997286410956E-01  2.78879020345660533E-01 -1.62984965733496467E-01 -3.49390428706165268E-02  4.27537959150853589E-02  7.25003098899627690E-02 -1.14918493125406987E-01  3.29096312820995773E-01 -1.19643884594751532E-01  2.03030919617807670E-01 -2.19735267329615458E-01  1.88087050224157198E-01 -1.53689779230526041E-01 -6.86024051241668348E-02 -4.76859981843161598E-02 -1.88329488506345483E-01 -4.85266520678159438E-02  6.10313189289285185E-02  2.66637694336305131E-01  1.44682488926593800E-01 -6.57698478963772010E-02 -8.89247320503391003E-02  6.62500667611235078E-02  1.05342604086478872E-01  8.40062924426366320E-02 -1.33720345187798961E-01 -3.64701960974106315E-02  2.03645423573609707E-01  1.04549473273353094E-01  6.93413464844149646E-02 -5.74738712133011712E-02  5.93832210480132600E-02 -4.33493563376133095E-01 -1.44875375722274852E-01  1.77128519703297654E-01 -2.36908459844385300E-01  5.67655428858819255E-02  4.53754096461220641E-02  4.79029082203173806E-01
  5.21714906396751471E-02  1.77894245366223669E-01 -1.61187559842325856E-01  4.05103358708689409E-02 -3.01396220538252720E-02  3.38205131200827042E-02  1.30027380748372196E-01 -6.51706050737439480E-02 -2.86654164422761704E-01  1.31953211925034918E-02 -2.16371459066315663E-01 -8.10686502109302237E-02 -3.12351944574636664E-01  7.27866175778012076E-02 -1.91420893625629779E-01  1.41910506698506734E-02 -1.33112476181248534E-02 -1.33913645199121273E-01 -4.92428772010114271E-02  1.77676002046090395E-02  2.57891109596462775E-01  6.16624518474030436E-02  2.82544177700946586E-01 -4.92820246005000531E-02 -1.06547728556788679E-01  6.56850221671180373E-02 -5.64650514901395839E-02 -1.08263499192986903E-01  7.28341052376553638E-02 -8.71931563971805462E-02 -1.03621353603583100E-01 -2.62970973621449278E-01 -2.21238129000345674E-01 -3.68295301344840065E-02 -1.72095213591015511E-01  1.04671875931864569E-01  1.58033173255581721E-01 -1.03626502652755040E-01  5.08850333579823413E-02 -6.30643146056921039E-02  8.76830859327243778E-02
 -9.22515714548631932E-02  3.02048289476853471E-01  7.12712834999996714E-02  1.71274872082343259E-02 -7.40194536591568947E-02 -7.88341224583700845E-02 -1.10315405271892888E-01 -9.02202896487749179E-02 -6.91850451478328993E-02 -9.08412765740073819E-02 -4.40386551890250624E-02  2.02335603783752260E-01 -1.58282615562362255E-01 -2.50012889284586315E-01  2.26980448082723996E-01 -5.16255048818636403E-02  7.85074362427096856E-03  1.28197805491771011E-01  1.26368513649769429E-03  7.74601975195169387E-04 -7.56086535839600310E-02 -8.41272723916428045E-02 -2.43736055106989813E-01  1.89725612182869208E-01  1.95852589834702745E-01  2.77503178585891130E-01  3.16459257819187989E-01 -2.18014080471990807E-01  1.43453972423572662E-01 -1.69394892727798951E-01  2.69556836791039145E-01 -5.01168812026877263E-03 -1.85144611055969022E-01 -9.91667213677342035E-02 -2.60537843459792600E-03 -1.24048991356549690E-01 -1.24534801553174784E-01 -2.72406798009236062E-01 -5.34001267582009803E-02  2.15082137987862798E-01  4.57566944998723246E-01
 -5.42745259635659255E-02  4.20692391438497959E-01 -6.13387183444219844E-02 -2.10280075330943200E-01 -2.18293619617717177E-01  4.50912655635205217E-01 -5.47961001722136951E-02 -1.44507218331814236E-01 -3.31337117465329511E-01 -1.88877589469991780E-01  1.69050972413891609E-01 -7.01506775310244413E-02  2.60905255576608819E-01 -1.66091185313990315E-02 -1.17213240919418454E-01 -1.68875459687820112E-01 -9.27312068909864895E-02  1.44501151302334485E-01  1.31968511903186314E-01 -1.48898896684197812E-01 -4.84888377529547165E-01 -8.38493516792723353E-02 -1.71413754733855561E-01  2.46902455066943499E-01  2.23125897367414672E-01  8.02286015768680430E-03 -5.34171374038035010E-02 -1.23932420429168688E-01 -4.08435288259662715E-02 -1.59648351558797641E-01 -1.26150679024201184E-01  4.21299544666255021E-01  1.28442150718258763E-01  4.55489590052357896E-01 -1.52035302446547182E-02 -2.94859929077056271E-01  8.43939626085662004E-02  1.46739327538346453E-01  1.22500295104240625E-01 -1.37411720591384484E-01  6.34512185668528322E-02
  8.99497631470043829E-02  2.19030185174151459E-01  1.95895829997541293E-01 -1.91394748900254236E-01  5.70788388608237107E-01 -3.24598997022579605E-02 -7.10360110687647262E-02  1.89699971036832837E-01 -1.09454660231626311E-01  9.11455294016663281E-02  2.64352714986666903E-01 -8.18602641928082991E-02 -3.50392395272636270E-01  1.96004069161089325E-02 -2.08527436690340295E-01  2.11872105564654745E-01 -4.36588548689104683E-01 -9.58181363727799301E-02  1.57740313086362563E-02  1.59604512693230255E-01 -9.06598741761390631E-02  8.34162775229333429E-03  7.71496633557788719E-02 -1.77640190471488740E-01 -2.90404227114268110E-01  7.90832182996917821E-02 -2.53335729936304543E-01  2.32744711756109002E-01 -1.49813879539423350E-01  1.30449690163533232E-02  2.44345223584142540E-01 -1.32517128505222574E-02 -1.26957922274122167E-02 -8.03976384433723740E-02  1.96471078791750020E-01 -3.31535764769435928E-02  6.67947080487194950E-02  3.69321442502212272E-01  4.49178233522102427E-02 -6.14356395174489242E-03 -3.88893184616329879E-02
 -2.23298440172906398E-01  2.58716772424286645E-01 -1.23846499389084166E-01  1.81272434782664860E-01 -1.71757011533325954E-01  3.64679034139079816E-01  6.85274838886300568E-03 -3.23186981103715021E-01 -3.11812191589282861E-01  3.91580666685234835E-01 -5.00509041701314161E-01 -2.76369342530599291E-02  7.91594401822691141E-01  7.25003685184660296E-02 -1.09613575213287837E-01  2.86987012857155312E-02  4.86167855866082133E-01 -3.51106836854235660E-01  4.66551791178963837E-01 -4.49858826583863537E-03 -7.44744067318543479E-01 -9.77358494743127082E-01 -1.07945387986726586E-02  1.17517288936012584E-01 -8.72104795115963838E-02 -2.65174890576050426E-01  2.13782653144332757E-01 -1.56672720033484758E-01 -2.16341103340221518E-02 -2.24729584927754189E-01 -1.66592921638042457E-01  6.58436461547717844E-02  6.85975961189835615E-01  2.76054418720754480E-01 -1.53505341443915061E-01 -4.23722607333467893E-01 -6.58969053880246319E-02 -6.00891527333925590E-01  4.49618602732937356E-01  1.25964515302589675E-01  4.29322412319701585E-01
  6.82535197025414819E-02  1.27489770567456001E-01  2.21658927072527157E-01 -2.11907822660917095E-01 -8.69577373185243148E-03  1.45664812317012893E-01 -1.73317420271078437E-01  3.21324360802104969E-01 -4.03547858526376313E-02  7.84149408710018703E-02  4.19480897098490069E-01  2.02860824503475479E-01 -1.32696277424764031E-01  3.41891143763600580E-01  5.03938326281094529E-02 -1.59032731491663970E-01  1.23252063796694733E-01 -5.95268340720568473E-02 -5.73663673221985332E-02  1.42301232380719234E-01  7.19024105472702985E-02  1.94381819664662975E-01  3.15664699783610059E-01 -3.35655199992833872E-02  9.24642787559552537E-02 -2.07338171688712658E-01 -2.20220807721506692E-02  5.53622068999808925E-01  2.93216831409263856E-01  1.36381746680425464E-01 -1.65925601088670965E-01  6.33786116654165010E-02 -1.02205881391829373E-01 -2.49601534791753010E-01 -1.10461244970866998E-01  2.22859190772705024E-01 -1.09664604032653296E-01 -9.92464180654996364E-02  3.50795929756238870E-02 -1.53499258587723397E-01  1.27804204807653796E-02
  3.52748307800163433E-02  3.21912692584044452E-02  2.70078927270825941E-02  7.31778508207553968E-02  1.00140772372237410E-01 -2.32330497565202201E-02 -4.80293483271267210E-02  4.15595983638667940E-02  1.47030273645069348E-01 -1.66689448971480865E-02  2.09117124059476855E-01 -1.71604287567396818E-01 -2.70984758592510644E-01 -3.33627816653589426E-02  5.04516669679438076E-02  1.33339657180929744E-01 -9.19491398235046387E-02  9.26475419440384029E-03 -2.11407056173292723E-01  2.00218638247001979E-01  1.55504960373010953E-01  6.05701730531779114E-02  7.68595619986441603E-02 -5.32823193759673144E-02  4.37829480943726257E-01  7.33426491008348225E-02  1.46160592067231029E-02 -2.43300068677754555E-01 -1.07022578199466208E-02 -1.01115753926025675E-01 -3.34754686857644923E-01 -1.80725371751550262E-01 -2.16293667837408082E-01  2.67996642140185981E-01 -7.67995965351204596E-02  1.61120750955482256E-01  3.37347945082240447E-02  1.58768788277665412E-01 -1.92472104379117159E-01 -2.47377673481492671E-02 -1.55296599428006582E-01
 -2.52308548012317273E-02  8.71876210457457890E-02  1.30766473817962497E-01  5.20124527165078676E-02 -6.04891924360611358E-02 -1.23779996101927678E-01 -2.14717160437590066E-01 -3.54411510836515953E-01 -5.47273232681483521E-02 -1.31124552170904879E-01 -2.60236918101182491E-01 -1.86889042149025381E-01  1.14225096969329601E-01  6.14477031775866461E-02  1.89190798993385464E-02  1.62505928667552257E-01  1.40216057813263545E-01 -8.61699253228431633E-02  2.31646728924804812E-01 -2.01406303193818803E-01 -1.66407448204339725E-01 -3.90334510640661658E-01  5.55747884894868954E-02 -3.65689360886937778E-02 -1.94272104395283252E-01  6.62693667032737410E-02 -1.60493102228478374E-01  1.34925974162913020E-01 -2.06993469947727604E-01 -6.74032791047042730E-04  3.37435544821524935E-02 -7.95557247419488994E-02  2.38676308966749851E-01  9.96632196167052814E-02 -1.42938269203370105E-02  8.59707012575641749E-02 -1.08521739562568623E-01  8.30105792673950377E-02  2.34787030714461858E-02 -3.46252041435120006E-02  1.47433098521080080E-01
  1.09896109791777122E-01 -1.27670722392608488E-01 -3.01117109811466888E-01 -1.65263865047875852E-01  1.61413147099346760E-01 -5.16294738009244747E-02  5.01255721077186051E-02 -5.19426547934246849E-02 -5.43004452850567171E-02  4.96268464627250994E-01 -4.90819010395813562E-02 -1.93308120472952566E-01  1.61303669776635163E-02  2.24307654366662945E-01 -2.42414554350087630E-01  3.48458403039650977E-01 -1.84854329495686073E-02  1.75761811055898054E-01 -1.45742059137749458E-01 -2.18584925170666987E-02  3.63446557605630188E-02  5.82024694615072315E-03 -7.47333621748727667E-02 -1.53582366353837763E-04 -1.06950532582124308E-01 -1.91806383994745255E-01 -1.20416060635809785E-01 -3.05218807999719621E-01 -1.45134334795710029E-01  2.20705659313322478E-01 -1.74849089061185958E-01  2.47316260813927213E-01 -1.52759472130070406E-01  2.77991126849614668E-02 -1.70484078794258587E-01  4.23117640338336737E-02 -3.37036456179189481E-01  1.87264955196580984E-01  7.34878331755157571E-02 -9.46643563236941321E-02 -4.61264199969202093E-01
 -1.54745232538972932E-01 -1.68411046581866647E-01 -1.42525386384984132E-01  1.33445681333867916E-01 -5.86833286140305388E-01  1.43599699058553992E-01  1.42398718949810071E-01  6.47213312537676944E-02 -3.08956584195889228E-01  1.30257544890702376E-01 -3.58843874419195408E-01  2.00136494527806352E-01  4.53300372934207718E-01 -1.05035630056578670E-02 -1.87028500221798150E-01  1.13063366869492449E-01  4.31674671164229418E-01 -1.81755604153708006E-01  3.52895334394101201E-01  5.52455017371588017E-02 -5.69541184837267234E-01 -6.38330517696001021E-01  1.99699661780399773E-02  1.79324739329545513E-01  3.82935654518038529E-02  3.18672147847120835E-01 -8.14555416960651979E-02  1.72585505446602866E-02 -2.32277977707017219E-01 -2.66095949105682517E-01 -1.69032403884476004E-02  2.01352328225559540E-01  4.93342741808599661E-01  3.23346857047130065E-01 -2.01423769471461983E-01 -3.50849149681925376E-01 -3.47552689643657819E-01 -1.05977502600439893E-01  3.57666573861863513E-01  2.80471377664414656E-01  3.88523033896135739E-01
  4.67032672288414247E-02  1.43429521026034013E-01 -1.63875501570377918E-01  1.40942057581053243E-01  1.71150088216733033E-02 -9.47527734713570075E-02  1.06502690820689014E-01 -5.86151810673532364E-02  4.72870164701793619E-02  1.18904466940525616E-01  3.90942451328578564E-02 -1.58190689365160730E-01  7.12871212320081438E-02 -6.14801461975323926E-02  2.64012274283101193E-02 -1.09553450318671461E-01  5.26463763462253140E-02  4.01089333060401343E-01 -7.14644873169280759E-03 -8.20527821718703559E-02 -2.86426634453116558E-01  1.20903502078860497E-01  6.46384861910366711E-03 -6.48921797989060051E-02  2.55407304203453291E-02 -1.42014608770069412E-01 -2.22640829596618073E-01  1.40088842383782747E-01  1.44569104816952093E-01 -2.67127824302436034E-01 -2.14449682859589652E-01 -1.21226263146891930E-01  7.54484412064235499E-02  1.51500989875220371E-01  1.90148170815355760E-01 -6.48311645705587636E-02 -1.27276196119251700E-01 -1.51238277064474874E-01 -2.57785341181022476E-01  2.29334727771397739E-01  1.48952597817105070E-01
 -5.57755858025010820E-03 -8.76630464957949412E-02  1.06469728691810192E-01  1.70108366838030572E-01 -1.66976995039032794E-01  3.50755816168476856E-02 -1.16637486650480141E-01  6.39295188793493202E-02  1.80033202419508181E-01 -3.80080125402640773E-02 -1.01609800641765072E-01 -2.53693261654972857E-01 -1.83292715547723722E-01 -5.58010681614802620E-02  1.61975240393842479E-01 -5.10347493583138065E-02 -4.24919421402759692E-02 -2.04601433195392646E-01  3.81155943231851368E-01  8.67284199229513691E-02  2.95128889217873058E-01  4.70288018053599127E-02  2.62080582239068750E-02  2.38720279986764788E-01 -1.34068076126073354E-01  1.90752357248978127E-01 -9.77841953850148125E-03  5.75102021015040099E-02 -3.10373464749944095E-01 -1.87908430772317031E-01 -7.38350216827815820E-02 -9.87012258758345196E-02 -6.65545100972945447E-02 -5.36409388751604502E-02  7.31886731503573473E-02 -1.89225030687573265E-02 -1.61678763828422778E-01  2.07388083562825398E-01  1.80547079186300780E-01 -1.21407780743839788E-01 -1.02859965778416745E-01
 -4.46359850530353222E-02 -1.32840234784891820E-01 -1.67254708352390674E-01 -6.74326946777335512E-02 -8.87972237390808328E-02 -3.75397041594298592E-03  2.15161167453221308E-01  5.85602247858509149E-03 -4.37448002136455044E-02  1.72960329611209523E-01  1.28406757457525778E-01  2.39481317730816934E-01  2.64495016804904448E-01  1.03131411143494653E-01  1.66524474634234532E-01  1.95020381602328569E-01  2.03914286662841948E-01  1.92925065929676377E-02  3.86502899375242903E-01  6.96933469638476438E-02 -8.94336527170023522E-03 -3.60276804903664205E-01 -6.00921155324081208E-03 -7.42564084861638274E-02 -8.99901442119227651E-02  4.83301907873100803E-02  2.22007302536214396E-01 -9.93400280769294632E-03 -5.69050548630273823E-02 -3.64841890223263632E-01  1.58683739131977919E-01 -1.93709073348473176E-01  1.01966507158271463E-01  1.21227529751404828E-01 -3.22255840669650906E-01  1.01309936557072169E-01 -1.08171798948073841E-02 -5.95601940537935498E-02 -1.79400216805009165E-02  2.03030243502094393E-01  1.80753113173585001E-01
 -8.81996274699271970E-02 -4.09191529539395041E-02 -1.01989020851579765E-01 -6.39001261841175110E-03 -3.24418398440270483E-01  1.49802305034981986E-02  2.80871250904948300E-01 -6.12556433183433849E-02 -3.10862552628932476E-01 -3.51421661542082805E-02 -2.58249985157772588E-01 -2.95671462577117294E-02  5.92101793271162080E-01 -9.96184579107813190E-02  8.88941096902521634E-03 -4.18454888167627964E-02  7.03407611476385003E-02 -5.37448718091219413E-01  2.42144951770943667E-01  1.71533993947414060E-01 -5.72862472896110808E-01 -3.31030436998704769E-01  1.33598101431286004E-01  8.31820705911913844E-02 -2.08451594028381870E-01  3.06513556433322932E-04 -2.74373793346514433E-02 -1.07404724111941421E-01 -3.16228261258076487E-02 -1.00686448899178244E-01 -1.56825495937352233E-01  1.51962800116863823E-02  2.60934018569852100E-01  2.64305089378718605E-01 -3.45635034579522549E-02 -1.82091489753253150E-01 -1.08644355879914237E-01 -2.62258235093934033E-01  2.52678462338257609E-02 -1.40120420972968673E-01 -4.18751166289891230E-01
  9.17508127666540885E-02  2.75243282991898874E-01  1.03194491943856645E-01 -7.54188742451523952E-02  1.88888534339471781E-01 -9.25252897382204328E-03 -2.25605949428080606E-02  3.37894359355726988E-03  6.72633078014854974E-02 -6.76623684129914749E-02  7.70345575608348959E-02  1.40405066053827882E-01 -1.63841097983301487E-01 -9.86481425330419659E-02  1.33448841304951576E-01  1.84691851657948991E-01 -1.73424514884454040E-01  6.97165427054657061E-02  1.51742191699168931E-03 -1.07570949325507453E-01  2.83144060284815924E-01  2.17631434029446985E-01  1.98803969626423320E-02  1.91804509792756928E-01 -5.57957943610562224E-02  3.94326661411358859E-02  1.00300743537226539E-01  3.84793957896888472E-01  1.03562649269140661E-01 -5.56300760356383400E-02  2.22476956504053941E-01  2.28298808955152643E-01  1.01753150106486251E-01  3.58177334906766842E-02  1.36195921337839115E-01  4.71821624437761961E-02 -1.05222114816005699E-01  2.60825227017575378E-02  9.26295936621240046E-02  2.31790604550238012E-02 -9.39910907152890635E-02
 -8.84801643954992272E-03  2.23964325280610471E-01  4.33115018112902594E-01  4.88331644719288624E-02 -1.82609473924348759E-01  5.72204570924899278E-02 -8.74326961507922024E-02  4.99610359858411457E-03 -1.40721784457331026E-02  3.23416427201069667E-01  8.69591820142607240E-03  2.54857085207600864E-01  2.72087209313563311E-02 -4.69968118557147901E-02 -3.52218268509345220E-02  1.90496154281951019E-01  1.35930907807634060E-01  4.31942392196437652E-01  1.22500089138870880E-01  6.81509049915239445E-02  1.76196286652752221E-02  3.42694141285144888E-02  2.28960340150727044E-03  1.86636772526695305E-01  2.30553229973320173E-01 -1.81501010408399194E-01 -6.19850484429802576E-02  1.00737865037977423E-01  1.31920094599757343E-01 -6.61990839781553125E-02  7.89032278208924298E-02  3.35043275166108309E-02 -2.65523558503303024E-02  2.74517262581828791E-01 -7.56770484809756502E-03  1.52271096176472664E-01  1.96172935438386070E-01  3.03091825002451520E-01  1.05484318203445636E-02 -5.79108911691987097E-02  1.69281427912747862E-01
  3.78156177929116696E-02  2.80051718698931584E-01  4.32737505002434783E-02  2.45645963013349844E-01  1.57196526494250449E-01 -2.02204319259077669E-01  1.12787501372514726E-01  1.33338734030169825E-01  2.99798592203012637E-01 -2.25549142566610211E-02  1.34401307684563681E-01 -1.52901216462523193E-01 -2.90931551917764597E-01 -2.09542623818039231E-01  1.21618623169530052E-01  4.18934914988963111E-02 -1.63519847540409186E-01  2.36892881618760570E-01 -2.34212953478472208E-01 -1.87285099829772955E-01  4.17275417331630982E-01  2.54101038073520913E-01 -1.49765263790489350E-01  7.25576664552255307E-02 -2.41768650745482122E-01 -4.44323785116663914E-02 -7.97640005256416429E-02 -5.65399922284176293E-02 -1.20789713256950509E-01  2.49245187998760859E-01  2.51676766379376970E-01 -1.78619042241073521E-02 -2.01665690518912061E-01 -3.64060213828807586E-02 -5.48200328188711006E-02  4.33652931666876962E-01 -8.56280711140336437E-02  2.01195231180483047E-01 -2.55672529219037603E-01 -2.14772274636137545E-01  1.18956465359658287E-01
  3.85420625618859772E-02 -1.31862378160392285E-01 -2.05180882031975070E-01  1.95238661545983461E-01  5.08470759583150092E-02  2.63766552588295400E-01  2.29427580213926674E-01  6.85404608994231584E-02  9.73176977671097593E-02  9.83211493261291758E-02 -1.79816467426706789E-01 -9.50849500616929161E-02 -4.62147878743693508E-01 -2.01863545254395954E-01 -1.35611019758231671E-01 -1.95864739547107813E-01 -2.07518272122475866E-01  1.86361039666231382E-01 -4.65939648987565014E-02  9.05254890924034883E-02  3.40058469434120714E-01  4.60465994695336389E-01  2.35867573179261332E-02 -2.71853851496613563E-01  2.35780676598091904E-01 -1.76288896708317905E-01 -1.18694334331606241E-01  4.24352959170813782E-01  6.15853910344243347E-02  1.74500410243736997E-01  1.47503746232849758E-01 -1.23869272938116740E-01 -2.78819553878507098E-01 -2.10551640856268506E-02  2.01219688296243704E-01  9.62183955258016921E-02  1.66290555090210540E-01  2.09539073322836084E-01 -3.97303487258209576E-01  1.43214938006865661E-01 -3.03634101815659696E-01
 -6.55267056254649483E-02  1.28850480591972710E-01 -2.40924532480685627E-01  1.19450416256482825E-01 -7.14984538399104363E-02  3.43969205953263302E-01 -1.90844868298490539E-01 -3.27366443510790861E-01 -1.00443860230563453E-01 -3.54504399797124364E-02 -4.28534293222676999E-01 -1.81228450362115268E-01  2.52278779173001011E-01  3.05072852896316471E-01  3.92735228766034006E-01 -3.02518163196621101E-02  3.58119652007322153E-01 -1.26318158032618061E-01  6.03004341812767408E-01  1.48535750399181876E-01 -5.42693252338446674E-01 -5.68245804103733376E-01 -2.61954796225549180E-01  9.03174139749210736E-02  1.08207491303642905E-01  1.15603409772188373E-01 -3.39191750207332887E-01  9.99543786004056592E-03 -8.95562718605897173E-02 -1.52618150583986645E-01 -3.89881782952327061E-01  7.38780069424787161E-02  4.59197078833700645E-01  2.30074394931491233E-01 -1.26438794426861290E-01 -6.84321145445058732E-02 -8.05620562030133491E-03 -8.68863720832834807E-02  4.14524228927765692E-01  1.07802302216585932E-01  1.53228037274038623E-02
 -1.02295827854602204E-02 -4.10017161132367802E-01  1.87541454049335365E-01 -1.98063849794092972E-01 -1.97990779253117671E-01 -7.02095708782586314E-02 -2.73825783993979666E-01 -3.26546225793684974E-01 -1.03006247044974686E-01  5.87046594080557760E-02 -2.63128579680308970E-02 -1.49381261259984632E-01  2.43035197747741155E-01 -2.95460255044405817E-01 -2.71821903243189500E-01  7.96262338962598210E-02  1.80906775749842402E-01  8.90115754713197843E-02 -9.68254148645751739E-02 -1.66097157320625266E-03 -2.84563795600953462E-01  4.18201989991070361E-02  3.08517078067031325E-01 -1.82509719733338183E-01 -1.85099341812203277E-01  3.18228930513709922E-03 -9.58002267458775564E-02 -1.13482011581596043E-01 -2.46872485006862957E-01  2.79960718084476187E-02  4.20093569792832980E-02  1.92178160983118546E-01 -8.12060769911105013E-02 -1.47183344015723444E-01 -2.15553175575208811E-01  2.87470321694924869E-01 -3.81105327447300857E-02 -4.37507062142282466E-02  9.87667935847280631E-02  2.44458263995206634E-02 -1.42453126742063136E-03
 -9.51779274279792309E-02  1.61037952673678347E-01 -1.03547856276813927E-01 -5.82927091552724388E-02 -1.74626649884740776E-01  1.04301553201179148E-01  3.46625440595031087E-01 -3.33550160591525424E-01 -1.11851471553356202E-01 -3.02980758419937879E-01 -1.42509934548806283E-01  2.07981566292199022E-01  2.94862486419936835E-02 -2.61494667577140461E-01  2.85623728787766484E-01 -1.08666746739028527E-01 -2.21165308344623002E-01  1.22498978740775200E-01  9.74109391578730360E-02  2.52046656258917423E-02 -2.26168939503969768E-01 -1.21805014783435736E-01  5.77227553856823131E-02  4.26708156020607979E-02 -8.28086302844459610E-02  2.26847424690350769E-01  2.78490211413722100E-01 -6.30310662956203166E-02 -3.41273248217295122E-03  8.87081419368680388E-03  1.83000863658609125E-01  8.73993369889829175E-02 -1.33748496813410972E-01  1.25094464154241303E-01 -2.87703589167855635E-02  2.39598621879395596E-01 -2.64742034181356667E-01 -1.41782954332630579E-01  1.72493206911624786E-01 -5.01765679842447188E-02  1.67314224872158163E-01
  1.72408100254179297E-01  3.11028124539176332E-01  1.41782986235329589E-01  4.66290782229169809E-02  3.59080323001594426E-01 -8.69483823699667840E-02 -1.05456296841390670E-01  4.77085243283951299E-01  6.99479816247213781E-01  6.60035951932320952E-02  2.68554002982735407E-01 -9.96894119497069575E-02 -7.02181019407494555E-01 -7.03689429081073431E-02 -7.26151534060899551E-02 -3.23712028022630549E-01 -3.05506256727919423E-01  3.27781335016151643E-01 -5.12905834299104524E-01  3.04028974015464859E-01  6.66183405296611797E-01  2.59369938411539103E-01  1.24116641653954696E-01  8.59124061778495096E-02 -1.26310723141853876E-01 -4.53639839559848213E-01 -5.07727674748557414E-02 -6.46193110319922270E-02  1.10436830210974959E-01  2.43624672970916140E-02  3.55697680126422722E-01  1.04603708980817334E-01 -7.26562845709200600E-01 -1.36445708265652360E-01 -7.39214757193713962E-02  5.54822570855623032E-01  1.53108762068161486E-01  4.72465907314050970E-01 -3.19437906320397758E-01  1.67122497678530463E-01 -2.11688987560690739E-01
 -5.72880782510405209E-02  2.67303799191496549E-01  1.91526045857125210E-01  2.39851370472672659E-01  4.91273696029577364E-02  1.71710916315016782E-01 -1.95370223081583666E-01 -1.10724147563629097E-01 -3.44598531878929581E-01 -4.30067369356967988E-01  2.03703170278439566E-01  2.23521916458651076E-01 -7.66118416585485490E-02 -3.96561962565260606E-01  1.88081925816232759E-01  6.48413471487666732E-02 -5.59922955875554462E-02  2.24425330260739110E-02  1.30826894896761275E-01 -3.09901895983197895E-01 -2.91810354383007342E-01 -2.92843808701478935E-02  1.17267435786761409E-01 -2.68623927704712995E-01  5.43240525773260111E-02 -1.57673752133841882E-01  8.54548996146828749E-02 -1.64491035987750306E-01  1.39605981659379874E-01 -1.50464365663171784E-01  1.59472052150434279E-01 -2.05968605148105388E-01  2.05813376677016074E-01  9.03561858544087576E-02  1.20642353824380696E-01 -1.47650727084780553E-01 -3.45730715109681508E-01  6.70010322295454264E-02 -1.87026942282046721E-01  1.03135242443402761E-01  4.15432137921465730E-02
  6.39082341195785913E-02  2.59610430418906087E-02  2.79726111497774377E-01 -1.35993704222099360E-01  8.36508648267147853E-02 -8.87307226824096823E-02  1.70474104168244767E-01  8.17931891352154938E-02  1.70357954829375297E-01  7.52921099388951381E-02  3.12549132493087495E-02  1.97784975711139316E-01 -9.60890478448455099E-02  9.31133906448899755E-03 -2.39876617768824907E-01 -2.06559070277725659E-01 -1.05412086851543269E-01  5.67909945208051603E-01 -5.43718491743113985E-02  1.15453260617019299E-01  1.62839497487392071E-01  1.05191951403802525E-01 -9.96263416598280362E-03  3.69788275618810197E-02 -2.34181802466285144E-01 -1.02573293304404858E-01 -9.39883495231261384E-02  2.13604060188822747E-01  2.38118019071867186E-03  1.70432820737399876E-01 -3.14910330065252958E-02  1.51681769427561730E-01 -5.10710365269722855E-02  8.06560936195154649E-02  4.88399912589327426E-02  7.41953019499611149E-02  9.46257420306439306E-02  1.89396391022371352E-01 -1.96096705923087172E-01 -7.35425470488488831E-02 -2.09779624186087699E-01
 -7.95807787799406308E-02  1.20613573975859534E-01 -1.11248227236369970E-01  1.76476709605743409E-01 -2.06296636320336541E-01 -1.22318033880758514E-01 -9.44718155063853232E-02 -1.28464946964695792E-01 -1.48461490056226664E-01  1.07144422678011539E-01  1.67140214190886288E-01  2.93815518295030664E-01 -3.82060449102067587E-02 -2.57024681541247080E-01  1.54009723122961073E-01  2.70370272157894109E-01  1.32921624974467762E-02 -4.33926872785395726E-02 -7.86188289251154027E-02 -8.21765837955291401E-02 -3.29683519600170172E-01 -1.68696583323432077E-02 -2.14099753092236139E-01  8.48446234030758445E-02  4.52650930264916623E-02  2.30480158337982410E-01 -1.07506651972515931E-02 -2.38701976939118210E-01 -6.16495542675649238E-02 -1.00962014330078065E-01  1.32939104121173074E-01  4.63943526994755676E-02  4.93716281554491647E-03  2.78949212957059267E-01  2.29425277911048636E-01 -1.96664048131212493E-02  1.38665091031886512E-01  1.08614726035668158E-01 -2.47962109126297459E-01  2.03381603117795379E-01  1.72720904477716986E-02
  3.20006631862916280E-01  1.93592565754548085E-01  2.43866227213550585E-01 -5.43623380939485742E-02  4.10867602915860219E-01  2.55075949810929903E-01  7.12186882796869564E-02  5.73722490479718239E-01  5.46638943782354114E-01 -3.59002849573476501E-02  6.04031088757940759E-01 -2.31578465326852140E-01 -9.75135310577650349E-01 -1.92427289549924885E-01 -3.02443562781951669E-01 -2.56331780522912556E-01 -4.87601897637414017E-01  7.96305450956514504E-01 -4.78726702740648435E-01 -2.90079393744615277E-02  1.05308872731187919E+00  6.98758617221275302E-01  7.22499267422130331E-02 -1.49536050158697892E-01 -1.05286666744966825E-01 -4.30368207320680096E-01 -1.47185263971117350E-02  2.39368572974634319E-01  4.42102925969777849E-01  1.22376583118207274E-01  2.31310892048140648E-01 -2.23557067795382647E-01 -9.37576820929139076E-01 -2.72827477510369620E-01  6.56604898120759783E-02  5.12563496939003826E-01  9.61906201738914057E-02  3.62869334267974075E-01 -6.04898545820063527E-01  1.69147823724095647E-01 -2.82666303882647851E-01
 -1.35836468460199533E-01 -6.29850905121553256E-02  8.54648485468410268E-02 -3.69237046151311865E-01 -1.03937084128563950E-01 -5.40681715744243743E-02 -1.46036590440516645E-01  2.42976230849946476E-02 -4.00406185721454644E-01 -2.38608319627085091E-01 -9.48623408546096364E-02  1.66801147256369853E-01  5.04301112332923018E-02 -2.39014348939571519E-01 -1.08131545826198727E-02 -5.57791303650662165E-02  3.72628102206733813E-01 -7.00940359039717575E-02  2.89669951747875909E-01  2.12480113980171650E-02 -5.45589859123167931E-01 -2.42254690203556527E-01 -2.88549845771646218E-01  1.85794520816168596E-01  1.82983478514599757E-01  2.62351997838088435E-01  8.22158118916897773E-02  3.31441653136226519E-02  1.65225293312434157E-01 -2.45659429165665910E-01 -4.60952341685136879E-02  4.22351752540834680E-01  9.20974445518576434E-02  1.99422108964195821E-01 -1.03463787084013645E-01 -1.19435506137014535E-01 -1.67180349987487792E-01 -2.31050136700137299E-01  2.56593139955579530E-01 -4.42917288774048901E-01  9.67286641347967907E-02
 -9.22391534492032206E-02 -9.17293199740601972E-02 -3.65526972859546495E-01  4.57328412464095724E-01 -2.75007192072898365E-01  1.55647749401363472E-01 -8.38263135227182432E-02 -2.03614264515529553E-01 -2.49514640863082005E-01  1.44366660723663748E-01 -5.38468016652489650E-03  5.13481600074465472E-02  2.80553680718629517E-01 -1.42538430123758855E-02 -1.87625385487371094E-01  1.36264310992948973E-01  3.08935365738124801E-01 -1.98049037755331947E-01  1.63536619151157747E-01 -1.51388305607472202E-02 -5.85300236522362294E-01 -1.20333792928491140E-01  7.47426505719613887E-02  2.19666194289467404E-01 -1.81313023819624247E-01  2.06735203809634310E-01  4.18489910154477507E-01 -1.73988519533243541E-01  1.18916489607755707E-01  1.54715556257362302E-01 -4.67830070891187902E-02 -5.62164522360334047E-03  2.60867352788157258E-01  5.64970799302019974E-02  1.04339173985476777E-01 -8.95589180027640541E-02 -1.58160086751546469E-01 -2.77431326751342133E-01 -1.61846632328834254E-03 -5.59255892437058033E-02  1.81825913443085629E-01
 -1.53169321511627210E-01 -2.41519427841359463E-01 -1.88729498993140288E-01 -9.85179705754952589E-02 -5.13096601195042301E-01  4.89236630090412235E-03 -2.04947999306664234E-02 -2.73494788054267524E-01 -1.17019001453303184E-01 -2.41152265718654307E-01 -3.33919847206447351E-01 -1.37864561850911727E-01  6.35197249581519879E-02 -2.27494653890513085E-02 -8.81918256392693473E-02  4.14017424349009469E-02  1.89110912327275615E-01 -3.82775397193812095E-01  1.44130639078650619E-01  2.69081469409265528E-02 -5.59198748912921206E-01 -5.28076748949521058E-01  5.82471638295805130E-02 -9.39579226412821794E-02  3.43874544419647710E-01  1.07528695770895036E-01 -2.04892423656046790E-01 -1.07820792127390097E-01 -8.09862510907260053E-02 -3.32318249480131278E-01 -6.28782697487139941E-02  2.66392829628516403E-01  4.71782780909724142E-01  1.18391359106121102E-03 -6.59614862841294003E-02 -1.37371452215676843E-01 -2.21883883277541993E-01 -3.01269476669552227E-01 -9.79073148772808405E-02  5.32714550263142239E-02  1.55088275648312512E-01
  1.44772003105124780E-01  4.14845438488860518E-01  1.17246200765935310E-01 -1.36822344344219193E-01  2.51460438536501851E-01 -6.47447530471477739E-02  9.68267231004381057E-02  3.28900296139753412E-01  2.39002403134542685E-01  1.65697862949203856E-01  2.07407874244899787E-01 -1.65342294914917198E-01 -4.02683054953937636E-01 -2.15590629937648465E-01 -1.47874568435342829E-01 -1.44714452391539350E-01 -9.51155827880572208E-02  7.18852653329903335E-01 -4.57708978844784342E-01 -9.61793799541811600E-02  7.39453738884398248E-01  5.04395252894770385E-01  1.94335446823469177E-01 -1.96972253504256567E-01  2.26171717526206267E-01  3.88168695371114772E-02 -2.36545667794574921E-01 -5.41030354314462961E-02  2.12527976364123100E-01  8.87911840822030035E-02  2.17455331216194148E-01  1.72699985990016347E-01 -3.48459120005898237E-01 -1.40130512038027538E-01  1.56181485823223970E-01  3.76142649710399166E-02 -1.49466369831285167E-01  2.45339311816574562E-01 -5.57336448255466466E-01  1.20787046555465516E-01 -1.12845298169653968E-01
 -5.34954867056110488E-03  2.53438719172459463E-02  2.29947386185945624E-01  1.90926168504961580E-01 -1.50784820024698785E-01 -4.75290571933933495E-02  4.02042465555981554E-01 -1.89015864232615044E-01 -1.63368491588237408E-01  2.11409864476079686E-02  2.53275575775023416E-02  7.16482568571638473E-02  3.29672307709186416E-02  4.80987492243733994E-01 -2.13883703136529164E-02  1.67388930805467434E-01  7.05348333855774223E-02  1.10145553553852391E-02  4.53103927700730449E-02  2.46304039706585348E-02 -2.76243601646269321E-01 -1.71159930888231532E-01  6.49310405148103287E-02  1.41916829381485837E-01 -1.31730240205906336E-02 -2.01304425389342317E-01 -1.26077868032332552E-02 -8.61974604259341942E-03  5.90310693338405995E-02  1.24377682469761025E-01 -9.52157198584520914E-02 -1.35599012050839907E-01 -1.35715620068206172E-01  1.14634339735235485E-01  3.51862420430923695E-01 -2.66198269054010617E-01 -1.18083066118626762E-01  2.14087992020078693E-01 -3.60150176146172007E-02 -9.53644499733221213E-02  1.87101005898985095E-01
 -1.28831746448257539E-01 -1.14029761885553305E-01 -2.06826578470676703E-01 -7.57720183646139796E-03 -2.74929699736832622E-01  2.32269709566970323E-01  1.01506468703707983E-01 -2.64010748508913651E-01 -2.43831029141991840E-01 -1.82154887455248035E-02 -2.71926875265004024E-02  1.50061808614747411E-01  1.12782371286688873E-01 -3.83331315441328979E-02 -1.62210275218773903E-01  4.16057423038887764E-02  4.76873786403462507E-01 -3.61818954636702623E-03  2.59225501399122149E-01 -1.99058943210756512E-01 -2.43401530090310542E-01 -2.44487068935490853E-01  1.01952707061423817E-02  9.10543355972186635E-02 -3.71499975183470443E-01 -1.38174107536790047E-01  2.84320697734570360E-01 -1.39970247304257826E-02  3.96886620239435897E-02 -1.74926125187221358E-02  2.53468002297211670E-01  1.29801790612481399E-01  3.47604651555457445E-01 -1.42462549035331620E-01 -1.43555593772440065E-01 -5.32830474785769490E-02 -1.72757575868064839E-01 -5.76458428409747439E-02  2.81764045484689529E-01 -2.30955515997416122E-01 -5.41139054710142939E-02
 -3.21171131292547901E-02 -1.52402460904847797E-01  1.25236177192032342E-02 -6.12081425231181184E-02  2.55608696874136510E-01  3.11331973283765162E-01  2.16863016976578706E-02  8.37473917695116254E-02  7.79412060205336849E-02 -3.54993741724853096E-01  2.17772587278229311E-02  6.70645600649177331E-02  1.92031664278634710E-02  8.24742255406919478E-02  1.36122004709960720E-01 -9.31487512887770597E-02 -1.82417726472712871E-01 -2.73147703626996474E-01 -4.95901800623977998E-02  2.35873324952464158E-01 -1.10587168701231295E-01 -1.02424734381414667E-01 -1.32550976042165369E-01  1.60826972747774577E-01  1.37288006452769368E-01  1.39256005531450844E-01 -1.37723478787601078E-01  1.62163395352721007E-01  3.32581437072168098E-02 -6.59666003235521159E-02 -1.73989771243679786E-01 -1.70444863998712559E-01 -2.55603649410012346E-01 -2.23295155352975283E-01  8.53773457640034233E-03 -4.27875827507845086E-01  1.26057795253839172E-01  2.19303965553470148E-01  7.99236180997428547E-03  1.69680723251238869E-01  2.10956359090593598E-01
 -6.41174926525596295E-02  1.82058157852306515E-02  2.46675314794449929E-01 -2.64731549745241157E-01  1.79723402911858621E-01 -1.28016022902716964E-01 -1.10705258543034563E-01 -7.38195045902280550E-02 -2.44364969114723413E-01  2.45349065066953309E-01  1.27088444065641210E-01  1.31857955477446220E-01 -7.87700645537362659E-03 -9.90269685215142137E-02 -1.86531924110479974E-01  2.59244707573969391E-01  1.40240378109499575E-01 -8.83107140907360838E-02  1.92171513673333287E-02 -1.52422302837217472E-01  2.20166562646554181E-01  8.35888577501467389E-02  1.05422709769488129E-01  2.05164001588852313E-01  1.99178629239622845E-01 -7.52998155105677035E-03  1.00287075080980240E-01  2.23619986877647531E-01  7.48359360378872841E-03  1.75782491318623030E-01 -9.63191541581930877E-02  1.35348725346576132E-01 -3.93633370993246468E-01 -1.00264467994446341E-01  1.18694298272001897E-01  5.06074217293180431E-02 -1.25981684944162769E-02  8.34273085391141062E-02  4.13347538174724735E-02 -9.91792324611906889E-02 -3.09216888472955864E-01
 -1.71901969720088211E-03 -1.45268269229339470E-01 -3.68416514489562030E-01  1.58614831312957442E-02 -5.17544018959217977E-01 -2.50321942572736711E-01  3.00240522683034972E-01 -1.13598630979242415E-01  1.45455084202269075E-01 -1.64164735490349503E-02 -1.99819978401641674E-01  4.92471058672216078E-01 -5.74656047661572453E-02  5.88542339358503960E-02  2.31240264397875261E-01 -1.17928690671453271E-01 -6.78492134576211825E-02 -1.51228128819397428E-01  1.21215534223041918E-01 -2.55255798189870209E-01  5.11802244573444920E-02  1.07922775454688244E-01  8.86017877624199340E-02  7.78029155792734628E-02  4.90274832429654431E-02  4.03925614592143822E-02  5.00277977875081131E-02  1.74237612615455034E-02 -5.32675840132172881E-02  2.73412897678650624E-01 -8.35214973531773902E-02 -2.34488360347174851E-01  1.93785253488214543E-01  1.62925507488196647E-01 -2.44382160578429014E-01  1.02318230541681727E-02  2.91600396836165676E-01  1.18553971765977970E-01 -1.03379641017275356E-01  3.11945174493432342E-01  2.60356928792897513E-01
 -1.09861671156573665E-01 -2.88629781418705822E-01  4.00672735741567587E-01  1.05412582941207866E-01  4.11610198249583933E-02  3.80919046789791493E-01  2.84460380803765900E-01 -6.69419407245205322E-02 -2.34779699722099278E-01 -2.54784795380049453E-03 -1.71721752634095393E-01  1.09538760266574761E-01  1.77874089669233154E-01 -2.63357570170836497E-01 -2.59990056954200431E-02 -1.02615269706174420E-01  4.61414159654546907E-01 -4.69145715013542963E-01  1.34566152432102709E-01 -1.63528480503311507E-01 -3.99254866307010792E-01 -1.70734574901950487E-01 -4.26738176132518687E-02 -1.51872157710254939E-02  2.80791414088052083E-01  2.65468306158644085E-01  5.47290855885103344E-02 -1.12001271425113944E-01 -8.71996648841189964E-02 -1.94921153752059706E-01 -9.77923699651016796E-03  3.10164329557127583E-01  2.01062358103471672E-01  2.18401713983266722E-02 -1.55002625258054333E-01 -3.77036656210607835E-01 -1.12293356413074502E-01 -1.47345442880588484E-01 -4.64256883904943900E-03 -1.38518401088594811E-01  1.22691973775073002E-01
 #l=           4
  5.60840999386152863E-03 -6.79604840180509095E-02  9.65967732642884491E-02  1.70069321743376162E-01  7.43119565165615975E-02 -4.05609920759606377E-02  1.78514330148824479E-01 -1.86625140007965123E-01  1.62793325943445366E-01  1.27770904028616403E-04 -2.60805621676480970E-01  1.90570920086754331E-01  2.02104183249161740E-01  5.92494732289029005E-02 -8.39583272451556312E-02  6.48344319451629181E-02 -1.74974023118144778E-01  2.20665661915438294E-01 -7.84519304235087589E-02 -1.16487565759377118E-01 -7.38909100729844420E-02 -1.11198495641048736E-01 -1.87276291723265625E-01  4.98459582372256516E-02 -1.39160379991867283E-01 -1.25911264547098681E-02  1.27688061402565667E-01  3.79907130434205653E-01  1.17023676512898758E-01 -1.80872451703828901E-02 -3.11899502247511728E-01  1.81826386821275804E-01  2.34233223446979305E-01 -1.12506912187445296E-01  1.55199814687884019E-01 -7.32653920921940705E-02  1.61446300271482157E-01 -1.79065316855610196E-01  1.63191374261037851E-02 -1.84607179450285597E-01  6.10052867200612525E-02
 -5.31913055176499727E-02 -8.75912595529147048E-02 -9.52271223028328812E-02  2.89792407304419075E-01  1.32934296471641150E-01 -2.03679061061729560E-01  3.18239672806129414E-01  3.80505336122387156E-02  1.31327450809524793E-01 -4.92116180088166377E-01  1.66694235612182218E-01 -1.05970331412852684E-01 -2.83648957064500003E-02 -3.80394946971089887E-01 -3.58616522682515149E-01  1.75234638037988950E-02 -6.37604782669568410E-02  5.12793224292436775E-02 -4.92208753255339249E-01  2.56488086233219559E-01  2.78473863546710831E-01  3.20287335084485147E-01  3.53789622443905272E-01 -4.58507184692107495E-01 -5.12071908306475643E-02  1.10734457209233403E-01  2.58131240519406391E-01  1.91413148346744860E-01  1.65608078279412263E-01  2.02087375716703599E-01  2.41251845748963384E-01 -1.67464777010681520E-01 -2.58981777347829734E-01 -9.31340297998916600E-02  1.08892870089082466E-02 -2.81409817836146436E-01 -3.14022015626316042E-01  1.93179649891172672E-01  1.49581228798289584E-01 -8.32905755674285958E-02 -4.89385694293676399E-01
  4.00498398674419970E-02 -3.03148810236994783E-02 -2.41026200247903916E-01 -4.33948887519085627E-02  2.04154117785515010E-01  2.29669928465803447E-01 -3.34318067514000894E-01 -1.85195704598828864E-01 -1.64691456562214913E-02 -5.55720686136706443E-02  7.03133023022040893E-02  7.82294424936724325E-02 -1.67856468900565881E-01  1.05610286234109965E-01 -3.53429650504365478E-02 -7.69338208362403964E-02 -5.51643058504790521E-02  2.09671477820207956E-03  1.81365892588633115E-01  1.53016705185455876E-01 -1.52031536599205958E-01 -1.44376199441149156E-01  5.85248287804794112E-02 -8.41666654511613881E-04  2.68832460702833273E-02 -3.41338338437019051E-01 -9.55881786081527740E-03 -3.06969884701812712E-03  2.26267767158098598E-01 -2.55216190277877009E-01  6.41687705374151401E-02 -1.93805927507922332E-01 -1.95453887215388637E-02 -3.44563316445212764E-01 -1.12789154667800526E-02  1.14979065032669289E-01 -2.44152986989847026E-01 -1.48668630059841322E-01 -8.37683197044632455E-02 -3.49082210530981096E-01 -1.97315811941693418E-02
 -1.07947021935108460E-02  5.00607764454379447E-03 -6.45742770856246734E-02 -2.53417981189819168E-02 -2.04626667456296422E-02  4.43906484380201874E-02  3.06147968458635400E-01 -1.88945738898636972E-01  1.03699015417055701E-01 -1.38648722951986658E-01  5.84515805265864441E-03 -1.33725207113238709E-01  9.76131984668238140E-02  2.80707999289279031E-01  6.82027255352549711E-02 -4.57917578070799122E-02 -2.10377919232189292E-01  1.55206452927240057E-01  6.96495406298547892E-02  1.15158476770664001E-01  7.01062799047847129E-02 -8.12278498130057786E-02  5.13133433956792298E-02  7.85717726134159758E-03 -2.77742645077372563E-01 -1.11670781283519215E-02  1.68497033355000575E-01  1.29567931235602563E-01  1.32009622526758186E-01  3.66046722180809192E-02 -1.57837842292791436E-01 -1.52890583929615551E-02  1.48116275461139257E-02  6.38238180796088794E-02  9.24134676632709651E-02  1.34521024997505453E-02  4.71303558334414188E-02 -1.01436540109503134E-01  3.81184186688266835E-03 -1.00944635098293017E-01 -4.32724215678724350E-02
  7.54895044122964043E-02 -1.00462086579777274E-01 -1.09518650123530265E-01 -1.21816908739425106E-01  1.51673140440094195E-01 -1.01526505785902790E-03 -9.55646326322461825E-02 -5.24815276065845548E-01  2.44008802729844765E-01 -3.19727364417500159E-01 -1.83038129878512860E-02 -1.10337366935370398E-01 -1.10552059441992950E-01 -6.02790018395146614E-03 -3.40728745844871117E-01  8.40563119800968456E-02 -3.16730705510077318E-03 -1.60419407851831314E-01 -2.67437251388974950E-01  5.21714780489581226E-02 -5.65324464419479228E-02  1.57320942837660571E-01  2.02450383453251725E-01  2.82460435978068624E-03  4.14266381042278434E-02 -1.60904508671242568E-04  4.24098128311538480E-01 -1.55895881926865404E-01  1.40524329361336409E-01  4.89889086326649598E-02  3.06977663979175253E-01 -5.12032698385436524E-01 -2.00193190661886566E-01 -2.34748543455277514E-01  2.97178554775584636E-01 -1.20720839521416226E-01 -4.39587371894760610E-03 -6.08400679620524978E-02  9.20220664040198449E-02  2.30328723259273976E-01 -2.08746131901284965E-01
  2.96583748520110047E-02 -3.63962354584333458E-02 -1.57231836260338709E-01  1.09989759776272122E-01  7.15204347356309528E-02 -1.77421620682739284E-01  3.57783663899791660E-02 -6.43299349024988726E-02  2.29546538178145410E-01 -3.53285344381792321E-01  6.41915170708714095E-02  2.68574324514103922E-02 -6.01070506635980467E-02 -1.78622059626855512E-01 -5.37005584805608054E-03 -1.42619011103347348E-01 -3.62423806957372585E-01 -1.99802968504562556E-01 -1.66622270346592438E-01  4.51678694617107246E-02 -1.88862705868592662E-01  1.84818873351192625E-01  1.88390323777940627E-01 -2.55247687874825213E-01  2.10998502900170665E-01 -1.85104538297687915E-01  5.20888902036160534E-02 -7.52043323488957860E-02  1.61141420585603851E-01  5.61509121864598171E-02  1.01906479212232379E-01 -7.51693908266640697E-03 -3.55991928212430031E-01 -2.71383662491055000E-01  1.14292517640851146E-01 -2.35361060123304988E-02 -3.44181683785741543E-01  7.70238095604820327E-03  1.58361331906592712E-01  1.53631381575512649E-01 -2.74310245928717278E-01
 -1.91097106727183691E-02  3.17935470672196310E-02  1.57191842009437144E-01 -1.98717366467046325E-01  2.38200377376621336E-01  3.08284259564186661E-02 -1.29778211880077331E-02  6.35475960692812175E-02  1.28889784070196883E-01 -3.80369907888550907E-01  2.89141299587946710E-01 -1.04883830836354323E-02 -1.29579021265851718E-01 -9.60013836938490295E-02  1.45943380069015749E-01  2.38359235299488194E-02  1.27095759539127301E-01 -1.78043049658799329E-01  2.40158283008961651E-02  7.65932201144236408E-02 -2.00374677460221834E-01 -1.10980227034956913E-01 -9.06184037147095417E-02  3.48347771241270532E-02  1.47318466187348368E-01 -1.17824398820285017E-01  8.32055265300281066E-02  1.26739742019856938E-01 -1.04488719476146005E-01  1.00077253812925621E-01  2.94639370297710868E-01  2.52660005129656251E-01  2.83967205367453401E-01 -4.44801977235246161E-03  4.16101183089419083E-02  2.90576962662028523E-02  8.07818977950879313E-02  1.96497080300653382E-01  5.30138241380768011E-02  9.35604460771042312E-02  1.09211147371712728E-02
  2.53850537629040120E-02 -2.69416309643258689E-01 -1.43147486722969147E-01  8.95059294339462935E-02  9.65698933708896284E-02 -1.57499496989579213E-01 -2.50436879749142249E-01 -2.10008309231665052E-01  1.51363162609027324E-01 -9.49653878064116580E-02 -2.01335812585544977E-01  6.29659472627047256E-03 -5.22097708854062717E-02 -3.02527611527864060E-01  8.27400342636307878E-02 -1.52835120742221942E-01  1.53363151304381967E-01 -4.46641090397102425E-02 -1.13296721571331763E-01  4.48617122359362547E-02  2.94646691811022432E-01  2.51663758912543500E-01  2.70573210607297443E-01 -1.50676985837584043E-01  8.06398095159183322E-03  1.25461759373278275E-01 -8.43480715658636859E-02 -1.06222673462974676E-01  3.48379286504494276E-02  2.35981551502463978E-02 -1.23209553223852408E-01  1.55916201309093505E-01  5.80417501002380154E-02  1.20661457340167921E-01 -1.32056838615460359E-01 -5.74928117253624554E-02  2.60297889096523294E-01  2.27269572337334524E-01  1.39172981621693809E-01 -1.38514153311235011E-01 -8.06002181281618851E-02
  6.21748817323130379E-02  3.93117861052425174E-02  5.85636578073687325E-02 -1.63567287617552515E-01 -1.63699252065189566E-01  2.05981308190737400E-01 -2.78475742794174530E-01 -8.02086681842196364E-02  2.18920279336384735E-02 -2.04350535102260783E-01 -4.35074037903511526E-02  1.11979956030878833E-01 -4.22589935338300526E-01 -1.20643227670631334E-01 -1.97456109746438291E-01 -3.33102181285936105E-01 -1.24766643644318512E-01 -3.41280990731768707E-01 -6.04975007794202949E-02 -1.44112841896068489E-01 -8.49590598453303231E-02 -2.46563466023612919E-03 -1.18880654141895734E-01  4.39717397303536206E-02  1.15143783163230110E-01 -9.13582720165464213E-02  5.44269446991806002E-02 -1.53116072548466431E-01 -4.44520310010728253E-02  2.94230846050111239E-01  1.11224209704595942E-01 -1.74726566073755085E-01  3.64451465531751423E-02  8.86380544827378158E-02  3.44115625223505514E-02  1.95674795157974923E-01 -2.39474704592883642E-01 -1.28736490644536811E-02 -3.12511476927322049E-02 -4.80036811146171916E-01 -9.71009362892195915E-02
 -1.73010277527357766E-02 -9.19444305712271703E-02 -7.10013538947989326E-02  2.03640420575776665E-01 -2.81332526462025334E-01  2.15366894152481322E-02 -1.05796010440049645E-01  5.35777536632355209E-02  1.77719418439260118E-01  1.37364162048662808E-01 -1.04672349081812874E-01  1.93214476798491581E-02 -2.60228018111906059E-02 -5.07151561133728848E-02 -5.84207199279496853E-02  1.97210052621984988E-01 -1.05130134445471056E-02 -3.57523202625281353E-02 -1.87027393534802383E-01  1.58665062355452885E-01  1.55600564068997249E-01 -1.18990447915627962E-01 -9.59889858140866720E-02  3.57860580436199366E-02 -2.29746996841929035E-01 -1.25339681001925135E-01  6.49966779644174653E-02 -1.42880496469122459E-01 -8.56363072714676765E-02  6.82805447981333774E-02 -2.54763541319201259E-01  6.00041623996852430E-02 -1.12865757839313990E-01  1.79792971737084029E-01 -1.74756693275941483E-01 -9.18604904216204776E-02 -7.56556037914325880E-02  5.16910671130972887E-02 -3.42311985206075753E-02 -1.45290795009113162E-02 -3.13166880458514707E-01
 -4.57461048815115540E-02  4.50159027278072610E-01  8.64383261399524622E-02 -5.04915379604286771E-02  1.59300818093448870E-01 -2.13281050012617768E-01 -8.34808987025678489E-02  1.79610481425531626E-01 -1.75522368284294766E-01  2.00009849995106431E-01  3.60151996824410476E-03 -2.17970061332656090E-01 -4.67514956341320981E-02  1.32493516940228345E-01  1.68800263568772146E-01 -2.57637630429738806E-01 -1.21375136216669260E-01 -6.01174326409350257E-02  7.45822187266878961E-02  6.99183971432455614E-02  8.18513852231543271E-02  2.74068370144340046E-01  8.28946455001944166E-02 -1.01646609399986543E-01 -1.78258898150505773E-01  1.81162239509408046E-01 -2.99985065871613554E-01  2.97013853825485619E-01 -1.34677555990927594E-01  4.93984605588462383E-02  6.65376482750929948E-02  2.12163110053663964E-02  1.18158257553480875E-01 -9.80225018849633679E-03  9.15719138869769411E-03 -9.40273977630541463E-02 -1.01671883191798040E-01  1.99171635050223922E-01 -1.28546188234829661E-01 -8.10360461766925499E-02  1.41674086942810529E-01
 -5.24457365522184929E-02  4.17770149545912906E-01 -1.03254053666723879E-02 -1.34947122485090443E-01  2.31427188439321224E-01 -9.11297413353479302E-02  4.71241759884907629E-01  4.93343746448937359E-02 -4.30435806846548252E-01 -6.65742320512744401E-02 -3.94928623447578175E-01 -2.55939768123265687E-01 -1.74377337398518600E-01 -2.50841705138764970E-01  2.06239656235291779E-01  3.63595568804438440E-02 -1.40392139044398429E-01  2.31105241937801409E-01  8.27701624314095552E-02  8.83022757446590562E-02 -5.58614684682321762E-03  8.31694405956380500E-03 -7.18464964025218172E-02  2.21578164039084702E-01 -4.53849156068707113E-02  3.78282639984736602E-01 -3.21249912583579100E-01  3.78677277994416361E-01 -2.60936432824175835E-01  7.57997917710679786E-02 -4.19326398573806436E-01  1.18370963991914518E-01  9.42679774415023791E-02 -4.05362871717656614E-01 -3.00291319771215259E-01  1.34021159583902955E-01 -1.99283804805356624E-01  2.67584916832418196E-01 -2.30410414207881109E-01  2.86194789857905640E-01  5.29251488517339871E-02
  7.06075173341442763E-02  1.28607255291732114E-01  5.79130837113652902E-02  2.24667915438350657E-01 -1.79392066579126208E-01  2.27353471969182652E-01 -9.97521749784586187E-02 -1.59691137540528660E-01  1.07249670519812587E-01 -1.91556005811471863E-01  3.46697032981407097E-02  4.52175656492892208E-01 -1.01043054896710019E-01  1.76858893589314975E-01 -2.72879760749447198E-01  9.61871295003267623E-02  1.62036242859870699E-01 -3.18030898767205916E-01 -1.12396739203609555E-01  8.88494536259941958E-02  1.36137684112305868E-01  1.53462055250137924E-01 -1.38238184253424462E-01 -4.06344001190608484E-01  2.54183360182703467E-02  1.18246893945767768E-02  1.37458653399424424E-01 -1.40995854441856749E-01  8.52028695537833253E-02 -1.95985173141555585E-01  5.12850608531478347E-01 -2.96144764771542612E-01 -3.68913322610044947E-01 -1.40384753678651497E-01  3.45406524388642902E-02  2.20131284468731460E-02 -2.65670895592448997E-01 -1.69998022683189864E-01 -2.97517717733186582E-01  3.08465976419254551E-01 -2.27743642175176120E-01
 -4.21079957012818126E-02  1.78268173831438170E-01  2.16325094002725371E-01  5.92267063167576380E-02  2.21275453968086289E-01  5.58356710548812418E-02  2.65920765934619330E-01 -1.70092617732545571E-03 -4.88476279978185435E-01  1.95292344523970179E-01  1.13654271444277616E-01 -1.05525227809240785E-01  2.26481760718385633E-01 -2.31931729257020436E-01  2.48607521547034332E-01  4.39145156637570436E-02 -9.88149571038163949E-02  1.61388076397575214E-01  9.33424540983560785E-02 -5.26566997873744030E-02 -1.03994864858118874E-01 -3.67031914694693467E-03 -2.66494750125547200E-02  1.98425256501299219E-01 -4.07996354486990953E-01  2.46255467866196176E-01 -1.77204201500909486E-01  1.74359279316157224E-02 -4.23604499784294986E-01  2.39312610759023575E-01 -1.84856987210172297E-01  1.64753952243737781E-03  2.66284571391344982E-01 -1.36098995023022196E-01 -2.49968037900277412E-01 -2.69334704872252306E-01 -2.52137673826104525E-01  6.86072799937327213E-03 -1.48540266156285711E-01  2.72151036907900823E-01  1.42609889380709176E-01
 -2.33954638675860135E-03 -2.96430695569174681E-02 -1.89878581808631784E-02  1.22976340200644157E-01  3.68271954004339208E-01 -1.02756132308100837E-01 -3.35915514337579768E-01  8.55352296971608472E-02  5.94396496322908419E-02  3.09214437980514789E-01 -2.04461304694386302E-02 -2.71789553550206453E-01 -1.58193252309492438E-01  2.75880228796999590E-02  2.49157247841898022E-01 -1.32246022943476732E-01  8.57167294152287249E-03 -1.46094360744294716E-01  1.25094735517321476E-01 -2.56685611324154406E-01 -7.11620380346884296E-02 -1.56035291975828022E-02  1.72420189834440532E-02 -1.14789812296765673E-01  4.38799054580475134E-01  1.71150362448888038E-01 -6.97847872780054390E-02 -3.30064280430224276E-03  2.31498194045922576E-02 -1.68059940103037930E-01 -2.33504219176653899E-01  9.52597696135905614E-02 -2.51211457174568206E-02  6.39738218316505819E-02  8.02948199638677945E-02 -8.75040135578571132E-02  3.93988941629419467E-03  3.68578862403020555E-02 -2.90470593100000340E-01  9.19229537030708532E-02 -5.32350823275713324E-03
  1.98571148724266434E-02  1.90015014154567646E-01  1.34249589057307578E-01 -3.74926887819622195E-03  2.63579926398699073E-02 -7.53560382091306158E-02 -4.82430808979805517E-02 -2.19979502570189556E-01 -2.00110522544462432E-01  3.84073864239160194E-03 -5.98381328341904550E-02  5.77032220424858397E-02  1.70731024497008943E-01 -6.80063771969057485E-02 -2.35216211612606863E-01  6.63683175150753535E-02 -1.31971223413778593E-01 -1.11270559811008127E-01  2.38642994484930364E-02 -1.56136288833458647E-01  9.17823893999197560E-02  4.09990388468380873E-01  1.64154752635691209E-01  8.85377914818322731E-02  1.33026005454429747E-01 -9.69135873970521089E-02 -1.27254046038400070E-01 -5.99934148651210461E-02 -2.17840435415121228E-02 -4.85393023018364320E-04  2.79424478500222111E-02  1.27212172828090608E-01  7.20618506705550339E-06 -1.23994212256155867E-01 -1.13153529769039422E-02  1.78308044117596182E-01  9.82742076936570924E-02  1.82127887144964445E-01  2.32072489285919774E-02 -2.58506011673665048E-01  1.56856931594809845E-01
  2.71902747551092464E-02 -2.82715285269711958E-01  6.70618917544552606E-02 -6.50856960606661927E-02  1.94025999682423678E-01  7.12983221286251634E-02  9.29133688754321119E-02  1.04902076849361175E-01  1.90278753482533286E-02  1.67484256598465220E-02  3.24868375102733281E-02 -1.05068189284941216E-01  1.48527828319283701E-02  2.40171715980335820E-01 -7.27775713110053318E-02 -4.04805837900933496E-01  1.02117675231460037E-01  1.26576500997993308E-01  1.48620515886620230E-01 -7.57075598333201670E-03 -3.48006088286864079E-02  2.85926864944368031E-01 -9.31964309421071668E-02 -1.23255491616807197E-01  9.03801118896362110E-02 -4.92339739776551967E-03  3.69204460484084895E-01 -2.59939089008805468E-01 -1.18847099416868690E-01 -2.88952838352914243E-01 -1.10345302882299476E-01 -8.70602944326335226E-02 -1.41032749829042403E-01 -3.87382150242314205E-01  8.73648855060422114E-02 -1.66413779733819794E-01 -1.37261347109752740E-01 -1.98844351869101980E-02 -5.75582000345651462E-02 -2.56533201682187378E-02 -6.03406255212912898E-02
 -3.43512555259065187E-03 -1.73941028265407027E-01  3.84336514081759645E-02  1.64609751279434863E-01 -4.64312011325394153E-02  2.18248350860928808E-01 -1.01953496816999847E-01  2.79730908177445448E-02  8.27484554141322687E-02 -2.64255465139327739E-01 -2.80640923723550539E-01 -1.40216831453571750E-01 -2.03014705166370962E-01 -1.59285587881217910E-01 -1.31379615986558701E-01 -1.24829909484987636E-01 -1.26089288185565529E-01  1.94984380148065205E-02  2.27919855736039775E-02  2.77037453172535697E-01 -1.20378039973879691E-01  7.65378503512820635E-02  1.50184889043615377E-01  2.68149114680948819E-01  1.27805889619805435E-01  3.49289012755985562E-02 -1.31844439264280716E-01  5.74601488046758493E-02 -2.45858200872919284E-02 -1.68928132155224175E-01  2.71329529560159731E-02  1.37054092470137001E-01 -1.30584205331823938E-01  2.35787674209133359E-02  4.11921074899593200E-03  2.08087129625262851E-01  7.81754785861470264E-02 -6.36017576830832376E-02  1.95045509321796519E-02 -3.31641612765471022E-02  5.68785634471683926E-02
 -1.00474144706030138E-01  9.23147711177439712E-02  5.59625441752267361E-01  3.81202791188675061E-02 -4.24190239134543076E-04 -1.92327398750173351E-01  9.30354667027623317E-02  2.52480223429061790E-01 -4.33459190012885687E-01  3.99383603895588468E-01  1.02113347521056094E-01  1.97287512166291583E-02  1.63382186465807377E-01  2.73563662900374975E-02  3.27415062273354929E-01  1.46238941293752173E-01 -1.32669235226928695E-01 -9.83275741410492149E-02 -8.28817783258775642E-02 -1.67076018577268559E-01  2.88140565431914908E-01  3.95391674620658856E-02 -1.30274207880903131E-02  3.81548567990506349E-01  1.95173300049178849E-02  2.31747481641830181E-03 -9.35182211564016819E-02 -7.10905881317827060E-02 -1.34568839276090285E-01  1.43154125950065186E-01 -6.16530469691703109E-01  1.75883469045746116E-01  4.11875237762269641E-01  1.11235633295664063E-01 -1.21087509310345551E-01  2.96841987382728434E-01  4.04767604104629697E-01  1.37680850207976047E-01 -1.20615463578345808E-01 -1.40383872106682850E-01  5.50907946280550842E-01
  1.67791220743745174E-02 -1.63401710769349416E-02 -1.63334580616607883E-01 -3.36625853621682569E-01  8.34492203803642169E-02  5.28349957452878896E-02  1.07977678760843715E-01 -2.54128746695066576E-01  2.24955927230820196E-01  2.60518033356881007E-01 -2.43254848247261762E-01 -3.40055438941575250E-02 -1.72379027008343289E-01  6.24635088756996804E-02  1.58488237816472116E-01  8.26867525781209839E-02 -7.79109470213240340E-02 -1.96932439954111194E-01 -2.10243889269419448E-01  1.10206262103080932E-01 -6.02869905379226773E-03 -4.03275898391218468E-01 -1.03070600826756925E-02  1.75505513755112669E-01  5.84079700416711770E-02  1.25623879510798703E-01  1.16531869321023829E-01  1.28045078728763390E-01 -1.89000942091398227E-01  9.48252873129855484E-02  1.33182604850485636E-01 -2.65532564125066269E-02 -3.04752274877916951E-01 -1.47246101278897285E-01 -2.75749053690965917E-01  9.78069343847068617E-02 -1.10551692060334286E-01  1.05467929743302977E-01 -2.29489547339450622E-01 -1.66338430426947931E-01 -3.69205054787060255E-02
  5.47028172667928594E-02 -1.05526503108645600E-01 -1.50619263247877139E-01 -6.61963921287935936E-02  2.05335828984737068E-01  1.69461998012451487E-01 -6.25688351181931390E-02  5.31266490417004605E-02  2.15737083833353049E-01 -4.99493325929693199E-01  1.31276366076582607E-01  1.46704175982661777E-01 -1.99919272356849920E-01  5.24677601533848209E-02 -4.15707795318506823E-01 -1.02956224116763487E-01  4.20426913047256753E-02 -1.72548014499849606E-01 -2.30259097946289626E-01  1.58037630871420198E-01  2.76157572599323269E-02  2.29963752900226824E-02  1.73329895332915734E-01 -2.57344329729106980E-01 -2.90581304101436122E-01  3.05361083733131145E-01  2.08484511243880954E-01 -3.77155712325401182E-01 -5.05099926155318998E-02 -2.65980307022283924E-01  2.38585987373562430E-01 -1.68139849646426115E-01 -1.66059481799323699E-01 -4.52542985186840052E-01  8.76896847458109863E-02  1.79403599433949790E-01 -6.16190776648874797E-02 -3.49171102111691112E-02  1.50855107081313278E-01 -1.04903145254160973E-01 -2.21002581807349080E-01
  6.10251122340035087E-03 -1.51424179650643444E-02  7.61572543483078068E-02  1.84050241505246515E-01  5.12612464777577381E-01 -2.19460642595059263E-01  9.42566926676829536E-02  5.79354950030187207E-02 -9.73294900026508286E-02 -6.39889567516668811E-02  4.44913022563845795E-01  7.48194220559520312E-02 -2.33583532277870154E-01  4.95984220969703932E-02 -9.47730855970923686E-02 -1.04254078947755013E-01 -4.18283805445495982E-02  2.32397876902276868E-01 -3.63553977354723768E-03  2.07603800001646896E-02 -1.26454841622159975E-01 -9.46957169175296487E-02  1.40249859145303940E-01  1.21689551128101425E-01 -1.24055140000273817E-01 -6.96176074738769218E-02 -1.46648764934790427E-01  7.89498567697627385E-02 -9.79917951578246210E-02 -2.02354369107791421E-01  3.40956329575770434E-01  1.49279032537671611E-02  1.25543653340113220E-01  1.44612170720555960E-01 -1.23164664214749392E-01  1.40905789076256199E-01 -1.07275677251399498E-01  1.22172913666998159E-01  1.07733480854014213E-01 -1.27394531788222659E-01 -1.14080195788777497E-02
  7.97610794333806217E-02  1.87971479918455420E-01 -3.36429017523616536E-01  4.15130876745655186E-02  1.10378320296880286E-01 -3.50735510841317932E-02 -1.95426275089660650E-01  3.24895969767177856E-02  1.74721099345519243E-01 -4.73382071429682250E-01 -9.21473611109828450E-02  3.84067328051018009E-01 -5.73674043105307924E-02  1.49631385716802706E-01 -4.79397880873000837E-01 -9.65779296329549314E-02 -1.65479591040758184E-01 -1.19973473120013052E-01 -5.57417792007985427E-02  1.60699994891756015E-01 -5.38598554319741629E-02  2.61561741507160050E-01 -2.37617917545604115E-02 -2.66286879066010729E-01 -1.83219092503168868E-01 -3.58658181224815742E-02  1.97874560436892971E-01 -7.69880425257304379E-02  4.18012197457431414E-02 -5.58492393563775405E-02  2.42397248755521932E-01 -4.52636660351275269E-02 -2.94003875271115211E-01 -6.93456745083080722E-02  4.03186409515443545E-01  3.94148426433535704E-02 -1.28362653633785961E-01  9.97258527791007182E-02 -7.09456241271890081E-02  1.86241089047847558E-01 -5.23229371907449448E-01
  1.78857519739222953E-02 -1.19889846154369858E-01  1.49247352691397495E-01  2.27505138168642762E-01 -1.01389033958888292E-01  2.56818495808264283E-02 -1.47119739548389000E-01  4.45465985701573031E-02  1.27958827908884520E-01 -1.97337586330286002E-01  6.60169540366100233E-02  8.75131287040692429E-02  4.32341496030301878E-02 -2.34433540629523179E-01  7.64376429693515852E-02  2.88692455396075201E-02  7.13408682999390059E-02  2.62725381253091916E-01 -2.41655723504395015E-01 -3.59623276207192838E-02 -1.61024413355199625E-01 -5.34964767810631528E-02 -1.22145806568474444E-01 -6.45444643278942770E-02  1.78334403002891190E-01 -4.52554915111994596E-02  3.23506800332664324E-01  5.10222583171743779E-02 -2.85854623162581145E-01 -1.25293561449183355E-01 -4.77059206127649280E-02  9.91289230006417166E-02  1.27444867548960283E-01 -5.30494146809274772E-02 -6.73564906399403973E-02  1.88409089091678555E-01 -7.56959198180380127E-02 -6.48129590457971055E-02 -2.40576341075819863E-02  1.71741389216511942E-01  7.07325256206196989E-02
  1.37235041301277862E-02 -1.94969717721351382E-01  1.91514932917920183E-01 -1.54684662951246638E-01 -2.69091272869177202E-03  2.21861747654486158E-01 -4.07968139215843351E-01  5.27994699394742778E-02 -2.71027704713117101E-01  1.80214533854034520E-01 -4.67717232946329789E-02  7.86562242462747994E-03 -1.39573341534935086E-01  1.47306665813295490E-01 -7.20391861635711062E-02 -5.74158304225658583E-02 -1.31218042974177523E-01  2.07890840280333222E-01 -5.44425472472564523E-02  7.73322209556409346E-02 -3.13535554204112998E-01  5.24190777289803775E-02 -6.90650711634137049E-02  2.63170949295828516E-01 -1.46921490282494405E-01 -2.45597156506490583E-01 -3.12602547078819071E-01  3.92631487084313058E-01 -1.69896969051179986E-01  3.34043633988788669E-02  7.72534616010903119E-02 -1.12778912583756066E-01  8.76674576167511543E-02 -1.71211304137115994E-01 -1.02762428679393544E-01  2.00777189144952156E-01  4.14014124514583068E-02  2.24502578368695221E-01 -1.83216530792038784E-01  2.03157065323103764E-01  3.42753496062800297E-02
  8.00220677211630101E-03 -1.96170415776059405E-02 -3.09892974356421214E-01 -1.16546297980999851E-02  1.34625940808548866E-01  3.08585704166132513E-01  9.11542869712376747E-02 -2.92778218272864293E-02 -2.31849853246064691E-01 -3.70541413099605976E-01  1.28161942829988940E-01 -5.72767581605188453E-02 -1.81413876459078915E-02  1.39585615930826967E-01 -2.38593531200973180E-01 -9.35926737985575130E-02  8.86244760575140983E-02 -1.43097181060786616E-01 -1.43822432543978806E-01  1.66423379322850978E-01 -1.71405573798989047E-02  5.00088385324245002E-02  1.03648770345273495E-02 -6.61321461431101931E-02  7.03565936718605900E-02 -1.26360683313839373E-01  1.39778521586594595E-02 -1.81118562415263584E-01  9.95008518585009660E-02  1.41300381396890051E-01  1.68166192383235075E-01 -2.34949048362288998E-01  1.05205110560727691E-01  6.43436081149827144E-02  7.92973990593226347E-02  7.52573995944933946E-03  2.57777898592656318E-01 -3.98731111006989537E-03 -2.29309400352240400E-01  7.40838603165563520E-02  3.11675781662739293E-01
 -2.62586392865736436E-02 -4.01315742199489234E-02  7.16794891043397581E-02 -1.50201336128270996E-01 -2.09335811296390367E-01  4.12138106973718860E-02  2.00289692026902610E-01 -7.16802172301009288E-02 -1.45419622693484935E-01 -5.58501641698075507E-02  2.57371799265991075E-01 -2.20779779446652280E-01 -1.78345426709184823E-01 -9.12119474411875603E-02 -3.21499862361881550E-01 -8.60431494119890256E-02 -1.87615218812971440E-01  8.90967929121197662E-03 -4.49624698963692511E-03 -1.80073281827505122E-01  9.18056850369395466E-02 -1.27543143698676475E-01 -2.36617981186003218E-01 -4.00580217789982262E-02 -1.04930662882288750E-01 -1.24062829437580430E-01 -1.92652069846058954E-01 -2.94468639927131974E-03 -3.35453171686230234E-02  1.34825443827334940E-01  2.96494537899579663E-02  1.57169834790407649E-03 -6.26308277828388233E-03 -8.65534556096803909E-02  1.39933664299834032E-01  4.35756752216876264E-01  7.36627142279293046E-02 -8.83491034424040284E-02  1.55062355528554019E-01  9.39905376276164856E-02  1.09149880173498054E-01
  4.38060924028946339E-03 -2.34565183305180724E-01  3.06446151676334599E-01  3.64354124139614766E-01 -1.01147298221061152E-01 -8.28573002597065844E-02  3.16265025753115436E-01  2.82081948888289635E-01 -2.15853487101711511E-01 -4.56715224868384367E-02 -1.48685380186523830E-01 -1.44213968085341732E-01 -1.38965682396503115E-02  8.95549926746496833E-02  1.72810160452485373E-01  8.62743312070286261E-02 -7.23677299267504008E-03 -2.47947850595381519E-02  8.10516362725373918E-02  2.08282118045593045E-01 -2.88163234234242893E-01  2.64017194953795678E-02  3.24616985105527223E-02  1.14444604652934573E-01  3.23266932960933132E-02  1.09087740695535090E-01  2.53755210983236668E-01  5.94731161809944550E-02 -4.14002616568010032E-02  1.35412222645401176E-01  2.29768671559951426E-01  1.28225151468534082E-01  2.33702022713323271E-01  1.33451631108024354E-01 -9.80792179255434299E-02 -2.28415320857367543E-01 -1.83101034551734765E-01  4.74235222868494358E-02  1.11135785553330729E-01 -3.51918917143859708E-03 -3.60956220055373006E-02
 -1.05919968758194979E-02  1.00060118456821390E-01 -2.63187481243170630E-03  3.03909958449696982E-01 -1.24409510092345511E-02 -1.39424855115917817E-01  2.64366777560608945E-01 -4.19540964850721732E-01 -3.50311816667100984E-01  1.58557746762021862E-01  1.82705653135101787E-01  3.30436206619661652E-02 -9.81324797971482449E-02 -1.28069926833068420E-01 -3.98713968354794460E-02 -1.19821808926853790E-01 -1.33411940837689980E-01  1.77581201524622451E-01 -1.13639532957586525E-01 -5.67224292919415382E-02 -5.06380449802210017E-02 -1.12090652992036285E-01 -1.04869888202165987E-01 -1.21714643452384919E-01  4.91096339557134248E-02 -2.37535458457314524E-01  1.36476166033874524E-02 -4.66868447045596310E-02  3.97727430547775082E-02  2.05142832997684293E-01  8.18287358986448804E-02  1.60024739629277268E-01 -1.62112454904914660E-01  5.77714718748109021E-02  6.88329028954237782E-02  8.12923712825789901E-02 -1.65978202913405509E-01 -5.66732960147825204E-02  2.28880469481147403E-01 -4.12687357799117263E-02 -1.79979156995316691E-01
 -5.09262565658234675E-02 -9.55894532832883281E-02  4.62665276343152632E-01  1.53450730601374485E-01  7.42795202802289285E-03  3.77091228199241957E-02  2.09819334662803975E-01  1.99951824867258376E-01  2.72507871802445643E-02  7.19833050424676935E-01 -3.71587845110438353E-01 -1.99581486025575183E-01  1.15295027027962155E-01 -1.27878765504558845E-01  4.42260922836774206E-01  1.04790350125752874E-02 -1.08115454083594312E-01 -1.56699335005165558E-02  2.68093247835195669E-01 -1.49165970570384304E-01  2.43140523488371507E-01 -3.10725524206880377E-01 -2.04467123809385865E-01  9.16681331549037970E-02  1.93012823658805843E-01  2.80831366973033070E-01 -4.20374526614106514E-01 -4.82892441293603092E-02 -1.31525750338529424E-01  1.35335002718277760E-02 -3.12007038276142956E-01  4.76835834364541966E-01  5.03329779433601909E-01  1.34843067371365449E-01 -1.15566273846426287E-01  3.38806573601886318E-01  1.44773785002507288E-01 -3.20085338829623034E-01  1.52017778411790483E-01  2.57928500858997711E-01  2.49628344476846120E-01
  9.02103882278576519E-03  1.67205087079836473E-01  3.00227654631883278E-01  1.01189019407905409E-01 -9.80663112251623902E-04  2.83720819604801021E-02 -2.51674546550622213E-01 -8.94233151568837592E-02  6.43105996211582320E-02  7.15560648864276699E-02 -1.89629489078002172E-01 -9.57733633393695188E-02 -7.80073045404128113E-02 -9.62937200191080894E-03  2.40852792737254531E-02  1.35132347881970621E-02  9.51578066489863622E-02 -1.22658210419159142E-01  2.06127309395443513E-02  3.08451517476859838E-01  1.72639549309984236E-01 -6.13674520219705780E-04 -1.92792618633965018E-01 -2.57496531339862555E-01  1.86687528256601953E-01  2.22885285706145075E-01  8.06851497761366665E-02  2.57735938859935232E-01  1.31097882059781928E-01  5.73578368539254396E-02 -3.63631535912629000E-04 -1.31939569444194826E-01 -1.01882974787748895E-01  1.07856026441770531E-01  1.47296165176157678E-01  7.00493455591120421E-03  2.12142536151480793E-01 -3.68179675595461317E-02  8.91987953319382521E-02  2.91930768047791778E-01  1.79509404035589265E-01
  6.56076979108473173E-03 -2.52370181537766199E-02  3.83445716342157156E-02  1.31338101145861086E-01  5.07893848827578251E-02 -5.61934096452332832E-02  1.83710689993420662E-01  2.58260325970541479E-02 -2.69625264226804641E-02 -3.74339080861831319E-02  1.11396451390996035E-01  8.57641931913488142E-02 -9.11415361660788681E-02 -3.05030907241078286E-01  9.46323538945220144E-02 -1.19302930283408978E-01  1.03704240308242879E-01 -4.05018570890159982E-02 -6.13573652235925790E-02 -1.66493675204703290E-01  9.23235322579685491E-02 -6.98982027661294719E-02 -9.21227400055990991E-02 -4.41734137985053399E-02 -7.03687985890254775E-02 -1.38541529325300228E-01 -5.62907684122444726E-02 -6.95747530569830602E-02 -1.85975187536658509E-01 -6.41230850131847135E-02  4.78900720744762642E-02  5.43521231559229989E-02  1.83375058412123093E-01  7.68910159684781797E-02  1.08870734191827648E-01  5.86213812384034222E-02 -1.15638090078545738E-01  1.29134873093747271E-01  1.09019908660629702E-01 -1.88064879843995697E-01  8.11215872139869343E-02
  1.25410468199173165E-02  8.78364025510003921E-02 -1.61546037726804405E-02  4.01702916927948947E-02  3.59706664453573355E-01  1.69395750105424930E-01  2.19248770649949548E-01  3.20793517942590811E-01 -1.16991606085844024E-01  1.40840158614751465E-01 -1.06652112773537255E-01 -2.11952221901046012E-01  1.64491411193317033E-01 -1.44772464933410477E-01  1.87286128255806178E-01 -9.45858664488481576E-02  3.20861083014761794E-01  7.56150098105147911E-02 -9.70617882056191011E-02  9.64374539575936218E-02 -3.15702693641408794E-01 -6.75350919799327654E-02  4.63952090220988364E-02  6.00654568393243007E-02 -6.27490871196174638E-02 -1.58548313898381893E-01 -1.25350615671623450E-01 -3.17757112973501121E-01 -2.87457960078739083E-01  1.67005432332152148E-01 -1.23336098341210842E-01 -8.81326769865964921E-02 -4.22674548065039429E-02 -2.02487772365426665E-02  7.84282239362156935E-02 -3.16805252193971751E-02 -5.92512364385057166E-02  4.44632296729604651E-02  5.46112919938723171E-02 -3.05274106206429620E-02 -9.42665166300970386E-02
  5.80545328522623222E-02 -1.12193161017632589E-01  2.25462570177327959E-01 -1.84813744734395546E-01 -2.06274488068221018E-01 -8.90006533180783266E-02  2.30603745273852585E-02 -4.55171812982795854E-02  5.73528001545814056E-02 -5.97904526999808728E-02 -6.33618896463470915E-02 -4.77176151915824576E-01 -8.56123141178089797E-02  1.50646379575891803E-01 -3.41464652180776956E-02 -2.96003790979713799E-01  2.13046137040912908E-01 -1.36343978311666336E-01  8.82195324523618735E-02 -1.58180149485482063E-01  2.33972337938835560E-02 -2.51207192130049328E-01 -9.30110716693158257E-02 -8.91836125080298220E-02 -5.21364096671220398E-02 -1.34047007233334264E-01  8.83113597436843839E-02  5.51213077679906516E-02 -3.00708303516791009E-01  1.15135764487622749E-01 -6.02861016076566975E-02 -9.64648063342232916E-03  1.54038878170446203E-01 -8.24843281110829718E-02 -8.27091178593805237E-02  3.15569905350542745E-01  2.39014101177615096E-01 -3.36826974268379029E-02 -6.74906630183152306E-02 -3.35118955353667036E-01  1.63594810391654494E-01
  1.52712961334743602E-02 -1.75588208389669154E-01  3.02575292164095788E-01  5.37404199212622238E-02 -1.04070855364833084E-01  5.11352517887581348E-02 -9.37216674357089080E-02  1.74865265633145278E-01 -1.10919507050215610E-01  3.02191913294209524E-01  3.99107289412996349E-02  2.56804960044235864E-01 -1.22387089555266684E-01 -2.01602559831728645E-01  8.27919512637348420E-02 -1.64470276388170106E-01  1.29652782798142449E-02  8.91878590754639766E-02 -1.56921590205802791E-01 -5.09508944096672724E-03  1.60333250837846913E-01  1.08857762450015438E-01  3.20923001057567159E-01  3.47390570267481560E-02 -7.61562121682934218E-02  1.15453421342217324E-01 -1.96118837100144605E-01  1.51445200028463792E-02 -1.65717597550751022E-01 -7.82611460347775595E-02  5.81917540032757322E-02  1.38567463199355395E-02 -4.82826058914741160E-02 -2.17248056248752319E-01  1.25031272080879080E-01 -5.64003723529127796E-02 -2.11545750779452119E-01 -1.86316113874706479E-01  4.36704191672355121E-02 -4.54218219790498909E-02 -1.72802866153561052E-01
 -4.71185125604591942E-02  5.70074618084592477E-01  2.90405588094543483E-02  2.08354315761496989E-01 -8.43178895800870964E-02  2.48076921763928683E-02  1.90239780369298755E-01  3.55600953330964031E-01 -2.67725220745477999E-01  1.55250837432597988E-01 -8.62332372266766400E-02  1.50107967605905335E-01 -1.22382331540428560E-01 -4.55542732613253787E-01  4.80955590161166124E-01  8.23660560139544140E-02  8.44078768770682303E-02  9.87880638007082416E-03  2.26675435619782678E-01  3.38049806752124482E-01  1.85740672424024589E-01  1.11182335296282478E-01 -5.01617613294196990E-02 -3.38565250981282884E-04 -7.20529943940105694E-02  1.24594059446262881E-01  1.98334896125811899E-02  4.12043727399612272E-02 -1.65972056201411200E-01  2.29197238152395899E-01 -1.11688001398133174E-01  2.46222941487190150E-01  1.41164474547725315E-03  8.30771322220659469E-02  3.46575035698063749E-02  1.41244107730224444E-01  1.65164780583858167E-01 -1.51798319158218203E-01 -2.69362771212522389E-02  8.03093641341565273E-02  2.35359769311762924E-02
  7.12957155445972414E-03 -8.72775586769699435E-02  4.19811859755924305E-02 -1.16171078840886566E-01 -1.50081072105637509E-01 -1.51897868492392757E-01 -3.51780591035686707E-01 -2.36616582519457497E-01 -2.10215313719859451E-02  3.82268661841013296E-02 -8.47221299783673387E-02 -2.34565381268062104E-02 -1.85822122301432975E-02 -8.69672213149517565E-02  1.09900235213664238E-01  2.53551272080653145E-01 -2.52119801795870277E-02 -1.18876573247643377E-01  1.73990866333445876E-01 -3.01920789662919742E-02 -1.08521109187507986E-01 -8.22411051442586138E-02 -2.47511740115199219E-01  1.54820655204771673E-01  1.61037776819324858E-02 -1.66236035094634887E-01 -2.73476636722737143E-01 -1.07026634469339476E-02 -1.32092303183602239E-01 -3.45870863129361161E-01  1.65337413635050168E-01 -1.20243353622741064E-01 -2.92009005537521515E-01 -6.05373773372127402E-02 -7.04490950111441444E-02 -1.39534119311602645E-01  6.62370299539473545E-02  1.80467112910693089E-01 -9.81029013129543909E-02 -2.37140211353049968E-01  1.60302288327664993E-01
  4.61826851872575023E-02 -1.33552593855280177E-01 -2.14004048048222290E-01 -7.14936835656218295E-02 -2.81487742604063396E-01  2.62265201377073542E-01  3.68379924330449082E-01 -2.53551213360921457E-01 -1.97965000014682591E-01 -3.27945402006339481E-01  7.20312157723899671E-02  2.39691173438060873E-01  7.46753050573663313E-02  6.49913550277445712E-02 -5.42455078655496692E-01  3.50956333412868138E-01 -9.24985457239391878E-02 -7.75457386737338772E-02 -2.31523421645630390E-01 -1.24228477995015074E-01  4.08561749448052361E-02 -1.64334078793950733E-01 -1.49579376998788538E-01 -1.88465095832640178E-01  6.68112179862097033E-02 -2.86174720904107116E-01  1.71755840285298611E-01  1.29859274687381232E-01  1.28650184743212881E-01 -2.21489575278603412E-01  2.84428243547532877E-01 -2.27654448119293529E-01 -3.09584290523024053E-01  3.04345274898955576E-02  3.47757323121357792E-02  1.13903619966956596E-01 -1.07556252662912286E-01 -2.15589639225951778E-02  7.38608913937927741E-02  1.43004712160980652E-01 -1.06586547105229371E-01
 -4.08797094098591485E-03  1.66034370728956021E-01 -1.91613713104753308E-01 -1.62314739680656211E-01  6.47383022122817176E-02  6.48769663867371921E-02 -3.17880710278355683E-02 -1.40663928915692543E-01  2.67941468512697054E-02  4.31749011613620365E-02  8.68950925553953479E-02 -6.45116347315052591E-03 -1.54364433190686823E-01 -2.85452657484423111E-01 -9.68795599403981800E-02 -2.40190816993215900E-01  1.38102654621398369E-01  9.55966941613253232E-04  1.33040746544116038E-02  4.49838729431681558E-02  1.26254398287494796E-01  1.02381788636803496E-03  2.82279798692523010E-01  1.72742343220497682E-02  1.32881046224309129E-01 -9.04102907004536022E-02  1.39171504706157205E-03 -3.25525110967262790E-02 -3.93015343579870391E-01  2.00748570632347578E-01  1.95940117817940185E-01  1.84111025499985703E-01  8.17476879825930342E-02  6.48242184822516859E-02 -1.63807837672738682E-01  1.70368506945666881E-02 -1.19041203341496357E-01  9.39411104459436930E-02  1.90615332449487168E-01 -1.32398503492843211E-01 -2.27098683462942180E-01
 -1.89140186392885781E-02  1.31252812179273259E-01 -2.70094363057011511E-01  4.06606831769451647E-03  7.07024177588571057E-02  5.43696522951728767E-02 -2.89006768194224106E-01 -1.67411349430655922E-02  2.96651965204818069E-01 -1.47660665850993772E-01  5.78123110217850095E-02  1.27339435834237152E-01  2.36682792751330556E-02 -1.28828154830575387E-01  1.10770737041455694E-01 -6.47241752303771151E-02  2.29870936193784597E-01 -2.15732116550930497E-01  5.05007250929406862E-02  7.62189991258288291E-02 -3.04468264447686043E-01 -2.12818332332039062E-01  1.04380493610975372E-01  5.16569488799072021E-03  3.41044746511984936E-02  8.00079419563417549E-02 -2.86179831262705631E-01 -4.47370210553528561E-02  2.19272278189792641E-01  8.02847075032770974E-02 -1.96068421862793940E-01 -1.27579104500359752E-01  2.55606348659487559E-02  6.42478521198155961E-02  4.67836595433365893E-02  1.67087385532843496E-01 -1.03490334818332579E-02 -2.48892347833520794E-01 -1.50530892121592486E-01  2.35197342785908148E-01 -1.61758652626023847E-01
 #l=           5
  2.61165037645411796E-02 -1.53386535797012408E-02  4.33077637785402092E-01  2.12913319416346919E-01 -1.30312593193026571E-02 -3.55197347689478471E-01 -1.75650845276277612E-01 -5.60889696703302781E-03 -3.97553642152878930E-03  1.15361570035288949E-01  2.11112065527750276E-02 -2.25789162423284756E-01 -5.06527865387626619E-01 -3.32879499070021845E-01 -2.12315850550154867E-01 -6.29876501063162952E-02 -2.33921345526549342E-02  3.83326809441418670E-01  2.83339609493259911E-02  1.73657557449869548E-01 -5.96772149284293665E-04 -1.94283723152353427E-01  5.12518876363166065E-02 -1.92058044349272150E-01 -6.79472593495247888E-03  1.13138057836744674E-01 -5.55032084881887447E-02  6.04320372819869001E-02 -1.21260853613191319E-01 -1.37834076472570760E-01  3.75612422278863045E-01 -1.47021579583476412E-02 -2.68978353940505406E-02  2.31691075267606267E-01 -1.33416169596195788E-01 -1.15702826729893363E-01 -3.12158969757682481E-01  1.58559326288934127E-01 -3.21220152926791791E-01 -1.00214283675606197E-01  3.35254409386878949E-02
 -3.75906665058435840E-02  1.11565856510894096E-01  1.47029963187961882E-01 -2.38613126997095082E-02  1.03502079645887424E-01  6.46775488484959832E-02 -5.60497709187585236E-01  4.18529334893873450E-02  2.41272751715930003E-02 -2.02757680028147792E-02  2.17637189758965108E-02 -8.88936155007502039E-03 -1.02671242091201723E-01  1.39315127417761836E-01 -9.02383432157573273E-02  6.69978531248719839E-02 -1.34763854668265126E-01  1.90821254037385840E-01  7.86153160550859403E-02 -1.64765329868408750E-01 -1.13330761485451417E-01  3.00385001659755790E-01  1.99467470729264955E-02 -8.92500805533614078E-02 -2.59293576148415285E-02  6.67884544369983790E-02 -4.53522227570187009E-01  2.83741545408369211E-01 -1.85185329749969402E-01 -8.86436009657057544E-02  9.13846894294053080E-02 -2.37686481059579194E-02 -5.09182282188782170E-02 -1.09745216205881110E-01 -3.29483321997814271E-01 -3.34093456509908071E-01  2.33849251983307721E-01  1.45789065120779920E-02  7.23583121188303702E-02 -1.92656782105215586E-03  1.97886880367732186E-02
  0.00000000000000000E+00  2.09384900417806455E-02 -1.82505504217490254E-02  4.34942242810894136E-02  1.76344937753595134E-03  1.47640027939085122E-01 -6.54088670233571173E-02 -1.36638939128352399E-01 -1.93628369591595045E-01 -9.45592781325444304E-02  2.31027711620959281E-02  7.12449061015816287E-02  1.09865783576136467E-01 -6.37916899495663825E-02 -3.23453445083307922E-02  7.38723982105847221E-02 -2.75432160173632090E-01 -2.58687298454432169E-01  1.98905950063390624E-01 -2.80915429498121649E-01 -9.40962779805508964E-02  3.51889784528069058E-02 -1.23752751422580298E-02 -1.87364593954498587E-01  1.15874783219687083E-01 -2.51987754711782419E-01 -2.88727423049743026E-01 -1.81099853929655219E-01  4.35358026630687067E-01 -9.91365032064173146E-03  2.01058965666162742E-01  5.28464252932192569E-02  8.71915220728035067E-02 -2.40077149192138406E-01 -1.86768714371574468E-01 -1.42753810279832305E-01  2.57799529138761805E-03  5.13366201210555193E-02  2.07694962349869477E-01  1.69521817320556351E-01  3.24727785883267839E-02
