4000
func 0
Activation_out 0
4
1
10
10
1
 #l=           2
  5.06318630421823124E-01  5.70369354366089154E-01
  2.66816862990351344E-01 -1.13478488944004544E-01
 -2.42343523202236233E-01  9.16255100601412326E-02
 -2.39535903320105992E-01  9.88313279048515653E-02
  2.05332288970780430E-01 -2.07243903930612455E-01
 -8.75344523594027923E-01  7.87408852787942592E-01
 -2.44029133286092326E-01  4.63118497757978587E-02
 -2.90160617544882538E-01  2.56795326243800456E-02
  2.42555712909019172E-01  2.28053828090629199E-02
  3.33514962277018767E-01 -6.08495633742760222E-02
 #l=           3
  2.24286622709594985E-01 -2.51522548410619029E+00  5.63194610031122478E-01 -1.93491438969689844E-01 -5.53493524370927692E-01  7.01514386260801537E-01  3.03390795401713653E+00  3.38812051459845276E-02 -7.16031785389524278E-01  4.14730572818770626E-01  5.79333770211767463E-01
  1.69672880182488328E-01 -8.98091179171625731E-01  7.57214676816740817E-01 -7.22622835395756669E-01 -8.75031917595233133E-02  7.39812414240900273E-01  1.64675152053708418E+00 -6.93394949091330814E-01 -2.37025169686994941E-01  6.47005519891874908E-02  5.09924534639171548E-02
 -2.44656140411637524E-01 -8.63755061951482911E-02 -2.03897228736217795E-01  7.88255246617998728E-01  4.75478612299119252E-01 -4.04698838712053907E-02 -5.72451067920034640E-01  5.83178066228806080E-01  2.38122462162506127E-01 -4.97099277939773376E-01 -1.16621966516938791E-01
 -2.04628693982145948E-01  7.76827566589691210E-03 -4.71534335332118471E-01 -8.06811129480633632E-02  8.14482903217485787E-02 -1.01328067191853249E-01 -6.17028641761134145E-01  8.80285298814893036E-01  8.80229352881847116E-01 -3.05590825206630001E-01 -2.44107189607513209E-01
  2.29139858866204665E-01 -5.74441433716124800E-02  9.24640244911663189E-01 -7.07597274636594609E-01 -3.44228871424351157E-01  4.57538376338454539E-02  1.01807242163918188E+00 -2.81854443520077116E-02 -8.75953971894048333E-01  8.64341250071659406E-01  3.76220090696573251E-01
 -1.89746104147638733E-01 -1.16544539410501469E-01  1.12008985861628899E-01  5.67291783535713412E-01  7.88858635909477468E-01 -3.00635425184214267E-01 -7.92442634950579206E-01  5.41531144113425511E-01  5.82565779132183548E-01 -7.47787233886393565E-01 -3.00790073727666807E-01
  1.84758398914154659E-01  4.83528021032764543E-01  7.77442564438486139E-01 -8.29671453564973960E-01 -2.60366708425471605E-01 -1.81769506112261475E-01  1.00004543156146999E-01 -5.14799603673837924E-01 -7.11519192278591284E-01  3.36960662299812697E-01  7.90594095615419823E-01
  1.99164234738781087E-01  2.99769629631949586E-01  5.03421846711093024E-01 -2.22790330119089691E-01 -3.24007451802568014E-01  4.85997031689899106E-01  4.44221335418255814E-01 -4.44381522374181437E-01 -1.25725004785840200E-01  9.85415101679405159E-01 -1.34665514286793804E-02
 -2.06268996836941193E-01 -4.05501008830546184E-01 -1.12140153993754807E-01 -7.59120745413955772E-02  5.74491839760682410E-01 -6.03419046847985197E-01 -1.42093843085086997E-02  3.10426285712374572E-01 -5.37232301927199271E-02  8.20358944419267433E-02 -7.25892011224021694E-01
  1.83898459279620868E-01 -9.31881935144883600E-01  4.81131288983426608E-01 -5.73424322112538576E-01 -7.64913776889707075E-01  8.40344108917913890E-01  1.36299509092209647E+00 -4.49985086701990389E-01  8.58119717486813954E-02 -2.32821164469856373E-01  2.00969722883279883E-01
 #l=           4
  1.91849642005046089E-01  1.36638565400211442E+00  6.01683193139369132E-01 -4.97522849133097689E-01 -8.56217432427709868E-01  5.78575028254190715E-01 -8.41991368780320770E-01  8.41683455160384231E-01  7.84463903818801711E-01 -5.33573445647344213E-01  1.31352165845765501E+00
