# DNNF90 training history: one row per validation event
#  1:epoch  2:patience
#  3:cost_train    4:cost_val    5:cost_input   (per point;
#    the composite objective, Loss_term weights applied --
#    the same sum the optimizer descends)
#  6:cost_train_f  7:cost_train_df  8:cost_val_f  9:cost_val_df
# 10:cost_input_f 11:cost_input_df
# 12:rmse_train_f 13:rmse_train_df 14:rmse_val_f 15:rmse_val_df
# 16:rmse_input_f 17:rmse_input_df
# 18:mae_train_f  19:mae_train_df  20:mae_val_f  21:mae_val_df
# 22:mae_input_f  23:mae_input_df
# 24..: the same 21 metrics for each loss term in turn (2 terms: columns 24-44 are term 1, 45-65 term 2, ...)
1  0    0.12257E+01    0.15501E+01    0.12488E+01    0.11924E+01    0.33270E+01    0.15086E+01    0.41523E+01    0.12150E+01    0.33860E+01    0.25645E+01    0.25795E+01    0.27777E+01    0.28818E+01    0.25803E+01    0.26023E+01    0.24169E+01    0.18066E+01    0.25670E+01    0.20270E+01    0.24276E+01    0.18224E+01    0.42179E+01    0.46417E+01    0.42524E+01    0.42179E+01    0.00000E+00    0.46417E+01    0.00000E+00    0.42524E+01    0.00000E+00    0.29045E+01    0.00000E+00    0.30469E+01    0.00000E+00    0.29163E+01    0.00000E+00    0.26986E+01    0.00000E+00    0.27034E+01    0.00000E+00    0.26990E+01    0.00000E+00    0.46382E-01    0.61516E-01    0.47403E-01    0.00000E+00    0.46382E+01    0.00000E+00    0.61516E+01    0.00000E+00    0.47403E+01    0.24174E+01    0.30457E+01    0.26383E+01    0.35076E+01    0.24330E+01    0.30791E+01    0.23059E+01    0.25186E+01    0.25013E+01    0.30030E+01    0.23191E+01    0.25513E+01
500  0    0.55809E-02    0.10359E-01    0.59222E-02    0.54839E-02    0.96982E-02    0.10180E-01    0.17883E-01    0.58194E-02    0.10283E-01    0.46091E+00    0.13927E+00    0.43462E+00    0.18912E+00    0.45908E+00    0.14341E+00    0.38733E+00    0.85343E-01    0.36805E+00    0.10138E+00    0.38595E+00    0.86488E-01    0.19399E-01    0.31323E-01    0.20368E-01    0.19399E-01    0.00000E+00    0.31323E-01    0.00000E+00    0.20368E-01    0.00000E+00    0.19697E+00    0.00000E+00    0.25029E+00    0.00000E+00    0.20183E+00    0.00000E+00    0.16752E+00    0.00000E+00    0.19656E+00    0.00000E+00    0.16988E+00    0.00000E+00    0.13520E-03    0.26493E-03    0.14396E-03    0.00000E+00    0.13520E-01    0.00000E+00    0.26493E-01    0.00000E+00    0.14396E-01    0.52997E+00    0.16444E+00    0.49968E+00    0.23019E+00    0.52798E+00    0.16968E+00    0.47396E+00    0.11898E+00    0.45062E+00    0.15019E+00    0.47238E+00    0.12108E+00
1000  0    0.57397E-02    0.94874E-02    0.60074E-02    0.56971E-02    0.42562E-02    0.94247E-02    0.62672E-02    0.59634E-02    0.43999E-02    0.50274E+00    0.92263E-01    0.47126E+00    0.11196E+00    0.50056E+00    0.93807E-01    0.42914E+00    0.56277E-01    0.41082E+00    0.71566E-01    0.42783E+00    0.57369E-01    0.20153E-01    0.28999E-01    0.20872E-01    0.20153E-01    0.00000E+00    0.28999E-01    0.00000E+00    0.20872E-01    0.00000E+00    0.20076E+00    0.00000E+00    0.24083E+00    0.00000E+00    0.20431E+00    0.00000E+00    0.17779E+00    0.00000E+00    0.20584E+00    0.00000E+00    0.18007E+00    0.00000E+00    0.59336E-04    0.92848E-04    0.61598E-04    0.00000E+00    0.59336E-02    0.00000E+00    0.92848E-02    0.00000E+00    0.61598E-02    0.58006E+00    0.10894E+00    0.54872E+00    0.13627E+00    0.57800E+00    0.11099E+00    0.52820E+00    0.78456E-01    0.50950E+00    0.10602E+00    0.52694E+00    0.80317E-01
1500  1    0.46950E-02    0.96610E-02    0.50497E-02    0.46236E-02    0.71392E-02    0.95916E-02    0.69416E-02    0.49784E-02    0.71251E-02    0.43052E+00    0.11949E+00    0.40398E+00    0.11783E+00    0.42868E+00    0.11937E+00    0.36311E+00    0.88159E-01    0.34929E+00    0.79779E-01    0.36212E+00    0.87560E-01    0.16356E-01    0.29513E-01    0.17425E-01    0.16356E-01    0.00000E+00    0.29513E-01    0.00000E+00    0.17425E-01    0.00000E+00    0.18086E+00    0.00000E+00    0.24295E+00    0.00000E+00    0.18668E+00    0.00000E+00    0.15331E+00    0.00000E+00    0.18874E+00    0.00000E+00    0.15619E+00    0.00000E+00    0.99527E-04    0.10284E-03    0.99751E-04    0.00000E+00    0.99527E-02    0.00000E+00    0.10284E-01    0.00000E+00    0.99751E-02    0.49549E+00    0.14109E+00    0.46191E+00    0.14341E+00    0.49329E+00    0.14125E+00    0.44579E+00    0.12290E+00    0.42659E+00    0.11819E+00    0.44450E+00    0.12258E+00
2000  0    0.42341E-02    0.62669E-02    0.43793E-02    0.42012E-02    0.32929E-02    0.62196E-02    0.47243E-02    0.43453E-02    0.33952E-02    0.42602E+00    0.81153E-01    0.39977E+00    0.97204E-01    0.42420E+00    0.82403E-01    0.35897E+00    0.53240E-01    0.33991E+00    0.51160E-01    0.35761E+00    0.53092E-01    0.14861E-01    0.19137E-01    0.15209E-01    0.14861E-01    0.00000E+00    0.19137E-01    0.00000E+00    0.15209E-01    0.00000E+00    0.17240E+00    0.00000E+00    0.19564E+00    0.00000E+00    0.17441E+00    0.00000E+00    0.15127E+00    0.00000E+00    0.15833E+00    0.00000E+00    0.15184E+00    0.00000E+00    0.45907E-04    0.69990E-04    0.47532E-04    0.00000E+00    0.45907E-02    0.00000E+00    0.69990E-02    0.00000E+00    0.47532E-02    0.49123E+00    0.95819E-01    0.46726E+00    0.11831E+00    0.48965E+00    0.97501E-01    0.44083E+00    0.74223E-01    0.42734E+00    0.75793E-01    0.43992E+00    0.74329E-01
2500  0    0.42378E-02    0.62001E-02    0.43779E-02    0.42154E-02    0.22406E-02    0.61412E-02    0.58946E-02    0.43529E-02    0.25016E-02    0.40705E+00    0.66942E-01    0.38001E+00    0.10858E+00    0.40518E+00    0.70733E-01    0.34477E+00    0.37617E-01    0.32307E+00    0.51478E-01    0.34322E+00    0.38607E-01    0.14911E-01    0.18896E-01    0.15235E-01    0.14911E-01    0.00000E+00    0.18896E-01    0.00000E+00    0.15235E-01    0.00000E+00    0.17269E+00    0.00000E+00    0.19440E+00    0.00000E+00    0.17456E+00    0.00000E+00    0.14751E+00    0.00000E+00    0.15263E+00    0.00000E+00    0.14793E+00    0.00000E+00    0.31236E-04    0.87327E-04    0.35022E-04    0.00000E+00    0.31236E-02    0.00000E+00    0.87327E-02    0.00000E+00    0.35022E-02    0.46823E+00    0.79040E-01    0.44243E+00    0.13216E+00    0.46653E+00    0.83693E-01    0.42251E+00    0.52442E-01    0.40514E+00    0.76264E-01    0.42133E+00    0.54050E-01
3000  0    0.36256E-02    0.60824E-02    0.38011E-02    0.36061E-02    0.19439E-02    0.60664E-02    0.15903E-02    0.37819E-02    0.19187E-02    0.37422E+00    0.62353E-01    0.35254E+00    0.56397E-01    0.37271E+00    0.61947E-01    0.31349E+00    0.42881E-01    0.29728E+00    0.36804E-01    0.31233E+00    0.42447E-01    0.12756E-01    0.18666E-01    0.13237E-01    0.12756E-01    0.00000E+00    0.18666E-01    0.00000E+00    0.13237E-01    0.00000E+00    0.15973E+00    0.00000E+00    0.19321E+00    0.00000E+00    0.16271E+00    0.00000E+00    0.13496E+00    0.00000E+00    0.14414E+00    0.00000E+00    0.13571E+00    0.00000E+00    0.27101E-04    0.23560E-04    0.26862E-04    0.00000E+00    0.27101E-02    0.00000E+00    0.23560E-02    0.00000E+00    0.26862E-02    0.43032E+00    0.73621E-01    0.40762E+00    0.68644E-01    0.42882E+00    0.73296E-01    0.38385E+00    0.59780E-01    0.37101E+00    0.54524E-01    0.38298E+00    0.59425E-01
3500  0    0.32491E-02    0.56924E-02    0.34236E-02    0.32200E-02    0.29037E-02    0.56577E-02    0.34759E-02    0.33942E-02    0.29446E-02    0.34233E+00    0.76206E-01    0.32554E+00    0.83377E-01    0.34116E+00    0.76741E-01    0.28525E+00    0.51051E-01    0.27266E+00    0.51208E-01    0.28435E+00    0.51063E-01    0.11391E-01    0.17408E-01    0.11880E-01    0.11391E-01    0.00000E+00    0.17408E-01    0.00000E+00    0.11880E-01    0.00000E+00    0.15093E+00    0.00000E+00    0.18659E+00    0.00000E+00    0.15414E+00    0.00000E+00    0.12515E+00    0.00000E+00    0.13407E+00    0.00000E+00    0.12587E+00    0.00000E+00    0.40480E-04    0.51494E-04    0.41224E-04    0.00000E+00    0.40480E-02    0.00000E+00    0.51494E-02    0.00000E+00    0.41224E-02    0.39294E+00    0.89978E-01    0.37449E+00    0.10148E+00    0.39172E+00    0.90801E-01    0.34835E+00    0.71171E-01    0.33939E+00    0.75864E-01    0.34775E+00    0.71488E-01
4000  0    0.26460E-02    0.47306E-02    0.27949E-02    0.25818E-02    0.64224E-02    0.46398E-02    0.90819E-02    0.27288E-02    0.66124E-02    0.32124E+00    0.11334E+00    0.30987E+00    0.13477E+00    0.32044E+00    0.11500E+00    0.26854E+00    0.69972E-01    0.26189E+00    0.84166E-01    0.26806E+00    0.70986E-01    0.91328E-02    0.14276E-01    0.95507E-02    0.91328E-02    0.00000E+00    0.14276E-01    0.00000E+00    0.95507E-02    0.00000E+00    0.13515E+00    0.00000E+00    0.16897E+00    0.00000E+00    0.13821E+00    0.00000E+00    0.11637E+00    0.00000E+00    0.12807E+00    0.00000E+00    0.11732E+00    0.00000E+00    0.89535E-04    0.13455E-03    0.92573E-04    0.00000E+00    0.89535E-02    0.00000E+00    0.13455E-01    0.00000E+00    0.92573E-02    0.36968E+00    0.13382E+00    0.35847E+00    0.16404E+00    0.36894E+00    0.13607E+00    0.32851E+00    0.97549E-01    0.32632E+00    0.12469E+00    0.32836E+00    0.99381E-01
4500  0    0.21674E-02    0.35321E-02    0.22649E-02    0.21023E-02    0.65058E-02    0.34455E-02    0.86623E-02    0.21983E-02    0.66598E-02    0.25416E+00    0.11407E+00    0.24982E+00    0.13162E+00    0.25385E+00    0.11541E+00    0.21103E+00    0.76302E-01    0.20683E+00    0.86035E-01    0.21073E+00    0.76998E-01    0.74368E-02    0.10601E-01    0.76939E-02    0.74368E-02    0.00000E+00    0.10601E-01    0.00000E+00    0.76939E-02    0.00000E+00    0.12196E+00    0.00000E+00    0.14561E+00    0.00000E+00    0.12405E+00    0.00000E+00    0.10137E+00    0.00000E+00    0.10608E+00    0.00000E+00    0.10176E+00    0.00000E+00    0.90697E-04    0.12833E-03    0.93237E-04    0.00000E+00    0.90697E-02    0.00000E+00    0.12833E-01    0.00000E+00    0.93237E-02    0.29016E+00    0.13468E+00    0.28680E+00    0.16021E+00    0.28993E+00    0.13656E+00    0.25424E+00    0.10637E+00    0.25534E+00    0.12746E+00    0.25432E+00    0.10780E+00
5000  0    0.19417E-02    0.22707E-02    0.19652E-02    0.18421E-02    0.99680E-02    0.21270E-02    0.14371E-01    0.18624E-02    0.10283E-01    0.25048E+00    0.14120E+00    0.24768E+00    0.16953E+00    0.25028E+00    0.14341E+00    0.20966E+00    0.96219E-01    0.20668E+00    0.11375E+00    0.20944E+00    0.97472E-01    0.65161E-02    0.65446E-02    0.65184E-02    0.65161E-02    0.00000E+00    0.65446E-02    0.00000E+00    0.65184E-02    0.00000E+00    0.11416E+00    0.00000E+00    0.11441E+00    0.00000E+00    0.11418E+00    0.00000E+00    0.99590E-01    0.00000E+00    0.97074E-01    0.00000E+00    0.99386E-01    0.00000E+00    0.13896E-03    0.21290E-03    0.14396E-03    0.00000E+00    0.13896E-01    0.00000E+00    0.21290E-01    0.00000E+00    0.14396E-01    0.28694E+00    0.16671E+00    0.29082E+00    0.20635E+00    0.28720E+00    0.16968E+00    0.25303E+00    0.13414E+00    0.25945E+00    0.16852E+00    0.25347E+00    0.13646E+00
5500  1    0.22479E-02    0.55394E-02    0.24830E-02    0.20767E-02    0.17118E-01    0.53337E-02    0.20565E-01    0.23094E-02    0.17364E-01    0.19294E+00    0.18503E+00    0.19910E+00    0.20281E+00    0.19338E+00    0.18636E+00    0.16226E+00    0.12742E+00    0.17311E+00    0.14328E+00    0.16304E+00    0.12856E+00    0.73462E-02    0.16411E-01    0.80827E-02    0.73462E-02    0.00000E+00    0.16411E-01    0.00000E+00    0.80827E-02    0.00000E+00    0.12121E+00    0.00000E+00    0.18117E+00    0.00000E+00    0.12714E+00    0.00000E+00    0.90461E-01    0.00000E+00    0.13563E+00    0.00000E+00    0.94131E-01    0.00000E+00    0.23864E-03    0.30467E-03    0.24310E-03    0.00000E+00    0.23864E-01    0.00000E+00    0.30467E-01    0.00000E+00    0.24310E-01    0.21472E+00    0.21847E+00    0.20718E+00    0.24685E+00    0.21422E+00    0.22050E+00    0.19056E+00    0.17764E+00    0.19115E+00    0.21226E+00    0.19060E+00    0.17998E+00
6000  2    0.20365E-02    0.31401E-02    0.21153E-02    0.18988E-02    0.13761E-01    0.30342E-02    0.10589E-01    0.19799E-02    0.13535E-01    0.23570E+00    0.16590E+00    0.23442E+00    0.14553E+00    0.23561E+00    0.16453E+00    0.20663E+00    0.11757E+00    0.21003E+00    0.10243E+00    0.20687E+00    0.11649E+00    0.67170E-02    0.93359E-02    0.69298E-02    0.67170E-02    0.00000E+00    0.93359E-02    0.00000E+00    0.69298E-02    0.00000E+00    0.11591E+00    0.00000E+00    0.13664E+00    0.00000E+00    0.11773E+00    0.00000E+00    0.99302E-01    0.00000E+00    0.11906E+00    0.00000E+00    0.10091E+00    0.00000E+00    0.19185E-03    0.15688E-03    0.18949E-03    0.00000E+00    0.19185E-01    0.00000E+00    0.15688E-01    0.00000E+00    0.18949E-01    0.26862E+00    0.19588E+00    0.26911E+00    0.17713E+00    0.26865E+00    0.19467E+00    0.24893E+00    0.16391E+00    0.25383E+00    0.15175E+00    0.24926E+00    0.16309E+00
6500  3    0.13360E-02    0.24615E-02    0.14164E-02    0.11785E-02    0.15749E-01    0.22460E-02    0.21553E-01    0.12548E-02    0.16164E-01    0.12583E+00    0.17748E+00    0.13620E+00    0.20762E+00    0.12660E+00    0.17980E+00    0.10202E+00    0.12113E+00    0.11634E+00    0.14496E+00    0.10304E+00    0.12283E+00    0.41689E-02    0.69107E-02    0.43916E-02    0.41689E-02    0.00000E+00    0.69107E-02    0.00000E+00    0.43916E-02    0.00000E+00    0.91311E-01    0.00000E+00    0.11756E+00    0.00000E+00    0.93719E-01    0.00000E+00    0.70903E-01    0.00000E+00    0.81902E-01    0.00000E+00    0.71797E-01    0.00000E+00    0.21956E-03    0.31931E-03    0.22630E-03    0.00000E+00    0.21956E-01    0.00000E+00    0.31931E-01    0.00000E+00    0.22630E-01    0.13706E+00    0.20955E+00    0.14431E+00    0.25271E+00    0.13756E+00    0.21274E+00    0.11428E+00    0.16887E+00    0.13292E+00    0.21475E+00    0.11553E+00    0.17197E+00
7000  0    0.79347E-03    0.14607E-02    0.84113E-03    0.73605E-03    0.57413E-02    0.14027E-02    0.58078E-02    0.78367E-03    0.57460E-02    0.13996E+00    0.10716E+00    0.14753E+00    0.10778E+00    0.14051E+00    0.10720E+00    0.11767E+00    0.69390E-01    0.12640E+00    0.70861E-01    0.11830E+00    0.69495E-01    0.26037E-02    0.43159E-02    0.27428E-02    0.26037E-02    0.00000E+00    0.43159E-02    0.00000E+00    0.27428E-02    0.00000E+00    0.72163E-01    0.00000E+00    0.92907E-01    0.00000E+00    0.74065E-01    0.00000E+00    0.61038E-01    0.00000E+00    0.72574E-01    0.00000E+00    0.61975E-01    0.00000E+00    0.80039E-04    0.86041E-04    0.80444E-04    0.00000E+00    0.80039E-02    0.00000E+00    0.86041E-02    0.00000E+00    0.80444E-02    0.15892E+00    0.12652E+00    0.16760E+00    0.13118E+00    0.15952E+00    0.12684E+00    0.13999E+00    0.96737E-01    0.15232E+00    0.10498E+00    0.14082E+00    0.97293E-01
7500  0    0.62067E-03    0.14458E-02    0.67961E-03    0.57581E-03    0.44858E-02    0.14089E-02    0.36909E-02    0.63532E-03    0.44290E-02    0.93467E-01    0.94719E-01    0.10613E+00    0.85917E-01    0.94427E-01    0.94117E-01    0.75542E-01    0.64653E-01    0.88288E-01    0.58318E-01    0.76452E-01    0.64201E-01    0.20369E-02    0.43351E-02    0.22236E-02    0.20369E-02    0.00000E+00    0.43351E-02    0.00000E+00    0.22236E-02    0.00000E+00    0.63826E-01    0.00000E+00    0.93114E-01    0.00000E+00    0.66687E-01    0.00000E+00    0.50299E-01    0.00000E+00    0.63303E-01    0.00000E+00    0.51355E-01    0.00000E+00    0.62537E-04    0.54680E-04    0.62007E-04    0.00000E+00    0.62537E-02    0.00000E+00    0.54680E-02    0.00000E+00    0.62007E-02    0.10283E+00    0.11184E+00    0.11185E+00    0.10457E+00    0.10346E+00    0.11136E+00    0.85490E-01    0.90133E-01    0.10032E+00    0.86397E-01    0.86491E-01    0.89881E-01
8000  0    0.69685E-03    0.13658E-02    0.74463E-03    0.53475E-03    0.16209E-01    0.11941E-02    0.17171E-01    0.58185E-03    0.16278E-01    0.93851E-01    0.18005E+00    0.10442E+00    0.18532E+00    0.94645E-01    0.18043E+00    0.76743E-01    0.11169E+00    0.85862E-01    0.11931E+00    0.77395E-01    0.11223E+00    0.18916E-02    0.36742E-02    0.20365E-02    0.18916E-02    0.00000E+00    0.36742E-02    0.00000E+00    0.20365E-02    0.00000E+00    0.61508E-01    0.00000E+00    0.85723E-01    0.00000E+00    0.63820E-01    0.00000E+00    0.49192E-01    0.00000E+00    0.60430E-01    0.00000E+00    0.50105E-01    0.00000E+00    0.22597E-03    0.25439E-03    0.22789E-03    0.00000E+00    0.22597E-01    0.00000E+00    0.25439E-01    0.00000E+00    0.22789E-01    0.10387E+00    0.21259E+00    0.11232E+00    0.22556E+00    0.10446E+00    0.21349E+00    0.87601E-01    0.15570E+00    0.98107E-01    0.17676E+00    0.88310E-01    0.15712E+00
8500  0    0.63088E-03    0.69714E-03    0.63561E-03    0.55746E-03    0.73417E-02    0.59626E-03    0.10087E-01    0.56023E-03    0.75378E-02    0.10027E+00    0.12118E+00    0.10661E+00    0.14204E+00    0.10073E+00    0.12278E+00    0.79250E-01    0.82637E-01    0.84665E-01    0.98755E-01    0.79637E-01    0.83788E-01    0.19720E-02    0.18347E-02    0.19608E-02    0.19720E-02    0.00000E+00    0.18347E-02    0.00000E+00    0.19608E-02    0.00000E+00    0.62801E-01    0.00000E+00    0.60575E-01    0.00000E+00    0.62623E-01    0.00000E+00    0.50745E-01    0.00000E+00    0.44690E-01    0.00000E+00    0.50253E-01    0.00000E+00    0.10235E-03    0.14944E-03    0.10553E-03    0.00000E+00    0.10235E-01    0.00000E+00    0.14944E-01    0.00000E+00    0.10553E-01    0.11163E+00    0.14307E+00    0.12277E+00    0.17288E+00    0.11242E+00    0.14528E+00    0.90484E-01    0.11520E+00    0.10391E+00    0.14630E+00    0.91390E-01    0.11730E+00
9000  1    0.40977E-03    0.82062E-03    0.43911E-03    0.35690E-03    0.52869E-02    0.76754E-03    0.53085E-02    0.38623E-03    0.52884E-02    0.64750E-01    0.10283E+00    0.78284E-01    0.10304E+00    0.65809E-01    0.10284E+00    0.52243E-01    0.64567E-01    0.67892E-01    0.66097E-01    0.53361E-01    0.64676E-01    0.12625E-02    0.23617E-02    0.13518E-02    0.12625E-02    0.00000E+00    0.23617E-02    0.00000E+00    0.13518E-02    0.00000E+00    0.50249E-01    0.00000E+00    0.68726E-01    0.00000E+00    0.51996E-01    0.00000E+00    0.38379E-01    0.00000E+00    0.53615E-01    0.00000E+00    0.39617E-01    0.00000E+00    0.73704E-04    0.78644E-04    0.74038E-04    0.00000E+00    0.73704E-02    0.00000E+00    0.78644E-02    0.00000E+00    0.74038E-02    0.69641E-01    0.12141E+00    0.82492E-01    0.12541E+00    0.70582E-01    0.12169E+00    0.57707E-01    0.90013E-01    0.74766E-01    0.97922E-01    0.58858E-01    0.90546E-01
9500  2    0.40759E-03    0.69903E-03    0.42841E-03    0.28979E-03    0.11780E-01    0.48083E-03    0.21819E-01    0.30344E-03    0.12497E-01    0.72805E-01    0.15349E+00    0.84290E-01    0.20890E+00    0.73685E-01    0.15810E+00    0.57675E-01    0.10293E+00    0.69777E-01    0.14641E+00    0.58540E-01    0.10603E+00    0.10251E-02    0.14795E-02    0.10620E-02    0.10251E-02    0.00000E+00    0.14795E-02    0.00000E+00    0.10620E-02    0.00000E+00    0.45280E-01    0.00000E+00    0.54397E-01    0.00000E+00    0.46088E-01    0.00000E+00    0.37769E-01    0.00000E+00    0.41186E-01    0.00000E+00    0.38047E-01    0.00000E+00    0.16423E-03    0.32325E-03    0.17496E-03    0.00000E+00    0.16423E-01    0.00000E+00    0.32325E-01    0.00000E+00    0.17496E-01    0.81127E-01    0.18123E+00    0.95399E-01    0.25426E+00    0.82168E-01    0.18706E+00    0.65520E-01    0.14349E+00    0.83543E-01    0.21690E+00    0.66737E-01    0.14845E+00
10000  3    0.39116E-03    0.75764E-03    0.41734E-03    0.33439E-03    0.56768E-02    0.71290E-03    0.44747E-02    0.36143E-03    0.55910E-02    0.55640E-01    0.10655E+00    0.65346E-01    0.94602E-01    0.56389E-01    0.10574E+00    0.45955E-01    0.65707E-01    0.53710E-01    0.65714E-01    0.46508E-01    0.65708E-01    0.11829E-02    0.21935E-02    0.12650E-02    0.11829E-02    0.00000E+00    0.21935E-02    0.00000E+00    0.12650E-02    0.00000E+00    0.48639E-01    0.00000E+00    0.66235E-01    0.00000E+00    0.50299E-01    0.00000E+00    0.39119E-01    0.00000E+00    0.48473E-01    0.00000E+00    0.39879E-01    0.00000E+00    0.79141E-04    0.66293E-04    0.78274E-04    0.00000E+00    0.79141E-02    0.00000E+00    0.66293E-02    0.00000E+00    0.78274E-02    0.58168E-01    0.12581E+00    0.64913E-01    0.11515E+00    0.58648E-01    0.12512E+00    0.48648E-01    0.91603E-01    0.56231E-01    0.97354E-01    0.49160E-01    0.91991E-01
10500  0    0.36738E-03    0.40465E-03    0.37004E-03    0.32947E-03    0.37909E-02    0.36508E-03    0.39575E-02    0.33202E-03    0.38028E-02    0.71907E-01    0.87073E-01    0.80859E-01    0.88967E-01    0.72583E-01    0.87210E-01    0.56403E-01    0.53571E-01    0.65462E-01    0.54452E-01    0.57050E-01    0.53634E-01    0.11655E-02    0.11233E-02    0.11621E-02    0.11655E-02    0.00000E+00    0.11233E-02    0.00000E+00    0.11621E-02    0.00000E+00    0.48280E-01    0.00000E+00    0.47399E-01    0.00000E+00    0.48209E-01    0.00000E+00    0.38442E-01    0.00000E+00    0.38681E-01    0.00000E+00    0.38461E-01    0.00000E+00    0.52849E-04    0.58630E-04    0.53239E-04    0.00000E+00    0.52849E-02    0.00000E+00    0.58630E-02    0.00000E+00    0.53239E-02    0.79308E-01    0.10281E+00    0.92761E-01    0.10829E+00    0.80287E-01    0.10319E+00    0.63482E-01    0.74683E-01    0.78356E-01    0.80669E-01    0.64486E-01    0.75087E-01
11000  1    0.16763E-02    0.17671E-02    0.16828E-02    0.15726E-02    0.10376E-01    0.17015E-02    0.65604E-02    0.15818E-02    0.10103E-01    0.12468E+00    0.14406E+00    0.13844E+00    0.11455E+00    0.12572E+00    0.14215E+00    0.10983E+00    0.10389E+00    0.12167E+00    0.73548E-01    0.11068E+00    0.10172E+00    0.55628E-02    0.52352E-02    0.55362E-02    0.55628E-02    0.00000E+00    0.52352E-02    0.00000E+00    0.55362E-02    0.00000E+00    0.10548E+00    0.00000E+00    0.10233E+00    0.00000E+00    0.10523E+00    0.00000E+00    0.95425E-01    0.00000E+00    0.88523E-01    0.00000E+00    0.94864E-01    0.00000E+00    0.14465E-03    0.97191E-04    0.14145E-03    0.00000E+00    0.14465E-01    0.00000E+00    0.97191E-02    0.00000E+00    0.14145E-01    0.13149E+00    0.17009E+00    0.15281E+00    0.13942E+00    0.13303E+00    0.16819E+00    0.11551E+00    0.14483E+00    0.13763E+00    0.10896E+00    0.11700E+00    0.14241E+00
11500  0    0.31946E-03    0.37487E-03    0.32341E-03    0.22933E-03    0.90125E-02    0.31676E-03    0.58110E-02    0.23558E-03    0.87838E-02    0.58364E-01    0.13426E+00    0.62605E-01    0.10781E+00    0.58677E-01    0.13254E+00    0.49972E-01    0.87282E-01    0.53131E-01    0.70100E-01    0.50197E-01    0.86055E-01    0.81124E-03    0.97465E-03    0.82451E-03    0.81124E-03    0.00000E+00    0.97465E-03    0.00000E+00    0.82451E-03    0.00000E+00    0.40280E-01    0.00000E+00    0.44151E-01    0.00000E+00    0.40608E-01    0.00000E+00    0.34939E-01    0.00000E+00    0.32439E-01    0.00000E+00    0.34736E-01    0.00000E+00    0.12564E-03    0.86089E-04    0.12297E-03    0.00000E+00    0.12564E-01    0.00000E+00    0.86089E-02    0.00000E+00    0.12297E-01    0.64104E-01    0.15852E+00    0.69770E-01    0.13122E+00    0.64503E-01    0.15683E+00    0.55896E-01    0.12168E+00    0.63094E-01    0.10385E+00    0.56382E-01    0.12048E+00
12000  1    0.77482E-03    0.77324E-03    0.77471E-03    0.62989E-03    0.14493E-01    0.56695E-03    0.20630E-01    0.62539E-03    0.14931E-01    0.84144E-01    0.17025E+00    0.93484E-01    0.20312E+00    0.84846E-01    0.17281E+00    0.68822E-01    0.11130E+00    0.77444E-01    0.13377E+00    0.69438E-01    0.11290E+00    0.22282E-02    0.17444E-02    0.21889E-02    0.22282E-02    0.00000E+00    0.17444E-02    0.00000E+00    0.21889E-02    0.00000E+00    0.66756E-01    0.00000E+00    0.59067E-01    0.00000E+00    0.66165E-01    0.00000E+00    0.57365E-01    0.00000E+00    0.51333E-01    0.00000E+00    0.56875E-01    0.00000E+00    0.20205E-03    0.30563E-03    0.20904E-03    0.00000E+00    0.20205E-01    0.00000E+00    0.30563E-01    0.00000E+00    0.20904E-01    0.90080E-01    0.20102E+00    0.10615E+00    0.24723E+00    0.91253E-01    0.20447E+00    0.73337E-01    0.15516E+00    0.90016E-01    0.19818E+00    0.74463E-01    0.15807E+00
12500  2    0.20900E-03    0.44903E-03    0.22615E-03    0.16120E-03    0.47806E-02    0.38461E-03    0.64419E-02    0.17715E-03    0.48992E-02    0.46022E-01    0.97781E-01    0.55563E-01    0.11351E+00    0.46769E-01    0.98987E-01    0.37404E-01    0.64237E-01    0.46300E-01    0.76646E-01    0.38039E-01    0.65123E-01    0.57022E-03    0.11834E-02    0.62004E-03    0.57022E-03    0.00000E+00    0.11834E-02    0.00000E+00    0.62004E-03    0.00000E+00    0.33770E-01    0.00000E+00    0.48650E-01    0.00000E+00    0.35215E-01    0.00000E+00    0.26589E-01    0.00000E+00    0.34758E-01    0.00000E+00    0.27253E-01    0.00000E+00    0.66646E-04    0.95436E-04    0.68589E-04    0.00000E+00    0.66646E-02    0.00000E+00    0.95436E-02    0.00000E+00    0.68589E-02    0.50034E-01    0.11545E+00    0.58601E-01    0.13816E+00    0.50658E-01    0.11712E+00    0.41666E-01    0.89553E-01    0.51857E-01    0.11355E+00    0.42354E-01    0.91172E-01
13000  0    0.22416E-03    0.27956E-03    0.22812E-03    0.16474E-03    0.59417E-02    0.20855E-03    0.71007E-02    0.16787E-03    0.60245E-02    0.53436E-01    0.10901E+00    0.59939E-01    0.11917E+00    0.53926E-01    0.10977E+00    0.43429E-01    0.74232E-01    0.48743E-01    0.76702E-01    0.43808E-01    0.74409E-01    0.58276E-03    0.64169E-03    0.58755E-03    0.58276E-03    0.00000E+00    0.64169E-03    0.00000E+00    0.58755E-03    0.00000E+00    0.34140E-01    0.00000E+00    0.35824E-01    0.00000E+00    0.34280E-01    0.00000E+00    0.28676E-01    0.00000E+00    0.28036E-01    0.00000E+00    0.28624E-01    0.00000E+00    0.82834E-04    0.10520E-03    0.84343E-04    0.00000E+00    0.82834E-02    0.00000E+00    0.10520E-01    0.00000E+00    0.84343E-02    0.59341E-01    0.12871E+00    0.68590E-01    0.14505E+00    0.60010E-01    0.12988E+00    0.49243E-01    0.10349E+00    0.58713E-01    0.11363E+00    0.49882E-01    0.10417E+00
13500  0    0.19714E-03    0.21111E-03    0.19813E-03    0.15568E-03    0.41459E-02    0.16905E-03    0.42067E-02    0.15663E-03    0.41503E-02    0.51150E-01    0.91060E-01    0.56173E-01    0.91724E-01    0.51525E-01    0.91107E-01    0.41976E-01    0.62054E-01    0.45611E-01    0.63122E-01    0.42236E-01    0.62131E-01    0.55070E-03    0.52014E-03    0.54821E-03    0.55070E-03    0.00000E+00    0.52014E-03    0.00000E+00    0.54821E-03    0.00000E+00    0.33187E-01    0.00000E+00    0.32253E-01    0.00000E+00    0.33112E-01    0.00000E+00    0.27724E-01    0.00000E+00    0.25462E-01    0.00000E+00    0.27540E-01    0.00000E+00    0.57798E-04    0.62321E-04    0.58104E-04    0.00000E+00    0.57798E-02    0.00000E+00    0.62321E-02    0.00000E+00    0.58104E-02    0.56687E-01    0.10752E+00    0.64605E-01    0.11164E+00    0.57256E-01    0.10780E+00    0.47593E-01    0.86510E-01    0.55312E-01    0.93514E-01    0.48114E-01    0.86983E-01
14000  1    0.16775E-03    0.34455E-03    0.18038E-03    0.14272E-03    0.25027E-02    0.30459E-03    0.39962E-02    0.15429E-03    0.26094E-02    0.45227E-01    0.70749E-01    0.51673E-01    0.89400E-01    0.45717E-01    0.72241E-01    0.37229E-01    0.40716E-01    0.42121E-01    0.43446E-01    0.37579E-01    0.40911E-01    0.50488E-03    0.93720E-03    0.54000E-03    0.50488E-03    0.00000E+00    0.93720E-03    0.00000E+00    0.54000E-03    0.00000E+00    0.31777E-01    0.00000E+00    0.43294E-01    0.00000E+00    0.32863E-01    0.00000E+00    0.25511E-01    0.00000E+00    0.27827E-01    0.00000E+00    0.25699E-01    0.00000E+00    0.34890E-04    0.59203E-04    0.36531E-04    0.00000E+00    0.34890E-02    0.00000E+00    0.59203E-02    0.00000E+00    0.36531E-02    0.49534E-01    0.83535E-01    0.55255E-01    0.10881E+00    0.49941E-01    0.85477E-01    0.41847E-01    0.56762E-01    0.49004E-01    0.64364E-01    0.42331E-01    0.57275E-01
14500  2    0.20031E-03    0.43655E-03    0.21719E-03    0.13447E-03    0.65839E-02    0.35048E-03    0.86072E-02    0.14990E-03    0.67284E-02    0.46094E-01    0.11475E+00    0.51416E-01    0.13120E+00    0.46494E-01    0.11600E+00    0.38164E-01    0.79185E-01    0.42687E-01    0.86779E-01    0.38487E-01    0.79727E-01    0.47568E-03    0.10784E-02    0.52466E-03    0.47568E-03    0.00000E+00    0.10784E-02    0.00000E+00    0.52466E-03    0.00000E+00    0.30844E-01    0.00000E+00    0.46441E-01    0.00000E+00    0.32393E-01    0.00000E+00    0.26051E-01    0.00000E+00    0.32142E-01    0.00000E+00    0.26546E-01    0.00000E+00    0.91787E-04    0.12751E-03    0.94198E-04    0.00000E+00    0.91787E-02    0.00000E+00    0.12751E-01    0.00000E+00    0.94198E-02    0.50863E-01    0.13549E+00    0.53646E-01    0.15970E+00    0.51056E-01    0.13726E+00    0.42937E-01    0.11039E+00    0.47765E-01    0.12856E+00    0.43263E-01    0.11162E+00
15000  3    0.18521E-03    0.42146E-03    0.20208E-03    0.16148E-03    0.23731E-02    0.40078E-03    0.20681E-02    0.17857E-03    0.23513E-02    0.47866E-01    0.68892E-01    0.49757E-01    0.64314E-01    0.48003E-01    0.68575E-01    0.38945E-01    0.47123E-01    0.40915E-01    0.42892E-01    0.39086E-01    0.46821E-01    0.57122E-03    0.12332E-02    0.62500E-03    0.57122E-03    0.00000E+00    0.12332E-02    0.00000E+00    0.62500E-03    0.00000E+00    0.33800E-01    0.00000E+00    0.49662E-01    0.00000E+00    0.35355E-01    0.00000E+00    0.27008E-01    0.00000E+00    0.37150E-01    0.00000E+00    0.27832E-01    0.00000E+00    0.33083E-04    0.30639E-04    0.32918E-04    0.00000E+00    0.33083E-02    0.00000E+00    0.30639E-02    0.00000E+00    0.32918E-02    0.52382E-01    0.81342E-01    0.49803E-01    0.78280E-01    0.52212E-01    0.81139E-01    0.43650E-01    0.65694E-01    0.42727E-01    0.63543E-01    0.43587E-01    0.65549E-01
15500  4    0.26214E-03    0.48439E-03    0.27801E-03    0.17064E-03    0.91501E-02    0.30573E-03    0.17866E-01    0.18029E-03    0.97727E-02    0.46605E-01    0.13528E+00    0.52191E-01    0.18903E+00    0.47026E-01    0.13980E+00    0.38279E-01    0.77144E-01    0.42706E-01    0.11218E+00    0.38595E-01    0.79646E-01    0.60362E-03    0.94070E-03    0.63101E-03    0.60362E-03    0.00000E+00    0.94070E-03    0.00000E+00    0.63101E-03    0.00000E+00    0.34745E-01    0.00000E+00    0.43375E-01    0.00000E+00    0.35525E-01    0.00000E+00    0.27213E-01    0.00000E+00    0.28900E-01    0.00000E+00    0.27350E-01    0.00000E+00    0.12756E-03    0.26468E-03    0.13682E-03    0.00000E+00    0.12756E-01    0.00000E+00    0.26468E-01    0.00000E+00    0.13682E-01    0.50520E-01    0.15973E+00    0.55943E-01    0.23008E+00    0.50904E-01    0.16542E+00    0.42640E-01    0.10755E+00    0.49354E-01    0.16620E+00    0.43094E-01    0.11151E+00
16000  0    0.12499E-03    0.18815E-03    0.12950E-03    0.94309E-04    0.30677E-02    0.16650E-03    0.21650E-02    0.99466E-04    0.30032E-02    0.43392E-01    0.78329E-01    0.45180E-01    0.65803E-01    0.43522E-01    0.77501E-01    0.36226E-01    0.44970E-01    0.36929E-01    0.39940E-01    0.36276E-01    0.44610E-01    0.33361E-03    0.51230E-03    0.34813E-03    0.33361E-03    0.00000E+00    0.51230E-03    0.00000E+00    0.34813E-03    0.00000E+00    0.25831E-01    0.00000E+00    0.32009E-01    0.00000E+00    0.26387E-01    0.00000E+00    0.22537E-01    0.00000E+00    0.21414E-01    0.00000E+00    0.22446E-01    0.00000E+00    0.42767E-04    0.32075E-04    0.42045E-04    0.00000E+00    0.42767E-02    0.00000E+00    0.32075E-02    0.00000E+00    0.42045E-02    0.48600E-01    0.92484E-01    0.50307E-01    0.80093E-01    0.48717E-01    0.91701E-01    0.41621E-01    0.62692E-01    0.44399E-01    0.59171E-01    0.41808E-01    0.62455E-01
16500  1    0.12525E-03    0.19561E-03    0.13028E-03    0.91277E-04    0.33972E-02    0.17785E-03    0.17764E-02    0.97461E-04    0.32815E-02    0.41424E-01    0.82429E-01    0.44734E-01    0.59605E-01    0.41669E-01    0.81012E-01    0.34154E-01    0.46799E-01    0.37311E-01    0.36934E-01    0.34379E-01    0.46094E-01    0.32289E-03    0.54722E-03    0.34111E-03    0.32289E-03    0.00000E+00    0.54722E-03    0.00000E+00    0.34111E-03    0.00000E+00    0.25412E-01    0.00000E+00    0.33082E-01    0.00000E+00    0.26119E-01    0.00000E+00    0.21513E-01    0.00000E+00    0.23245E-01    0.00000E+00    0.21654E-01    0.00000E+00    0.47361E-04    0.26317E-04    0.45940E-04    0.00000E+00    0.47361E-02    0.00000E+00    0.26317E-02    0.00000E+00    0.45940E-02    0.46235E-01    0.97325E-01    0.49373E-01    0.72549E-01    0.46454E-01    0.95855E-01    0.39135E-01    0.65242E-01    0.44083E-01    0.54717E-01    0.39469E-01    0.64532E-01
17000  2    0.11637E-03    0.26684E-03    0.12712E-03    0.10211E-03    0.14262E-02    0.24382E-03    0.23020E-02    0.11223E-03    0.14888E-02    0.43958E-01    0.53408E-01    0.43938E-01    0.67852E-01    0.43957E-01    0.54567E-01    0.36296E-01    0.33583E-01    0.36308E-01    0.41811E-01    0.36297E-01    0.34171E-01    0.36120E-03    0.75022E-03    0.39280E-03    0.36120E-03    0.00000E+00    0.75022E-03    0.00000E+00    0.39280E-03    0.00000E+00    0.26877E-01    0.00000E+00    0.38735E-01    0.00000E+00    0.28029E-01    0.00000E+00    0.22038E-01    0.00000E+00    0.26921E-01    0.00000E+00    0.22435E-01    0.00000E+00    0.19883E-04    0.34103E-04    0.20843E-04    0.00000E+00    0.19883E-02    0.00000E+00    0.34103E-02    0.00000E+00    0.20843E-02    0.49083E-01    0.63060E-01    0.46235E-01    0.82587E-01    0.48896E-01    0.64565E-01    0.41915E-01    0.46818E-01    0.40828E-01    0.61942E-01    0.41842E-01    0.47839E-01
17500  0    0.13639E-03    0.16561E-03    0.13848E-03    0.11205E-03    0.24345E-02    0.13762E-03    0.27995E-02    0.11387E-03    0.24606E-02    0.45058E-01    0.69779E-01    0.44252E-01    0.74826E-01    0.45001E-01    0.70151E-01    0.38354E-01    0.46354E-01    0.36936E-01    0.48216E-01    0.38252E-01    0.46487E-01    0.39635E-03    0.42343E-03    0.39855E-03    0.39635E-03    0.00000E+00    0.42343E-03    0.00000E+00    0.39855E-03    0.00000E+00    0.28155E-01    0.00000E+00    0.29101E-01    0.00000E+00    0.28233E-01    0.00000E+00    0.23692E-01    0.00000E+00    0.20469E-01    0.00000E+00    0.23430E-01    0.00000E+00    0.33940E-04    0.41474E-04    0.34448E-04    0.00000E+00    0.33940E-02    0.00000E+00    0.41474E-02    0.00000E+00    0.34448E-02    0.50179E-01    0.82389E-01    0.49933E-01    0.91075E-01    0.50162E-01    0.83004E-01    0.44132E-01    0.64622E-01    0.44865E-01    0.71432E-01    0.44181E-01    0.65082E-01
18000  1    0.20309E-03    0.20415E-03    0.20317E-03    0.17821E-03    0.24878E-02    0.17170E-03    0.32448E-02    0.17775E-03    0.25418E-02    0.51562E-01    0.70537E-01    0.54509E-01    0.80559E-01    0.51778E-01    0.71300E-01    0.42626E-01    0.45438E-01    0.45128E-01    0.50988E-01    0.42804E-01    0.45834E-01    0.63041E-03    0.52830E-03    0.62212E-03    0.63041E-03    0.00000E+00    0.52830E-03    0.00000E+00    0.62212E-03    0.00000E+00    0.35508E-01    0.00000E+00    0.32505E-01    0.00000E+00    0.35274E-01    0.00000E+00    0.28774E-01    0.00000E+00    0.25945E-01    0.00000E+00    0.28544E-01    0.00000E+00    0.34682E-04    0.48072E-04    0.35586E-04    0.00000E+00    0.34682E-02    0.00000E+00    0.48072E-02    0.00000E+00    0.35586E-02    0.56653E-01    0.83285E-01    0.62395E-01    0.98053E-01    0.57059E-01    0.84363E-01    0.48085E-01    0.63345E-01    0.54364E-01    0.75538E-01    0.48509E-01    0.64168E-01
18500  2    0.20739E-03    0.42170E-03    0.22269E-03    0.79780E-04    0.12760E-01    0.20636E-03    0.21534E-01    0.88822E-04    0.13387E-01    0.40359E-01    0.15975E+00    0.40894E-01    0.20753E+00    0.40397E-01    0.16363E+00    0.32593E-01    0.10557E+00    0.33648E-01    0.13443E+00    0.32669E-01    0.10763E+00    0.28222E-03    0.63496E-03    0.31088E-03    0.28222E-03    0.00000E+00    0.63496E-03    0.00000E+00    0.31088E-03    0.00000E+00    0.23758E-01    0.00000E+00    0.35636E-01    0.00000E+00    0.24935E-01    0.00000E+00    0.19865E-01    0.00000E+00    0.25580E-01    0.00000E+00    0.20329E-01    0.00000E+00    0.17789E-03    0.31902E-03    0.18742E-03    0.00000E+00    0.17789E-01    0.00000E+00    0.31902E-01    0.00000E+00    0.18742E-01    0.45258E-01    0.18862E+00    0.43198E-01    0.25259E+00    0.45122E-01    0.19361E+00    0.37610E-01    0.14718E+00    0.37533E-01    0.19916E+00    0.37605E-01    0.15068E+00
19000  0    0.10915E-03    0.13576E-03    0.11105E-03    0.84975E-04    0.24179E-02    0.10910E-03    0.26659E-02    0.86698E-04    0.24356E-02    0.43222E-01    0.69539E-01    0.42441E-01    0.73019E-01    0.43167E-01    0.69794E-01    0.35813E-01    0.44637E-01    0.34837E-01    0.46982E-01    0.35744E-01    0.44804E-01    0.30059E-03    0.33569E-03    0.30344E-03    0.30059E-03    0.00000E+00    0.33569E-03    0.00000E+00    0.30344E-03    0.00000E+00    0.24519E-01    0.00000E+00    0.25911E-01    0.00000E+00    0.24635E-01    0.00000E+00    0.21610E-01    0.00000E+00    0.21399E-01    0.00000E+00    0.21593E-01    0.00000E+00    0.33707E-04    0.39495E-04    0.34098E-04    0.00000E+00    0.33707E-02    0.00000E+00    0.39495E-02    0.00000E+00    0.34098E-02    0.48656E-01    0.82106E-01    0.48428E-01    0.88876E-01    0.48641E-01    0.82581E-01    0.41411E-01    0.62228E-01    0.41307E-01    0.69602E-01    0.41404E-01    0.62726E-01
19500  1    0.13559E-03    0.22708E-03    0.14213E-03    0.11481E-03    0.20786E-02    0.19367E-03    0.33418E-02    0.12044E-03    0.21688E-02    0.46137E-01    0.64476E-01    0.46929E-01    0.81753E-01    0.46194E-01    0.65860E-01    0.37609E-01    0.43209E-01    0.39431E-01    0.54461E-01    0.37739E-01    0.44012E-01    0.40611E-03    0.59589E-03    0.42153E-03    0.40611E-03    0.00000E+00    0.59589E-03    0.00000E+00    0.42153E-03    0.00000E+00    0.28500E-01    0.00000E+00    0.34522E-01    0.00000E+00    0.29036E-01    0.00000E+00    0.24516E-01    0.00000E+00    0.30918E-01    0.00000E+00    0.25036E-01    0.00000E+00    0.28977E-04    0.49508E-04    0.30363E-04    0.00000E+00    0.28977E-02    0.00000E+00    0.49508E-02    0.00000E+00    0.30363E-02    0.51453E-01    0.76128E-01    0.51855E-01    0.99507E-01    0.51480E-01    0.77927E-01    0.42769E-01    0.60237E-01    0.43529E-01    0.80683E-01    0.42821E-01    0.61617E-01
20000  2    0.16121E-03    0.45888E-03    0.18247E-03    0.13835E-03    0.22855E-02    0.41411E-03    0.44775E-02    0.15805E-03    0.24421E-02    0.38954E-01    0.67610E-01    0.42296E-01    0.94631E-01    0.39202E-01    0.69887E-01    0.31648E-01    0.38863E-01    0.31561E-01    0.50610E-01    0.31642E-01    0.39702E-01    0.48941E-03    0.12742E-02    0.55318E-03    0.48941E-03    0.00000E+00    0.12742E-02    0.00000E+00    0.55318E-03    0.00000E+00    0.31286E-01    0.00000E+00    0.50481E-01    0.00000E+00    0.33262E-01    0.00000E+00    0.24426E-01    0.00000E+00    0.33815E-01    0.00000E+00    0.25188E-01    0.00000E+00    0.31863E-04    0.66334E-04    0.34189E-04    0.00000E+00    0.31863E-02    0.00000E+00    0.66334E-02    0.00000E+00    0.34189E-02    0.41590E-01    0.79828E-01    0.37727E-01    0.11518E+00    0.41340E-01    0.82691E-01    0.34495E-01    0.54178E-01    0.30476E-01    0.74977E-01    0.34223E-01    0.55582E-01
