   -9.7500000000E-01   -1.0000000000E+00    7.6117813181E-01    7.4507179473E-01
   -9.7500000000E-01    1.0000000000E+00    3.0504466338E+00    3.0954741820E+00
   -1.0000000000E+00   -9.7500000000E-01    7.6052178974E-01    7.4507179473E-01
    1.0000000000E+00   -9.7500000000E-01    3.0651619540E+00    3.0954741820E+00
   -9.2500000000E-01   -1.0000000000E+00    7.7358968385E-01    7.6441086025E-01
   -9.2500000000E-01    1.0000000000E+00    3.0725748197E+00    3.1148132475E+00
   -1.0000000000E+00   -9.2500000000E-01    7.7183716355E-01    7.6441086025E-01
    1.0000000000E+00   -9.2500000000E-01    3.0825274278E+00    3.1148132475E+00
   -8.7500000000E-01   -1.0000000000E+00    7.8756239799E-01    7.8474146085E-01
   -8.7500000000E-01    1.0000000000E+00    3.0957768997E+00    3.1351438481E+00
   -1.0000000000E+00   -8.7500000000E-01    7.8498830100E-01    7.8474146085E-01
    1.0000000000E+00   -8.7500000000E-01    3.1011918736E+00    3.1351438481E+00
   -8.2500000000E-01   -1.0000000000E+00    8.0315556840E-01    8.0611443364E-01
   -8.2500000000E-01    1.0000000000E+00    3.1201091007E+00    3.1565168209E+00
   -1.0000000000E+00   -8.2500000000E-01    8.0001711345E-01    8.0611443364E-01
    1.0000000000E+00   -8.2500000000E-01    3.1212402650E+00    3.1565168209E+00
   -7.7500000000E-01   -1.0000000000E+00    8.2042983105E-01    8.2858322217E-01
   -7.7500000000E-01    1.0000000000E+00    3.1456291145E+00    3.1789856095E+00
   -1.0000000000E+00   -7.7500000000E-01    8.1696631894E-01    8.2858322217E-01
    1.0000000000E+00   -7.7500000000E-01    3.1427572007E+00    3.1789856095E+00
   -7.2500000000E-01   -1.0000000000E+00    8.3944714085E-01    8.5220401013E-01
   -7.2500000000E-01    1.0000000000E+00    3.1723960633E+00    3.2026063974E+00
   -1.0000000000E+00   -7.2500000000E-01    8.3587945215E-01    8.5220401013E-01
    1.0000000000E+00   -7.2500000000E-01    3.1658266154E+00    3.2026063974E+00
   -6.7500000000E-01   -1.0000000000E+00    8.6027073801E-01    8.7703586178E-01
   -6.7500000000E-01    1.0000000000E+00    3.2004704650E+00    3.2274382491E+00
   -1.0000000000E+00   -6.7500000000E-01    8.5680086292E-01    8.7703586178E-01
    1.0000000000E+00   -6.7500000000E-01    3.1905314981E+00    3.2274382491E+00
   -6.2500000000E-01   -1.0000000000E+00    8.8296510294E-01    9.0314086969E-01
   -6.2500000000E-01    1.0000000000E+00    3.2299141966E+00    3.2535432570E+00
   -1.0000000000E+00   -6.2500000000E-01    8.7977570349E-01    9.0314086969E-01
    1.0000000000E+00   -6.2500000000E-01    3.2169536183E+00    3.2535432570E+00
   -5.7500000000E-01   -1.0000000000E+00    9.0759589856E-01    9.3058430998E-01
   -5.7500000000E-01    1.0000000000E+00    3.2607904554E+00    3.2809866973E+00
   -1.0000000000E+00   -5.7500000000E-01    9.0484990446E-01    9.3058430998E-01
    1.0000000000E+00   -5.7500000000E-01    3.2451732623E+00    3.2809866973E+00
   -5.2500000000E-01   -1.0000000000E+00    9.3422989944E-01    9.5943480554E-01
   -5.2500000000E-01    1.0000000000E+00    3.2931637196E+00    3.3098371928E+00
   -1.0000000000E+00   -5.2500000000E-01    9.3207013952E-01    9.5943480554E-01
    1.0000000000E+00   -5.2500000000E-01    3.2752689805E+00    3.3098371928E+00
   -4.7500000000E-01   -1.0000000000E+00    9.6293490688E-01    9.8976449764E-01
   -4.7500000000E-01    1.0000000000E+00    3.3270997065E+00    3.3401668849E+00
   -1.0000000000E+00   -4.7500000000E-01    9.6148377917E-01    9.8976449764E-01
    1.0000000000E+00   -4.7500000000E-01    3.3073173458E+00    3.3401668849E+00
   -4.2500000000E-01   -1.0000000000E+00    9.9377964926E-01    1.0216492263E+00
   -4.2500000000E-01    1.0000000000E+00    3.3626653294E+00    3.3720516136E+00
   -1.0000000000E+00   -4.2500000000E-01    9.9313883348E-01    1.0216492263E+00
    1.0000000000E+00   -4.2500000000E-01    3.3413927248E+00    3.3720516136E+00
   -3.7500000000E-01   -1.0000000000E+00    1.0268336670E+00    1.0551687200E+00
   -3.7500000000E-01    1.0000000000E+00    3.3999286514E+00    3.4055711073E+00
   -1.0000000000E+00   -3.7500000000E-01    1.0270838841E+00    1.0551687200E+00
    1.0000000000E+00   -3.7500000000E-01    3.3775670620E+00    3.4055711073E+00
   -3.2500000000E-01   -1.0000000000E+00    1.0621671819E+00    1.0904067948E+00
   -3.2500000000E-01    1.0000000000E+00    3.4389588379E+00    3.4408091821E+00
   -1.0000000000E+00   -3.2500000000E-01    1.0633680055E+00    1.0904067948E+00
    1.0000000000E+00   -3.2500000000E-01    3.4159096762E+00    3.4408091821E+00
   -2.7500000000E-01   -1.0000000000E+00    1.0998509497E+00    1.1274515644E+00
   -2.7500000000E-01    1.0000000000E+00    3.4798261050E+00    3.4778539517E+00
   -1.0000000000E+00   -2.7500000000E-01    1.1020406763E+00    1.1274515644E+00
    1.0000000000E+00   -2.7500000000E-01    3.4564870702E+00    3.4778539517E+00
   -2.2500000000E-01   -1.0000000000E+00    1.1399560971E+00    1.1663956599E+00
   -2.2500000000E-01    1.0000000000E+00    3.5226016648E+00    3.5167980472E+00
   -1.0000000000E+00   -2.2500000000E-01    1.1431516799E+00    1.1663956599E+00
    1.0000000000E+00   -2.2500000000E-01    3.4993627529E+00    3.5167980472E+00
   -1.7500000000E-01   -1.0000000000E+00    1.1825539413E+00    1.2073364619E+00
   -1.7500000000E-01    1.0000000000E+00    3.5673576667E+00    3.5577388492E+00
   -1.0000000000E+00   -1.7500000000E-01    1.1867509956E+00    1.2073364619E+00
    1.0000000000E+00   -1.7500000000E-01    3.5445970736E+00    3.5577388492E+00
   -1.2500000000E-01   -1.0000000000E+00    1.2277157937E+00    1.2503763438E+00
   -1.2500000000E-01    1.0000000000E+00    3.6141671329E+00    3.6007787310E+00
   -1.0000000000E+00   -1.2500000000E-01    1.2328886797E+00    1.2503763438E+00
    1.0000000000E+00   -1.2500000000E-01    3.5922470673E+00    3.6007787310E+00
   -7.5000000000E-02   -1.0000000000E+00    1.2755127471E+00    1.2956229275E+00
   -7.5000000000E-02    1.0000000000E+00    3.6631038890E+00    3.6460253148E+00
   -1.0000000000E+00   -7.5000000000E-02    1.2816147379E+00    1.2956229275E+00
    1.0000000000E+00   -7.5000000000E-02    3.6423663119E+00    3.6460253148E+00
   -2.5000000000E-02   -1.0000000000E+00    1.3260154479E+00    1.3431893532E+00
   -2.5000000000E-02    1.0000000000E+00    3.7142424870E+00    3.6935917405E+00
   -1.0000000000E+00   -2.5000000000E-02    1.3329789883E+00    1.3431893532E+00
    1.0000000000E+00   -2.5000000000E-02    3.6950047941E+00    3.6935917405E+00
    2.5000000000E-02   -1.0000000000E+00    1.3792938528E+00    1.3931945617E+00
    2.5000000000E-02    1.0000000000E+00    3.7676581207E+00    3.7435969490E+00
   -1.0000000000E+00    2.5000000000E-02    1.3870309153E+00    1.3931945617E+00
    1.0000000000E+00    2.5000000000E-02    3.7502087853E+00    3.7435969490E+00
    7.5000000000E-02   -1.0000000000E+00    1.4354169715E+00    1.4457635921E+00
    7.5000000000E-02    1.0000000000E+00    3.8234265318E+00    3.7961659793E+00
   -1.0000000000E+00    7.5000000000E-02    1.4438195160E+00    1.4457635921E+00
    1.0000000000E+00    7.5000000000E-02    3.8080207257E+00    3.7961659793E+00
    1.2500000000E-01   -1.0000000000E+00    1.4944525976E+00    1.5010278942E+00
    1.2500000000E-01    1.0000000000E+00    3.8816239061E+00    3.8514302815E+00
   -1.0000000000E+00    1.2500000000E-01    1.5033931384E+00    1.5010278942E+00
    1.0000000000E+00    1.2500000000E-01    3.8684791149E+00    3.8514302815E+00
    1.7500000000E-01   -1.0000000000E+00    1.5564670266E+00    1.5591256578E+00
    1.7500000000E-01    1.0000000000E+00    3.9423267568E+00    3.9095280451E+00
   -1.0000000000E+00    1.7500000000E-01    1.5657993112E+00    1.5591256578E+00
    1.0000000000E+00    1.7500000000E-01    3.9316184100E+00    3.9095280451E+00
    2.2500000000E-01   -1.0000000000E+00    1.6215247656E+00    1.6202021574E+00
    2.2500000000E-01    1.0000000000E+00    4.0056117955E+00    3.9706045447E+00
   -1.0000000000E+00    2.2500000000E-01    1.6310845672E+00    1.6202021574E+00
    1.0000000000E+00    2.2500000000E-01    3.9974689282E+00    3.9706045447E+00
    2.7500000000E-01   -1.0000000000E+00    1.6896882341E+00    1.6844101160E+00
    2.7500000000E-01    1.0000000000E+00    4.0715557877E+00    4.0348125033E+00
   -1.0000000000E+00    2.7500000000E-01    1.6992942596E+00    1.6844101160E+00
    1.0000000000E+00    2.7500000000E-01    4.0660567544E+00    4.0348125033E+00
    3.2500000000E-01   -1.0000000000E+00    1.7610174591E+00    1.7519100872E+00
    3.2500000000E-01    1.0000000000E+00    4.1402353920E+00    4.1023124744E+00
   -1.0000000000E+00    3.2500000000E-01    1.7704723708E+00    1.7519100872E+00
    1.0000000000E+00    3.2500000000E-01    4.1374036526E+00    4.1023124744E+00
    3.7500000000E-01   -1.0000000000E+00    1.8355697653E+00    1.8228708558E+00
    3.7500000000E-01    1.0000000000E+00    4.2117269798E+00    4.1732732431E+00
   -1.0000000000E+00    3.7500000000E-01    1.8446613163E+00    1.8228708558E+00
    1.0000000000E+00    3.7500000000E-01    4.2115269801E+00    4.1732732431E+00
    4.2500000000E-01   -1.0000000000E+00    1.9133994652E+00    1.8974698608E+00
    4.2500000000E-01    1.0000000000E+00    4.2861064361E+00    4.2478722481E+00
   -1.0000000000E+00    4.2500000000E-01    1.9219017412E+00    1.8974698608E+00
    1.0000000000E+00    4.2500000000E-01    4.2884396041E+00    4.2478722481E+00
    4.7500000000E-01   -1.0000000000E+00    1.9945575470E+00    1.9758936387E+00
    4.7500000000E-01    1.0000000000E+00    4.3634489363E+00    4.3262960259E+00
   -1.0000000000E+00    4.7500000000E-01    2.0022323116E+00    1.9758936387E+00
    1.0000000000E+00    4.7500000000E-01    4.3681498208E+00    4.3262960259E+00
    5.2500000000E-01   -1.0000000000E+00    2.0790913671E+00    2.0583382896E+00
    5.2500000000E-01    1.0000000000E+00    4.4438286989E+00    4.4087406768E+00
   -1.0000000000E+00    5.2500000000E-01    2.0856895000E+00    2.0583382896E+00
    1.0000000000E+00    5.2500000000E-01    4.4506612745E+00    4.4087406768E+00
    5.7500000000E-01   -1.0000000000E+00    2.1670443457E+00    2.1450099681E+00
    5.7500000000E-01    1.0000000000E+00    4.5273187114E+00    4.4954123554E+00
   -1.0000000000E+00    5.7500000000E-01    2.1723073655E+00    2.1450099681E+00
    1.0000000000E+00    5.7500000000E-01    4.5359728784E+00    4.4954123554E+00
    6.2500000000E-01   -1.0000000000E+00    2.2584556692E+00    2.2361253986E+00
    6.2500000000E-01    1.0000000000E+00    4.6139904268E+00    4.5865277859E+00
   -1.0000000000E+00    6.2500000000E-01    2.2621173281E+00    2.2361253986E+00
    1.0000000000E+00    6.2500000000E-01    4.6240787363E+00    4.5865277859E+00
    6.7500000000E-01   -1.0000000000E+00    2.3533600012E+00    2.3319124171E+00
    6.7500000000E-01    1.0000000000E+00    4.7039134277E+00    4.6823148044E+00
   -1.0000000000E+00    6.7500000000E-01    2.3551479382E+00    2.3319124171E+00
    1.0000000000E+00    6.7500000000E-01    4.7149680634E+00    4.6823148044E+00
    7.2500000000E-01   -1.0000000000E+00    2.4517872027E+00    2.4326105411E+00
    7.2500000000E-01    1.0000000000E+00    4.7971550566E+00    4.7830129284E+00
   -1.0000000000E+00    7.2500000000E-01    2.4514246401E+00    2.4326105411E+00
    1.0000000000E+00    7.2500000000E-01    4.8086251080E+00    4.7830129284E+00
    7.7500000000E-01   -1.0000000000E+00    2.5537620642E+00    2.5384715684E+00
    7.7500000000E-01    1.0000000000E+00    4.8937800087E+00    4.8888739556E+00
   -1.0000000000E+00    7.7500000000E-01    2.5509695305E+00    2.5384715684E+00
    1.0000000000E+00    7.7500000000E-01    4.9050290731E+00    4.8888739556E+00
    8.2500000000E-01   -1.0000000000E+00    2.6593040490E+00    2.6497602065E+00
    8.2500000000E-01    1.0000000000E+00    4.9938498849E+00    5.0001625938E+00
   -1.0000000000E+00    8.2500000000E-01    2.6538011108E+00    2.6497602065E+00
    1.0000000000E+00    8.2500000000E-01    5.0041540377E+00    5.0001625938E+00
    8.7500000000E-01   -1.0000000000E+00    2.7684270503E+00    2.7667547351E+00
    8.7500000000E-01    1.0000000000E+00    5.0974227011E+00    5.1171571224E+00
   -1.0000000000E+00    8.7500000000E-01    2.7599340341E+00    2.7667547351E+00
    1.0000000000E+00    8.7500000000E-01    5.1059688776E+00    5.1171571224E+00
    9.2500000000E-01   -1.0000000000E+00    2.8811391606E+00    2.8897477015E+00
    9.2500000000E-01    1.0000000000E+00    5.2045523525E+00    5.2401500888E+00
   -1.0000000000E+00    9.2500000000E-01    2.8693788454E+00    2.8897477015E+00
    1.0000000000E+00    9.2500000000E-01    5.2104371865E+00    5.2401500888E+00
    9.7500000000E-01   -1.0000000000E+00    2.9974424543E+00    3.0190466522E+00
    9.7500000000E-01    1.0000000000E+00    5.3152880279E+00    5.3694490394E+00
   -1.0000000000E+00    9.7500000000E-01    2.9821417157E+00    3.0190466522E+00
    1.0000000000E+00    9.7500000000E-01    5.3175171973E+00    5.3694490394E+00
