    3.2217634905E-03    1.0974360382E+00    1.9114625117E+00    3.1040867306E+00    3.9199741779E+00    4.9881967421E+00   -1.6355602324E+01    2.6023554825E+00
   -5.0594979442E-02    1.0849287066E+00    2.0481776274E+00    3.0186062886E+00    3.9872081139E+00    5.1056145502E+00   -1.6456221226E+01    2.5054079552E+00
    2.6463142119E-02    9.7579454789E-01    1.8863592414E+00    3.0922805226E+00    3.9604052013E+00    4.9556966218E+00   -1.6459151062E+01    2.4987070696E+00
    4.4554154116E-02    9.9943682199E-01    2.1159524806E+00    3.0411488700E+00    4.0857569175E+00    5.0744481461E+00   -1.6435103673E+01    2.5212904389E+00
    1.5121120591E-02    1.0848280778E+00    2.0218833259E+00    3.0601843733E+00    3.9702188003E+00    5.0010437581E+00   -1.6569120133E+01    2.3909758303E+00
   -1.3523432116E-02    1.0706559919E+00    2.0926435922E+00    3.0236666866E+00    3.8850802234E+00    5.0156879780E+00   -1.6531049345E+01    2.4290682798E+00
   -6.7614307241E-02    1.0616944965E+00    2.1129868191E+00    2.9777733308E+00    3.9369522020E+00    4.9308826629E+00   -1.6538479637E+01    2.4195516385E+00
    7.5300149235E-02    8.8899763855E-01    1.9338339333E+00    3.1047326371E+00    4.0389471170E+00    4.9423856403E+00   -1.6365701035E+01    2.5887660045E+00
   -1.5387754835E-02    8.8020686192E-01    1.8912227725E+00    2.8820840472E+00    3.8819868944E+00    4.9224979846E+00   -1.6549135442E+01    2.4124921024E+00
   -7.9556038060E-02    1.0669519554E+00    2.0424103599E+00    2.8833635383E+00    4.0896150856E+00    4.9662843640E+00   -1.6298933813E+01    2.6587402751E+00
   -1.9059165569E-02    1.0160653278E+00    2.0431291963E+00    3.1118432887E+00    4.1175790228E+00    4.9699893553E+00   -1.6432565073E+01    2.5257374319E+00
    1.0227041070E-01    9.7454113304E-01    1.9972736360E+00    3.1046868938E+00    4.0091579443E+00    4.9085889330E+00   -1.6527573223E+01    2.4309862079E+00
    8.2335274223E-02    9.3942476318E-01    2.0706009600E+00    3.0925587044E+00    3.9589115157E+00    4.9354565949E+00   -1.6486806260E+01    2.4716950032E+00
   -7.8964304450E-02    9.8975836663E-01    1.9654312790E+00    2.9923488353E+00    3.8809198841E+00    4.9880477885E+00   -1.6501020097E+01    2.4574794918E+00
   -1.0814342790E-01    1.0382772888E+00    1.9867251254E+00    3.0735611384E+00    4.0396269225E+00    4.9498788304E+00   -1.6437519862E+01    2.5208597901E+00
   -4.2076795522E-02    9.2185179789E-01    2.0286789041E+00    2.9519576203E+00    3.8924408791E+00    5.0342343473E+00   -1.6444143049E+01    2.5151189958E+00
   -5.0708262488E-02    9.3570265336E-01    2.0571950980E+00    2.9078737389E+00    3.9787416606E+00    5.0353497272E+00   -1.6378432466E+01    2.5796673618E+00
    1.1189690999E-01    9.6815277300E-01    2.0862739867E+00    3.1008292739E+00    4.0461133839E+00    4.9842843189E+00   -1.6474570682E+01    2.4805323164E+00
    1.9733397625E-02    1.0883877003E+00    2.1111789005E+00    3.0372923092E+00    4.0599958671E+00    4.9502049703E+00   -1.6544410516E+01    2.4149171668E+00
    8.8321242443E-03    1.0324727827E+00    2.0738544449E+00    3.0301773326E+00    3.9949344799E+00    5.0887488787E+00   -1.6498009047E+01    2.4618869089E+00
   -2.1697378857E-02    9.4346447444E-01    2.0091752970E+00    2.9347486974E+00    3.8896354101E+00    5.0658430935E+00   -1.6452742651E+01    2.5071408741E+00
   -4.0192873509E-02    1.0464992218E+00    2.0227730796E+00    2.8832695139E+00    4.0557695158E+00    5.0904943377E+00   -1.6368627612E+01    2.5913554441E+00
    1.0135710236E-01    9.2471083793E-01    2.1128720756E+00    2.9231550835E+00    3.9991495422E+00    5.0442600705E+00   -1.6261477261E+01    2.6922270911E+00
    4.5145591633E-02    9.9513691511E-01    1.9735389265E+00    2.9591740070E+00    4.0959832114E+00    5.0683867556E+00   -1.6444613591E+01    2.5133004076E+00
   -1.0537384330E-02    9.9168450400E-01    2.0817012115E+00    2.9214583071E+00    4.0929775026E+00    5.0171497037E+00   -1.6326046891E+01    2.6306740747E+00
    1.0657822883E-01    9.6922533442E-01    2.0696363858E+00    2.9184876221E+00    3.9802366565E+00    4.9489344602E+00   -1.6477555066E+01    2.4810546879E+00
   -7.5786830349E-02    1.0957137458E+00    2.0922850047E+00    2.9790216722E+00    3.9382079760E+00    5.0663322404E+00   -1.6453666341E+01    2.5061961002E+00
   -1.0469723513E-01    1.0881218461E+00    2.0962781351E+00    2.9474344443E+00    3.9679727674E+00    4.9324905967E+00   -1.6477667109E+01    2.4795507602E+00
    6.9984734362E-02    1.0115245377E+00    2.0030750186E+00    2.9547252104E+00    3.9646463831E+00    5.0867365000E+00   -1.6525064431E+01    2.4335562014E+00
    9.2880706005E-02    8.8927990048E-01    1.9464318610E+00    3.1014898193E+00    3.9451585230E+00    5.0161533543E+00   -1.6316852455E+01    2.6405091074E+00
   -8.0100559956E-02    9.9094463435E-01    1.9529775380E+00    3.0543427916E+00    3.9669414331E+00    4.9771538170E+00   -1.6476758801E+01    2.4816692992E+00
    2.2795793007E-02    1.0501716972E+00    2.1145044488E+00    3.0085424377E+00    3.9962043101E+00    4.9695106217E+00   -1.6566018090E+01    2.3929684517E+00
   -8.2333581253E-02    1.0062560413E+00    1.9871832393E+00    3.1162262337E+00    3.9671546188E+00    5.0889859135E+00   -1.6346134802E+01    2.6158791023E+00
    3.8920937325E-02    9.5709262123E-01    1.9279743118E+00    3.1149120453E+00    3.9587837276E+00    4.9651044734E+00   -1.6449873012E+01    2.5083904650E+00
    9.6090399873E-02    1.1031168411E+00    1.9027758151E+00    3.0441370250E+00    4.0457502174E+00    4.8862305847E+00   -1.6473655574E+01    2.4837381068E+00
    4.5343050460E-03    9.7406754740E-01    1.9240519377E+00    3.0108110721E+00    4.1026818185E+00    5.0129742852E+00   -1.6422425074E+01    2.5350040057E+00
    8.1151085063E-02    1.0175201582E+00    2.0528526381E+00    2.9269465654E+00    4.0430894902E+00    5.0777394201E+00   -1.6455434374E+01    2.5009214594E+00
   -6.0543136493E-02    8.9574182817E-01    1.9676793951E+00    3.0298594600E+00    3.9834813381E+00    5.0992572245E+00   -1.6371254881E+01    2.5898935035E+00
   -7.3850676478E-02    8.8775456248E-01    1.9405732482E+00    2.9726039567E+00    4.1084113717E+00    4.9190935479E+00   -1.6286270668E+01    2.6680254489E+00
   -1.0297181089E-01    8.8974141612E-01    1.9470380094E+00    2.9380018919E+00    3.9286663749E+00    5.0844871876E+00   -1.6386790993E+01    2.5752821796E+00
    1.8089325694E-02    9.4899188386E-01    1.9026919564E+00    3.0026754119E+00    3.9327636942E+00    5.0474964441E+00   -1.6470693583E+01    2.4893450410E+00
   -5.7636289892E-02    9.1533762385E-01    2.0644885107E+00    2.9726243298E+00    3.9812023809E+00    4.9360222552E+00   -1.6450373884E+01    2.5065642002E+00
    1.0653982145E-01    1.0990462142E+00    1.9980520550E+00    2.9740357442E+00    4.1067369832E+00    5.1074180399E+00   -1.6492442005E+01    2.4635965420E+00
   -3.4303064555E-02    9.7928566531E-01    2.0976091384E+00    3.0493007461E+00    3.9465420360E+00    5.1049716989E+00   -1.6399397592E+01    2.5611644931E+00
   -1.0323292669E-01    9.8179797676E-01    1.9172814582E+00    3.0203985197E+00    4.1105782727E+00    4.8884567714E+00   -1.6275135941E+01    2.6787939826E+00
    3.7050555943E-02    9.7108221956E-01    2.0615490458E+00    3.0058818351E+00    4.0374077131E+00    5.0444861666E+00   -1.6469082160E+01    2.4881383861E+00
   -9.1457739277E-02    1.1120894392E+00    2.1100023042E+00    2.9929724373E+00    3.9958418230E+00    5.0704426088E+00   -1.6426334957E+01    2.5348981580E+00
   -8.9891074873E-02    9.0278479087E-01    1.9679997218E+00    3.1197952987E+00    4.0464037257E+00    4.9177017205E+00   -1.6379594315E+01    2.5751754743E+00
   -5.8551346785E-02    1.0875715423E+00    2.0347813269E+00    3.0246876880E+00    4.0692991105E+00    4.9195373381E+00   -1.6459001897E+01    2.4996804523E+00
   -9.7381259464E-04    8.8365348963E-01    2.0372947860E+00    2.9931495317E+00    4.0765664230E+00    5.1047439324E+00   -1.6296395269E+01    2.6601656664E+00
   -8.5559809269E-02    9.6489896031E-01    1.9619047307E+00    2.9470251616E+00    3.9220536451E+00    5.0072163508E+00   -1.6499503537E+01    2.4595983023E+00
   -1.3209034425E-02    1.0223642685E+00    1.8888090054E+00    3.0081537853E+00    4.0612612450E+00    5.0450214598E+00   -1.6419929060E+01    2.5386592683E+00
   -3.4481483676E-03    9.1544448530E-01    2.0188929943E+00    3.1102044151E+00    4.0093914380E+00    5.0597317884E+00   -1.6387468388E+01    2.5704064934E+00
   -1.5134671834E-02    8.9097919521E-01    1.9566725747E+00    2.9621300516E+00    4.0624285613E+00    5.0476057440E+00   -1.6377334447E+01    2.5809532003E+00
    6.9543270610E-02    1.0219508875E+00    1.9636465961E+00    2.9121322261E+00    3.9214114533E+00    5.0024558194E+00   -1.6608920405E+01    2.3512555490E+00
   -1.0694698125E-01    9.9281867017E-01    1.9683163894E+00    2.9924097085E+00    3.9853489725E+00    4.9914927824E+00   -1.6476897917E+01    2.4819492388E+00
   -1.0622575309E-01    1.0848375181E+00    1.8914604907E+00    3.0191462526E+00    4.1157350935E+00    4.9934959936E+00   -1.6225014378E+01    2.7315225093E+00
   -6.2266889112E-02    9.0951749550E-01    1.9046608860E+00    2.9300423369E+00    3.9495369847E+00    5.0332913948E+00   -1.6461991683E+01    2.4987928585E+00
   -7.4461971605E-02    1.0016503882E+00    2.0120785271E+00    2.9343824018E+00    4.0312342148E+00    4.9712270400E+00   -1.6454548472E+01    2.5037633628E+00
    7.7231982413E-02    1.0585974302E+00    2.0279700199E+00    3.0687658708E+00    4.0238607500E+00    5.0878511616E+00   -1.6538075613E+01    2.4205219752E+00
    4.5568129532E-02    9.1572616915E-01    2.0911103798E+00    2.9151254399E+00    4.0451487277E+00    5.0822345451E+00   -1.6237104487E+01    2.7170579559E+00
   -4.6982803544E-02    1.0369013073E+00    2.0914085011E+00    3.0640694992E+00    3.8887357851E+00    5.1167689761E+00   -1.6361471261E+01    2.6008303562E+00
    9.8529421580E-02    9.8344547372E-01    2.0056894320E+00    3.0528481767E+00    3.9789336909E+00    5.0295076104E+00   -1.6526035627E+01    2.4321044733E+00
    2.7983114876E-02    1.0611449812E+00    1.9865238382E+00    3.0583390657E+00    3.9847695156E+00    4.8836508565E+00   -1.6602291000E+01    2.3575541917E+00
    1.4119404925E-02    9.3384109972E-01    1.9841402954E+00    2.9324842457E+00    4.0831613677E+00    4.9882285571E+00   -1.6389761482E+01    2.5669822370E+00
    5.4834224218E-02    8.9153330753E-01    1.9153820710E+00    2.9197406932E+00    4.0337072148E+00    4.9181230391E+00   -1.6412117497E+01    2.5462923613E+00
   -7.9959208746E-02    9.0245530386E-01    1.9737074043E+00    2.8803414160E+00    4.0811874017E+00    5.0613649406E+00   -1.6290370097E+01    2.6697234792E+00
   -8.6016421500E-02    9.2504471140E-01    2.0631011678E+00    2.9999488368E+00    4.0733436178E+00    4.9030794893E+00   -1.6339603776E+01    2.6159579967E+00
    8.3766104775E-03    9.9032619476E-01    1.9593980565E+00    3.1158822150E+00    4.0033888478E+00    4.9258864794E+00   -1.6499763102E+01    2.4581440150E+00
    8.2740633156E-02    1.0046102636E+00    2.0764561194E+00    3.0725346424E+00    3.9179492302E+00    5.0234728007E+00   -1.6515108820E+01    2.4446938540E+00
   -4.5721504633E-02    9.1017415253E-01    2.1139378751E+00    3.0342656539E+00    3.9873498721E+00    4.9451788489E+00   -1.6425048259E+01    2.5313772570E+00
   -7.7643333748E-02    1.1077615464E+00    1.9579772887E+00    3.0040872095E+00    3.9020696106E+00    4.8854816862E+00   -1.6521546182E+01    2.4346427240E+00
   -2.1431297061E-02    9.1303615047E-01    1.9748333083E+00    2.9037122897E+00    3.8858612822E+00    4.9569522109E+00   -1.6531997663E+01    2.4278563121E+00
    4.0822642814E-02    1.0152663514E+00    2.0915925894E+00    3.0096953332E+00    4.1196763589E+00    4.9663537264E+00   -1.6407796296E+01    2.5485206552E+00
   -2.7643962188E-02    1.0862714420E+00    2.0592775886E+00    2.9789566822E+00    3.9314937423E+00    5.0597766722E+00   -1.6513265797E+01    2.4462627086E+00
    3.3750320232E-02    9.6511927183E-01    1.9064788387E+00    2.9018684456E+00    3.9148135681E+00    5.1006904110E+00   -1.6474923823E+01    2.4862358123E+00
    8.1252830260E-02    1.0731231914E+00    1.8982166055E+00    3.0677131364E+00    4.0282818319E+00    4.9202878508E+00   -1.6495131635E+01    2.4621631739E+00
   -6.4960268283E-02    9.5874566111E-01    2.0092249669E+00    2.9802157957E+00    3.9944661746E+00    5.0375209518E+00   -1.6463415309E+01    2.4962382766E+00
   -7.4261348216E-02    1.0376613180E+00    1.9532793650E+00    3.1058231658E+00    4.1023783318E+00    4.9249437809E+00   -1.6348824141E+01    2.6075705016E+00
   -8.4337246158E-02    1.0089693595E+00    1.9273225878E+00    2.9117863704E+00    3.9341567588E+00    4.9098923967E+00   -1.6550587860E+01    2.4065579329E+00
    4.4328679655E-03    8.9732869702E-01    2.0717739720E+00    2.9047958493E+00    4.0406325498E+00    5.0489515594E+00   -1.6252314474E+01    2.7031020668E+00
   -1.1951976249E-01    8.8777969875E-01    2.0590460634E+00    3.0463428394E+00    3.8811512195E+00    4.9655325528E+00   -1.6383687132E+01    2.5737293781E+00
   -1.0632343599E-01    1.0585747377E+00    2.0158156632E+00    2.9244150462E+00    3.9279530865E+00    5.1013980595E+00   -1.6399348773E+01    2.5609224908E+00
    8.6904502256E-02    1.0031504811E+00    2.0233435602E+00    2.9096952176E+00    4.0160138748E+00    5.1020513761E+00   -1.6452058352E+01    2.5048202075E+00
   -2.2391669173E-02    1.1122656751E+00    1.9900859417E+00    2.9120678239E+00    3.9517448227E+00    4.9720635563E+00   -1.6549147704E+01    2.4086467982E+00
   -6.8689266278E-02    1.0047919380E+00    2.0285698468E+00    2.9410668636E+00    3.8976365044E+00    5.0373399838E+00   -1.6484467749E+01    2.4745043123E+00
   -8.0139402440E-02    1.0095251937E+00    2.0466471383E+00    3.1022407390E+00    3.9848351589E+00    5.0861655245E+00   -1.6400433835E+01    2.5619882601E+00
    2.8369009073E-02    1.0731138092E+00    2.0242518178E+00    2.8851455111E+00    3.9169497822E+00    5.0517396961E+00   -1.6534254186E+01    2.4239025421E+00
   -8.6296773884E-03    9.1779665126E-01    1.9943564281E+00    3.0658480535E+00    3.8871821523E+00    5.0316466596E+00   -1.6382109816E+01    2.5777554588E+00
    3.6139010132E-02    1.0511888188E+00    2.0659249814E+00    2.9419060778E+00    4.0370708212E+00    4.9776104438E+00   -1.6516641936E+01    2.4413316902E+00
    2.8334668713E-02    9.8270998148E-01    1.9302538653E+00    3.0274979089E+00    3.9468981426E+00    4.9990640991E+00   -1.6530338152E+01    2.4290335333E+00
   -3.1033752700E-02    1.1105637504E+00    1.9760405544E+00    2.9255090764E+00    3.8945643232E+00    5.0671194776E+00   -1.6474581341E+01    2.4829647155E+00
   -3.2129572690E-02    8.8289134154E-01    1.9878083330E+00    2.9095899135E+00    3.9325451060E+00    5.0252736806E+00   -1.6421258527E+01    2.5381432169E+00
    9.1214248941E-02    9.3570420245E-01    1.9770849624E+00    2.9303749657E+00    4.1100583156E+00    5.0429972291E+00   -1.6342404057E+01    2.6126642811E+00
    1.4782934446E-02    1.0810230670E+00    2.0228998721E+00    3.0300951405E+00    3.9402922754E+00    5.1148981047E+00   -1.6480754598E+01    2.4796016056E+00
    5.2920860899E-02    9.7641977283E-01    2.0338057584E+00    3.0275872563E+00    4.0678696725E+00    4.9667514215E+00   -1.6490204169E+01    2.4666113945E+00
   -1.1491575433E-01    8.8108289046E-01    1.9909929470E+00    2.9844714214E+00    3.9537894662E+00    4.9872226850E+00   -1.6431397287E+01    2.5264765998E+00
   -4.9517314336E-02    1.0265173846E+00    1.9382930638E+00    3.0795422367E+00    4.0315633043E+00    4.9471952506E+00   -1.6458606589E+01    2.4987681350E+00
   -1.3233198381E-02    8.8290876705E-01    1.9473678303E+00    3.0644166766E+00    4.0533130813E+00    5.0238406388E+00   -1.6382362747E+01    2.5742653143E+00
   -7.8325902805E-02    9.9534304144E-01    2.1107422028E+00    2.9252222568E+00    3.8880876884E+00    4.9017514211E+00   -1.6490850279E+01    2.4657634892E+00
   -1.1745536499E-01    1.0239399262E+00    2.0349662912E+00    3.0557901764E+00    4.1042278635E+00    4.9551109614E+00   -1.6371136127E+01    2.5883079745E+00
    5.2774561499E-02    9.1868661358E-01    2.1030196901E+00    2.9357437410E+00    3.9567221184E+00    4.8841207804E+00   -1.6416805048E+01    2.5421869494E+00
   -4.0489570368E-02    1.1018958510E+00    2.0480999335E+00    2.9710049223E+00    4.0852345377E+00    5.0004342443E+00   -1.6437869929E+01    2.5214161670E+00
    7.1025775031E-02    9.5539031735E-01    1.9812965655E+00    2.8961992612E+00    4.0266340876E+00    4.9430495067E+00   -1.6473045133E+01    2.4854818976E+00
    1.8317357928E-02    1.0117846537E+00    1.9267956181E+00    3.0209021022E+00    3.9873662809E+00    4.9175084664E+00   -1.6565307304E+01    2.3933944525E+00
   -8.0294848202E-02    1.0310194591E+00    2.0315784917E+00    3.0593036587E+00    4.0548912834E+00    4.9981558086E+00   -1.6464449751E+01    2.4957114006E+00
   -4.4648498182E-02    1.0339690115E+00    1.9924754398E+00    3.0668676225E+00    3.9680392702E+00    4.9511294219E+00   -1.6532163265E+01    2.4268680816E+00
    6.0199208675E-02    9.6829748783E-01    1.9190241877E+00    3.0776349318E+00    3.9876688491E+00    4.9422720832E+00   -1.6512248036E+01    2.4459624816E+00
   -8.5755892764E-02    9.5418018690E-01    1.9442387865E+00    3.0080992898E+00    3.9054980728E+00    5.0349348660E+00   -1.6439119185E+01    2.5206559631E+00
   -4.1144536961E-02    1.0513112841E+00    2.0859019968E+00    2.9113281512E+00    4.0424741375E+00    5.0650924371E+00   -1.6369025256E+01    2.5898254873E+00
    1.1402825496E-01    9.2532498567E-01    1.9200329287E+00    2.9505678471E+00    4.0807695820E+00    4.9465086149E+00   -1.6376151172E+01    2.5804501982E+00
   -6.6137029741E-02    1.0761047116E+00    2.1120973933E+00    2.8878249044E+00    4.1034745478E+00    4.9244663622E+00   -1.6180933761E+01    2.7753848040E+00
   -1.1120087953E-01    9.9074756580E-01    2.0676580400E+00    2.9837768631E+00    3.8808287697E+00    5.1049089724E+00   -1.6354840350E+01    2.6061830472E+00
    7.8275820607E-02    9.1478945882E-01    2.0812958981E+00    3.0592617676E+00    4.0124628292E+00    5.0263922725E+00   -1.6391160443E+01    2.5635258726E+00
   -4.5839062019E-03    9.2627557525E-01    1.9166365682E+00    3.0658611977E+00    3.9940885167E+00    5.0843979005E+00   -1.6391471787E+01    2.5681895222E+00
   -8.5987903315E-02    9.4451829553E-01    2.0175170173E+00    2.8820097223E+00    3.8833587841E+00    5.0698410504E+00   -1.6391669653E+01    2.5678145368E+00
   -5.2690202370E-02    1.0315151324E+00    2.0065135265E+00    2.9057306373E+00    4.0938369840E+00    4.9910821057E+00   -1.6368135623E+01    2.5901621449E+00
    8.8725578689E-02    1.0231054730E+00    1.9772499426E+00    3.0700793429E+00    3.9740388157E+00    4.9479042357E+00   -1.6594544818E+01    2.3653614757E+00
   -1.1350014393E-01    1.0250689986E+00    2.0009733755E+00    2.9119387464E+00    4.0739744549E+00    5.1114903730E+00   -1.6320034495E+01    2.6436802638E+00
    1.0049776018E-01    1.0638911611E+00    2.0494538287E+00    3.0316202474E+00    4.0677642066E+00    4.9336243749E+00   -1.6575949065E+01    2.3824050717E+00
    3.4952529047E-03    8.8449624920E-01    2.1110815565E+00    2.9433608389E+00    4.0576225027E+00    4.8813522545E+00   -1.6199887388E+01    2.7540696265E+00
    6.8687929687E-02    9.4735443135E-01    1.9884079419E+00    2.9207803144E+00    3.9065075184E+00    4.9881912589E+00   -1.6546208241E+01    2.4144538608E+00
   -1.1549794435E-01    8.8229830842E-01    1.9703606139E+00    3.0901265073E+00    4.0299019281E+00    4.9613929586E+00   -1.6381478941E+01    2.5745631076E+00
   -8.0193257786E-02    9.8583964911E-01    2.0743187390E+00    2.9432256497E+00    3.9467424477E+00    5.0051935797E+00   -1.6454103048E+01    2.5041887674E+00
    5.3718185078E-03    9.2260727336E-01    2.0726153605E+00    2.9003008582E+00    4.0673537706E+00    4.9231606100E+00   -1.6257366045E+01    2.6975882526E+00
   -2.8729021319E-03    9.3970921297E-01    1.9235989485E+00    3.0577076835E+00    4.0543250590E+00    5.1025589597E+00   -1.6394924010E+01    2.5647751709E+00
    8.0839832737E-02    1.0330036728E+00    2.1141248584E+00    2.9357201254E+00    3.9903426446E+00    4.9127862968E+00   -1.6527525058E+01    2.4313523779E+00
    3.3327818718E-02    1.0359962764E+00    1.9436548964E+00    3.0183571594E+00    3.9922707214E+00    5.1094310132E+00   -1.6472943019E+01    2.4865637710E+00
    3.5561251623E-02    1.0043148783E+00    1.8971800721E+00    2.9984518149E+00    4.0731507696E+00    4.9434345060E+00   -1.6459527620E+01    2.4973041194E+00
   -1.2261099667E-02    1.0437633850E+00    2.0723233941E+00    3.0351570553E+00    3.9862829211E+00    4.9129002126E+00   -1.6591486966E+01    2.3679188737E+00
    5.3499447079E-02    9.5121295969E-01    2.0996583162E+00    2.9336662915E+00    4.0692283660E+00    4.9322941858E+00   -1.6310467924E+01    2.6446437382E+00
   -2.5434555628E-02    9.4054067264E-01    2.0099631132E+00    2.9917379592E+00    4.0468276872E+00    5.0863979473E+00   -1.6413036036E+01    2.5465264859E+00
    1.1995274974E-01    9.0267011433E-01    2.0647721268E+00    3.0923592812E+00    3.9896365180E+00    5.0874723938E+00   -1.6279688370E+01    2.6733468358E+00
   -5.3812841266E-02    1.1091067433E+00    2.1075945206E+00    3.0946814665E+00    4.0243794604E+00    5.1134565422E+00   -1.6440854634E+01    2.5232585973E+00
   -1.0113580002E-01    1.1171486860E+00    2.0297393339E+00    2.9630339517E+00    4.0225773147E+00    5.0058242516E+00   -1.6433866578E+01    2.5253092234E+00
   -1.8096399128E-02    9.9761388657E-01    2.0632534230E+00    3.0265047497E+00    4.0284681696E+00    4.9720715732E+00   -1.6516377850E+01    2.4421684424E+00
    9.2916624604E-02    8.9856410309E-01    2.0447232616E+00    2.9567912542E+00    4.1104668482E+00    4.9116343492E+00   -1.6189854170E+01    2.7630224196E+00
   -1.0138506160E-01    1.0032301859E+00    2.0552895234E+00    2.9854384026E+00    3.8888302632E+00    4.9247192507E+00   -1.6538510403E+01    2.4186300708E+00
   -6.1527313658E-02    1.0321466738E+00    1.8921602939E+00    2.9607804977E+00    3.9485739911E+00    4.9746847869E+00   -1.6488166369E+01    2.4696837103E+00
    4.9604568440E-03    1.0263479379E+00    1.9186384030E+00    2.9206153772E+00    3.9075303385E+00    5.0329577714E+00   -1.6539810434E+01    2.4197281435E+00
    1.0643037412E-01    1.0261904206E+00    1.8806107506E+00    2.9964625247E+00    3.9890639369E+00    5.0955086569E+00   -1.6465602044E+01    2.4919728564E+00
    3.4856171637E-02    9.6285702581E-01    2.0829165498E+00    2.8895848179E+00    3.8801980360E+00    4.9832920150E+00   -1.6456737020E+01    2.5023352628E+00
    6.7397781739E-02    9.8607357507E-01    1.9667217332E+00    2.8863906958E+00    3.8855446090E+00    4.9747353085E+00   -1.6607621468E+01    2.3538144630E+00
   -6.1948114808E-02    1.0941169305E+00    2.0583221944E+00    2.9976207304E+00    3.9276801993E+00    5.1135872990E+00   -1.6429967336E+01    2.5309554034E+00
   -1.1906990686E-01    1.0557167343E+00    2.0713036400E+00    2.9421416503E+00    3.9257689982E+00    5.0230178925E+00   -1.6440560797E+01    2.5177341762E+00
    7.1558028332E-02    1.0876972866E+00    1.8929391903E+00    2.9393643676E+00    3.9667484179E+00    4.9043151661E+00   -1.6581110643E+01    2.3787685283E+00
   -2.5509630396E-02    9.3895811786E-01    2.0639071742E+00    3.0261814197E+00    3.8884509919E+00    4.9856726096E+00   -1.6472148394E+01    2.4869596278E+00
    4.6577865301E-02    9.3799203416E-01    1.9319020505E+00    3.0498707515E+00    3.9750323059E+00    5.0945526407E+00   -1.6410170916E+01    2.5488667141E+00
   -5.7743759943E-02    1.0102130122E+00    1.9397884739E+00    2.9426397030E+00    3.9567304533E+00    5.1198170594E+00   -1.6423802250E+01    2.5381114158E+00
   -7.9511764699E-02    1.0562770090E+00    2.0031725185E+00    2.9710473170E+00    3.9460020471E+00    5.0906828771E+00   -1.6441335831E+01    2.5193163039E+00
   -1.0703209810E-02    1.0261914189E+00    2.0969961680E+00    3.1095248542E+00    3.8998677345E+00    5.0515904908E+00   -1.6406163406E+01    2.5553040000E+00
   -6.5467957626E-02    1.0054694308E+00    2.1192361058E+00    3.1070295241E+00    4.0609624906E+00    5.0451394742E+00   -1.6433851737E+01    2.5272295907E+00
    1.5218231124E-02    9.3470011860E-01    1.9963096858E+00    3.0547958495E+00    3.9136416037E+00    5.1148507780E+00   -1.6357536675E+01    2.6028201051E+00
    4.8826093349E-02    1.0619846583E+00    1.9012104397E+00    2.9094555154E+00    3.9134951810E+00    5.0138315520E+00   -1.6561783528E+01    2.3975098424E+00
   -6.4799653039E-02    9.0429452139E-01    1.9471910764E+00    3.0078016378E+00    3.9364063397E+00    5.0234988079E+00   -1.6444463413E+01    2.5151052530E+00
   -9.7532555818E-02    1.0978646479E+00    2.0933643003E+00    3.0189952729E+00    3.9567880629E+00    4.9588378305E+00   -1.6518653684E+01    2.4403096429E+00
   -1.1453203363E-01    9.2401361862E-01    2.0982647354E+00    3.0695065842E+00    4.0753092295E+00    4.8957632837E+00   -1.6330714759E+01    2.6251652531E+00
   -6.9360464266E-02    9.9714243495E-01    2.0659365703E+00    3.1068260569E+00    3.9035671508E+00    5.0314871381E+00   -1.6380536033E+01    2.5803403055E+00
   -1.4016594965E-02    1.0131752132E+00    1.8855515590E+00    2.9421860542E+00    3.9562402909E+00    4.9970082373E+00   -1.6518686886E+01    2.4404921278E+00
    5.5989898200E-02    1.0459858265E+00    1.8917496817E+00    2.9976188624E+00    4.1185998907E+00    5.0145125011E+00   -1.6402240947E+01    2.5538223515E+00
    7.7561614957E-02    1.0197442956E+00    1.9123965088E+00    2.9612232950E+00    4.1047517441E+00    5.0040685491E+00   -1.6447897691E+01    2.5087938754E+00
    8.9506294923E-02    8.8114015359E-01    2.1094854496E+00    3.0039413915E+00    3.9904729074E+00    5.0325787990E+00   -1.6268022612E+01    2.6852455928E+00
   -9.5201103040E-02    1.0835541191E+00    1.8865620452E+00    3.0325976597E+00    3.9109813183E+00    5.0594293611E+00   -1.6261434628E+01    2.6956941757E+00
    1.0741763500E-01    1.0513058824E+00    1.8868730821E+00    2.9836992070E+00    4.0417412657E+00    5.1140047107E+00   -1.6448450280E+01    2.5082552824E+00
    2.9270350080E-02    1.0996468082E+00    2.0635535104E+00    3.0611992845E+00    4.1167584689E+00    5.0503213874E+00   -1.6496689070E+01    2.4629185564E+00
    1.1070754228E-01    1.0196730385E+00    1.9260247332E+00    3.0239000565E+00    3.9197054060E+00    4.9986382419E+00   -1.6562215960E+01    2.3979826586E+00
   -6.9684719506E-02    9.9428853073E-01    2.0497500687E+00    3.0350768492E+00    3.9912444662E+00    5.0840856967E+00   -1.6438068834E+01    2.5232600192E+00
    1.0883011122E-01    9.7121285549E-01    1.9854609085E+00    2.9573881455E+00    4.0988273831E+00    5.0109947742E+00   -1.6423187372E+01    2.5321996075E+00
   -1.0484138022E-02    8.8945990791E-01    2.0193998030E+00    3.0191035413E+00    4.0526594928E+00    4.8969140473E+00   -1.6384501750E+01    2.5707367182E+00
   -9.8332659551E-02    1.0196139801E+00    1.8943501990E+00    2.9410908898E+00    3.9108579473E+00    4.8848642399E+00   -1.6532323801E+01    2.4234545474E+00
    7.6325662670E-03    9.2417202295E-01    2.0005216564E+00    3.0511809302E+00    4.1078069019E+00    4.9487723982E+00   -1.6372328293E+01    2.5825364137E+00
   -1.1606778809E-01    9.6775477791E-01    2.0808777839E+00    2.9462822838E+00    4.0362718878E+00    5.0081399823E+00   -1.6350370756E+01    2.6082731272E+00
    1.1676077849E-01    1.1135543679E+00    1.9837173285E+00    3.0596369769E+00    4.0608679094E+00    5.0177123269E+00   -1.6567666431E+01    2.3896155231E+00
   -4.2603668871E-02    9.1786759198E-01    2.0151893797E+00    2.8808146773E+00    4.0522397344E+00    5.0097717446E+00   -1.6324557563E+01    2.6327738088E+00
   -1.0577048194E-01    1.0630326567E+00    1.9352340935E+00    3.1141232260E+00    3.8929210510E+00    5.0432162386E+00   -1.6213227576E+01    2.7456690403E+00
   -4.1692591074E-02    8.9657618758E-01    1.9679323649E+00    3.0330092683E+00    4.0474611083E+00    5.0418606427E+00   -1.6400242409E+01    2.5580449552E+00
   -3.4760690484E-02    1.1169532328E+00    1.9916044155E+00    2.9429183620E+00    3.8943051596E+00    4.9300159493E+00   -1.6590379193E+01    2.3670361977E+00
   -4.4243967568E-02    8.9816366212E-01    1.9974858937E+00    3.0633710221E+00    4.0996055126E+00    5.0630332545E+00   -1.6351782049E+01    2.6060199328E+00
   -4.1978082409E-03    1.0234598759E+00    2.0976623901E+00    2.9573910583E+00    3.9510471141E+00    4.9374278962E+00   -1.6554657170E+01    2.4039972780E+00
   -2.4783445381E-02    9.0456495817E-01    1.9471501286E+00    3.0706372330E+00    3.9192489411E+00    5.0786743672E+00   -1.6337773577E+01    2.6227418557E+00
    2.8302317435E-02    1.0424470584E+00    1.9973133833E+00    2.9743706739E+00    3.9301107220E+00    4.8857502402E+00   -1.6668100107E+01    2.2925543689E+00
   -9.0862445205E-02    1.0551433810E+00    1.8804531805E+00    3.1096042675E+00    4.0147236008E+00    5.0634228523E+00   -1.6249877033E+01    2.7081441838E+00
    8.4368393406E-02    9.5031824983E-01    2.0967862952E+00    2.9631689795E+00    3.9730714182E+00    4.8976547541E+00   -1.6483571438E+01    2.4755880726E+00
   -4.4331385687E-02    9.2087931669E-01    2.0605592673E+00    3.0985372001E+00    4.1124530584E+00    4.9103807507E+00   -1.6319203104E+01    2.6353984634E+00
    1.0359555736E-01    9.5205051279E-01    1.9740533703E+00    2.9590169998E+00    3.8957130313E+00    4.8993905054E+00   -1.6616050039E+01    2.3478627737E+00
   -7.7230311086E-02    1.0617766012E+00    2.0142800786E+00    3.1178058563E+00    3.9293106706E+00    4.8939093216E+00   -1.6476494147E+01    2.4823284657E+00
   -1.4865016333E-02    1.0267651239E+00    2.0735853706E+00    2.9579600198E+00    4.0488811086E+00    4.9091889818E+00   -1.6461210833E+01    2.4965296028E+00
   -1.7444452650E-02    1.0207871034E+00    1.9693179323E+00    2.8823477492E+00    3.9951922558E+00    4.9249832385E+00   -1.6528132812E+01    2.4302993144E+00
    5.4859402485E-02    9.9704178564E-01    2.0131184314E+00    3.0760101048E+00    3.8893979729E+00    5.1131943424E+00   -1.6376132081E+01    2.5841300200E+00
   -4.5894386389E-02    9.3876257556E-01    1.8978225901E+00    3.0158321276E+00    3.9744290835E+00    4.9244987399E+00   -1.6505587351E+01    2.4518125483E+00
   -8.5884468788E-02    1.0819134297E+00    2.0973777328E+00    3.0578235582E+00    3.9715938274E+00    5.0963012535E+00   -1.6423595746E+01    2.5393266496E+00
   -8.2445238500E-02    1.0569728757E+00    1.9503228958E+00    2.9772961140E+00    4.0733428114E+00    5.0110140892E+00   -1.6399661787E+01    2.5595775266E+00
   -1.1205317180E-01    9.0025056868E-01    2.0850515576E+00    2.9764022446E+00    3.9711247381E+00    4.9860916315E+00   -1.6379884294E+01    2.5770751370E+00
   -7.3028207224E-03    1.0749079750E+00    1.9187480733E+00    2.9345387341E+00    4.0950839346E+00    4.8955447824E+00   -1.6346629108E+01    2.6093966279E+00
   -6.1521258473E-02    9.5078687667E-01    1.8876645880E+00    3.0714177323E+00    3.9251719869E+00    5.1154203916E+00   -1.6284605467E+01    2.6772073549E+00
    8.2101087512E-02    9.0715626945E-01    2.0831937530E+00    2.9499827214E+00    3.9432680506E+00    4.9049558697E+00   -1.6429023805E+01    2.5306265136E+00
    3.0550636834E-02    1.0775311648E+00    2.0628053388E+00    3.0136791839E+00    4.1120950089E+00    5.0257862153E+00   -1.6482110689E+01    2.4763806892E+00
    5.1678168541E-02    9.3527904815E-01    1.9617893210E+00    3.0543574879E+00    4.0201403097E+00    5.0903261134E+00   -1.6419470705E+01    2.5383717193E+00
    1.7505656406E-02    9.4602131252E-01    2.0585209358E+00    2.9960778620E+00    3.9852615851E+00    4.9295141693E+00   -1.6518812754E+01    2.4392968349E+00
    7.7706248066E-02    9.6014524707E-01    2.0412940237E+00    3.0331216393E+00    4.0273957662E+00    4.9798147206E+00   -1.6505458320E+01    2.4515113360E+00
    4.6336546011E-02    8.8094009624E-01    2.0296553497E+00    3.0606172692E+00    3.9470684119E+00    5.0247728238E+00   -1.6363102402E+01    2.5940941868E+00
   -1.6631391708E-02    9.8229433358E-01    2.0345061472E+00    3.0807645700E+00    4.0789048120E+00    5.1190671314E+00   -1.6416448044E+01    2.5441732378E+00
   -3.1979294974E-02    9.8148182645E-01    2.0171209285E+00    3.0947380573E+00    4.0099493618E+00    5.0860868229E+00   -1.6429392662E+01    2.5313214555E+00
    2.1454570360E-02    9.9609198247E-01    2.0749394124E+00    2.9080743286E+00    4.0024588011E+00    5.0212335069E+00   -1.6434986794E+01    2.5223984952E+00
   -1.8863943560E-02    1.0116641884E+00    2.0701092686E+00    3.0508561602E+00    4.0622653006E+00    5.0092523784E+00   -1.6490111708E+01    2.4689848565E+00
   -3.6090419673E-02    1.0361410717E+00    1.9317554199E+00    2.9532909666E+00    4.0964700802E+00    4.9948440972E+00   -1.6401952075E+01    2.5562615955E+00
   -1.0187369001E-01    1.1123890314E+00    1.9409363506E+00    3.0700036245E+00    4.1040576794E+00    4.9127690114E+00   -1.6247803166E+01    2.7076880158E+00
   -1.1207904334E-01    8.8389007063E-01    1.9920848910E+00    2.9813504054E+00    4.0664116147E+00    4.9382658470E+00   -1.6345892362E+01    2.6095843884E+00
   -1.4373715569E-02    8.8241345830E-01    2.0938248355E+00    3.0670527915E+00    4.0588291183E+00    5.0034502322E+00   -1.6341870777E+01    2.6124228193E+00
   -5.4045727721E-02    9.7688065361E-01    1.9312623978E+00    2.9273744485E+00    4.0415753734E+00    4.9806887670E+00   -1.6456602233E+01    2.5019814188E+00
   -1.0800761649E-01    9.1506735189E-01    1.9048079842E+00    2.9753118286E+00    3.9407355881E+00    4.9072910665E+00   -1.6506704091E+01    2.4496623115E+00
   -5.8602132882E-02    1.0747489753E+00    1.9355527477E+00    2.9224932598E+00    4.0006596242E+00    5.1157670192E+00   -1.6387983929E+01    2.5730363353E+00
    5.4754035798E-02    8.8252080966E-01    1.8932289209E+00    2.9292788460E+00    3.9509401339E+00    5.0306195555E+00   -1.6431874291E+01    2.5291237590E+00
   -9.4409334814E-02    9.8556241559E-01    2.0713141793E+00    2.9805749495E+00    4.0352260052E+00    5.0370446527E+00   -1.6405515224E+01    2.5543859486E+00
    1.0053937943E-01    1.0587528678E+00    1.9693226510E+00    3.0685664510E+00    3.8984879907E+00    5.0026709725E+00   -1.6539054361E+01    2.4217167362E+00
    1.1582842642E-01    9.8129027544E-01    2.0881722849E+00    2.9879288386E+00    3.9339709603E+00    5.1106066213E+00   -1.6420909363E+01    2.5353354520E+00
    1.1881272031E-01    9.1360343770E-01    1.8959107770E+00    3.0275617750E+00    3.9494432959E+00    5.0335821609E+00   -1.6396319898E+01    2.5624506999E+00
   -2.5903169648E-02    1.0980576232E+00    1.9431434192E+00    3.0355553635E+00    4.0376784224E+00    4.9515022190E+00   -1.6459318256E+01    2.4981922834E+00
    6.0399087661E-02    1.0772502693E+00    2.1092528690E+00    3.0636395432E+00    3.9499305230E+00    4.9459356950E+00   -1.6641944269E+01    2.3191283042E+00
    1.2294328301E-02    9.4255853303E-01    1.9206112836E+00    2.9303142208E+00    4.0971877876E+00    5.1003955740E+00   -1.6376137154E+01    2.5841725293E+00
    1.5140104021E-02    1.0937185776E+00    2.0010951199E+00    3.1003298022E+00    4.0978111991E+00    4.9199636300E+00   -1.6455968705E+01    2.5021934417E+00
    2.8435256164E-02    1.1195002655E+00    1.9044496101E+00    3.1198243108E+00    4.1156229965E+00    5.0984661468E+00   -1.6285804203E+01    2.6702070871E+00
   -4.0182824924E-03    9.0176572889E-01    1.9582728160E+00    3.0326254275E+00    4.0502252005E+00    5.0556032254E+00   -1.6401674698E+01    2.5562943099E+00
   -1.8310007975E-02    1.0882573417E+00    1.9409508935E+00    3.0353455110E+00    3.9996682638E+00    5.0184321559E+00   -1.6469470591E+01    2.4890593468E+00
   -7.7311967698E-02    9.4776242401E-01    1.8997376552E+00    3.0832321484E+00    3.9686139938E+00    5.0080950119E+00   -1.6393564240E+01    2.5646508527E+00
   -1.7902685392E-03    1.0187943644E+00    1.9220992151E+00    2.9967018773E+00    4.0031595247E+00    5.1192199852E+00   -1.6437361909E+01    2.5233507809E+00
    8.4937944164E-02    1.1034972093E+00    1.9682031052E+00    2.8889167078E+00    3.9057568071E+00    5.0910913164E+00   -1.6544898033E+01    2.4125155331E+00
   -3.1977685714E-03    1.0614282970E+00    1.9932769221E+00    2.9345139255E+00    4.1113452351E+00    5.0363402121E+00   -1.6412104928E+01    2.5465198726E+00
    7.2032596917E-02    1.0578008513E+00    1.9553242641E+00    3.0199045089E+00    3.9795660264E+00    4.8893304747E+00   -1.6629785460E+01    2.3307561533E+00
    3.0505449336E-02    1.0625954130E+00    1.9767485413E+00    2.9278051949E+00    4.0561844767E+00    5.0144736350E+00   -1.6503802238E+01    2.4544841419E+00
    1.3432539804E-02    9.0465669733E-01    1.9769704074E+00    3.0684080910E+00    4.1157812510E+00    5.0811663915E+00   -1.6344189509E+01    2.6121033871E+00
    5.1607501526E-02    9.8427613759E-01    2.1032483086E+00    3.0838130289E+00    4.0850332847E+00    4.9822844223E+00   -1.6465317250E+01    2.4906703210E+00
    9.7619793362E-03    8.9021445893E-01    1.9355191471E+00    3.1044115266E+00    4.1112650283E+00    5.0289449653E+00   -1.6328769722E+01    2.6255119824E+00
    5.8256093772E-02    9.3693590796E-01    2.0270164758E+00    2.9943227205E+00    4.0147841834E+00    4.9762624542E+00   -1.6483873028E+01    2.4734262189E+00
    8.0114231707E-02    9.4862041175E-01    1.9992372355E+00    3.0383453956E+00    4.0803299664E+00    4.8929677155E+00   -1.6417345374E+01    2.5386684396E+00
    1.0970674989E-01    1.0322180264E+00    1.9034599435E+00    2.9266618829E+00    3.9062844486E+00    5.1139627892E+00   -1.6497856349E+01    2.4606729069E+00
   -8.2937933703E-02    1.0892337402E+00    1.9943107400E+00    2.8832388109E+00    3.9530476131E+00    5.0617857032E+00   -1.6422055367E+01    2.5365321530E+00
    1.9148647766E-02    1.0049466561E+00    1.9798356999E+00    3.1087904880E+00    3.9712479891E+00    4.9789853937E+00   -1.6506119789E+01    2.4530723659E+00
    8.3439544442E-02    1.0837277268E+00    1.9314518474E+00    3.0194615961E+00    3.9623391630E+00    4.9813408078E+00   -1.6579607582E+01    2.3795267899E+00
    2.8169876530E-02    9.9459566072E-01    1.9335302450E+00    3.0562104748E+00    4.1118526332E+00    4.8823936150E+00   -1.6361022130E+01    2.5939629109E+00
