7 20 121 4
-0.096481408666112184
-0.030096760382920848
-0.10002036357765103
-0.086363438440656026
-0.13141928747362425
-0.1337550468667201
-0.067300352275977068
-0.13567282659265809
-0.053690042674397129
-0.068179894573138972
-0.03967895125489633
-0.083289983697836259
-0.084102913194383913
-0.089478740114475944
-0.13676528138423583
-0.046823972462128834
0.044296139103498375
-0.10516076979933342
-0.14109969609002568
0.11354809005909974
0.046625584967725717
0.0082931627790877472
0.0017570676988722278
0.12470756456009463
-0.093574519382591592
-0.11425319754716623
-0.13257097410157834
0.065978634551157531
0.041260510911820703
0.11425378078792886
-0.026382116589873144
0.094779102245708513
-0.065842979594991996
0.023597519972174196
-0.1415843363346459
-0.047262267068616241
0.0398424731054541
-0.058884688610622973
-0.032935093521575955
0.13615243043105696
0.022935416816238029
0.077385955223527716
-0.0971375534064777
0.088832503621854103
0.13790721510905177
-0.083902834790713546
-0.1079914689799731
0.032203354072851777
-0.039063604590046971
-0.099091165069998779
-0.0042485560077468619
-0.14243801976201964
0.05920199770908896
0.14750851169112533
0.13226954479807498
0.11562747832649733
-0.11674468585604088
0.14969857069649667
0.031606112737956493
0.074515825055779819
0.11395235148442551
-0.14477600385191663
0.019294927161789942
-0.10189062825026485
0.028821516120257559
0.02771059082714402
0.00084710468111889317
-0.08133601091398672
0.11882590221652106
0.11791201115954293
-0.095183580622628133
-0.0082386811069392937
0.045297966243372269
-0.042321134029105839
-0.069406177624783558
0.033205181212725664
0.023776031180180623
-0.027397646604756663
-0.08459146485412096
0.13471242659013363
0.023511188325244545
0.06115997927783054
0.14227440696781238
-0.067286813965666492
0.058668490829257521
0.12454395162618903
-0.10165933577886752
0.09192380497321663
0.12424252232268568
0.079946777098787378
0.016439629889298066
0.088194873667412854
0.085170773246870737
-0.11426544308861039
0.13630424541714797
-0.036007710772570097
0.063445147738533617
-0.012848650041431486
0.032656278313443199
0.032271049815356286
-0.044936638881888528
0.08747269769081506
-0.1259676314312814
-0.14963867277821463
-0.10484843647798917
-0.045373809056064959
0.033566508574209418
0.068927594702191466
0.077228544339178376
0.098975043720088432
0.053640021152626734
-0.049260267335577063
0.010135022858220632
0.045914427980740746
0.033452918698756461
-0.08119648631252184
0.020458379606929786
0.081793582919888932
-0.1392726814790036
-0.0052990982100829089
0.011740359878977924
0.18111299033328554
-0.44736149788245627
-0.35392578009233144
0.41934336974254971
-0.53866652936612558
0.40602281475720137
-0.1576889786672262
0.37567580369099773
-0.37626866408449999
-0.94254864749617351
-0.92390178978624837
-0.7931173470770555
-0.78233285610672687
-0.92149294070969012
-0.49210692359698327
-0.084824916480493173
0.30228378311837267
0.96741037441762656
-0.56996795421930402
-0.037882593012360188
0.32501051543513793
0.10163026354351556
-0.97031577395755597
-0.3688932989579129
-0.67535027939609726
-0.5116256827077017
0.76749589842161914
0.86994027340316227
-0.44011022590105897
-0.26783142391025616
-0.051790660736984906
0.74100276443222657
0.28480707820728757
0.59428355917068365
0.16034613417477628
0.74614054884116188
0.00030637392788501749
-0.99734284542377238
0.12181635253215961
0.62403770984338491
-0.93989149291994589
0.19791456274591135
0.83092036369765188
-0.72222434902667265
0.27642162203622123
-0.66118656083065397
0.19295073542415664
-0.42129459577672868
-0.69377618641302741
0.62298278120485273
0.54082281214223382
0.63123432902211052
-0.27538695618295439
0.57050703818467774
-0.73765897086712484
0.049262764420948457
-0.94111864545434654
-0.97016307244550581
-0.080796963107211961
-0.38122887135540551
-0.23799449635576198
0.86741237615580324
-0.64022610692317883
-0.95318741814847452
0.46169593532648689
0.52012002725159756
0.79295313069268736
-0.53799769167695088
0.52277718182782507
-0.085230517706475495
-0.91395998276488855
0.58288568890787928
-0.88731595496056415
0.91696038093276333
0.86066134081252921
0.38910566707565719
-0.74422617989789053
0.053612075305363271
0.96781107223025109
-0.43800236631091793
