# DNNF90 training history: one row per validation event
#  1:epoch  2:patience
#  3:cost_train    4:cost_val    5:cost_input   (per point;
#    the composite objective, Loss_term weights applied --
#    the same sum the optimizer descends)
#  6:cost_train_f  7:cost_train_df  8:cost_val_f  9:cost_val_df
# 10:cost_input_f 11:cost_input_df
# 12:rmse_train_f 13:rmse_train_df 14:rmse_val_f 15:rmse_val_df
# 16:rmse_input_f 17:rmse_input_df
# 18:mae_train_f  19:mae_train_df  20:mae_val_f  21:mae_val_df
# 22:mae_input_f  23:mae_input_df
# 24..: the same 21 metrics for each loss term in turn (2 terms: columns 24-44 are term 1, 45-65 term 2, ...)
1  0    0.59187E+01    0.91066E+01    0.61737E+01    0.59182E+01    0.46932E+00    0.91063E+01    0.31963E+00    0.61732E+01    0.45734E+00    0.62568E+01    0.96883E+00    0.60855E+01    0.79954E+00    0.62433E+01    0.95639E+00    0.40141E+01    0.63333E+00    0.37003E+01    0.55503E+00    0.39890E+01    0.62707E+00    0.30249E+02    0.36425E+02    0.30866E+02    0.30249E+02    0.00000E+00    0.36425E+02    0.00000E+00    0.30866E+02    0.00000E+00    0.77780E+01    0.00000E+00    0.85352E+01    0.00000E+00    0.78570E+01    0.00000E+00    0.49184E+01    0.00000E+00    0.56391E+01    0.00000E+00    0.49905E+01    0.00000E+00    0.58347E-03    0.42617E-03    0.57168E-03    0.00000E+00    0.58347E+00    0.00000E+00    0.42617E+00    0.00000E+00    0.57168E+00    0.58271E+01    0.10803E+01    0.50094E+01    0.92322E+00    0.57698E+01    0.10693E+01    0.37941E+01    0.78739E+00    0.30541E+01    0.74005E+00    0.37386E+01    0.78384E+00
500  0    0.18883E+01    0.16187E+01    0.18668E+01    0.16414E+01    0.24688E+03    0.13500E+01    0.26871E+03    0.16181E+01    0.24863E+03    0.44017E+01    0.22221E+02    0.43009E+01    0.23182E+02    0.43937E+01    0.22299E+02    0.38142E+01    0.17630E+02    0.38134E+01    0.18248E+02    0.38141E+01    0.17679E+02    0.83896E+01    0.53998E+01    0.80906E+01    0.83896E+01    0.00000E+00    0.53998E+01    0.00000E+00    0.80906E+01    0.00000E+00    0.40962E+01    0.00000E+00    0.32863E+01    0.00000E+00    0.40226E+01    0.00000E+00    0.28925E+01    0.00000E+00    0.25934E+01    0.00000E+00    0.28626E+01    0.00000E+00    0.30693E+00    0.35829E+00    0.31078E+00    0.00000E+00    0.30693E+03    0.00000E+00    0.35829E+03    0.00000E+00    0.31078E+03    0.44729E+01    0.24776E+02    0.45895E+01    0.26769E+02    0.44817E+01    0.24931E+02    0.40384E+01    0.21918E+02    0.42200E+01    0.24330E+02    0.40520E+01    0.22099E+02
1000  0    0.78892E+00    0.42629E+00    0.75991E+00    0.58540E+00    0.20353E+03    0.22845E+00    0.19784E+03    0.55684E+00    0.20307E+03    0.32989E+01    0.20176E+02    0.31820E+01    0.19892E+02    0.32897E+01    0.20153E+02    0.27988E+01    0.15337E+02    0.27663E+01    0.15716E+02    0.27962E+01    0.15368E+02    0.29920E+01    0.91380E+00    0.27842E+01    0.29920E+01    0.00000E+00    0.91380E+00    0.00000E+00    0.27842E+01    0.00000E+00    0.24462E+01    0.00000E+00    0.13519E+01    0.00000E+00    0.23598E+01    0.00000E+00    0.14170E+01    0.00000E+00    0.10110E+01    0.00000E+00    0.13764E+01    0.00000E+00    0.25303E+00    0.26378E+00    0.25384E+00    0.00000E+00    0.25303E+03    0.00000E+00    0.26378E+03    0.00000E+00    0.25384E+03    0.34749E+01    0.22496E+02    0.35904E+01    0.22969E+02    0.34837E+01    0.22532E+02    0.31349E+01    0.19068E+02    0.33514E+01    0.20954E+02    0.31512E+01    0.19210E+02
1500  0    0.48818E+00    0.30993E+00    0.47392E+00    0.37690E+00    0.11129E+03    0.16426E+00    0.14567E+03    0.35989E+00    0.11404E+03    0.33170E+01    0.14919E+02    0.32194E+01    0.17069E+02    0.33093E+01    0.15102E+02    0.28564E+01    0.99642E+01    0.27951E+01    0.11249E+02    0.28515E+01    0.10067E+02    0.19264E+01    0.65703E+00    0.17994E+01    0.19264E+01    0.00000E+00    0.65703E+00    0.00000E+00    0.17994E+01    0.00000E+00    0.19628E+01    0.00000E+00    0.11463E+01    0.00000E+00    0.18971E+01    0.00000E+00    0.13293E+01    0.00000E+00    0.99285E+00    0.00000E+00    0.12956E+01    0.00000E+00    0.13835E+00    0.19423E+00    0.14255E+00    0.00000E+00    0.13835E+03    0.00000E+00    0.19423E+03    0.00000E+00    0.14255E+03    0.35695E+01    0.16635E+02    0.36581E+01    0.19709E+02    0.35762E+01    0.16885E+02    0.32279E+01    0.12388E+02    0.33958E+01    0.14999E+02    0.32405E+01    0.12584E+02
2000  0    0.38828E+00    0.27800E+00    0.37946E+00    0.28418E+00    0.10411E+03    0.13877E+00    0.13923E+03    0.27254E+00    0.10692E+03    0.33461E+01    0.14430E+02    0.32126E+01    0.16687E+02    0.33357E+01    0.14623E+02    0.28159E+01    0.98175E+01    0.26994E+01    0.10961E+02    0.28066E+01    0.99089E+01    0.14525E+01    0.55507E+00    0.13627E+01    0.14525E+01    0.00000E+00    0.55507E+00    0.00000E+00    0.13627E+01    0.00000E+00    0.17044E+01    0.00000E+00    0.10536E+01    0.00000E+00    0.16509E+01    0.00000E+00    0.11234E+01    0.00000E+00    0.79403E+00    0.00000E+00    0.10905E+01    0.00000E+00    0.12943E+00    0.18564E+00    0.13365E+00    0.00000E+00    0.12943E+03    0.00000E+00    0.18564E+03    0.00000E+00    0.13365E+03    0.36350E+01    0.16089E+02    0.36594E+01    0.19269E+02    0.36369E+01    0.16349E+02    0.32276E+01    0.12206E+02    0.33345E+01    0.14614E+02    0.32356E+01    0.12386E+02
2500  1    0.34771E+00    0.30908E+00    0.34462E+00    0.23909E+00    0.10862E+03    0.18445E+00    0.12463E+03    0.23472E+00    0.10990E+03    0.35825E+01    0.14739E+02    0.34433E+01    0.15788E+02    0.35715E+01    0.14826E+02    0.30208E+01    0.10896E+02    0.29033E+01    0.11821E+02    0.30114E+01    0.10970E+02    0.12220E+01    0.73779E+00    0.11736E+01    0.12220E+01    0.00000E+00    0.73779E+00    0.00000E+00    0.11736E+01    0.00000E+00    0.15633E+01    0.00000E+00    0.12147E+01    0.00000E+00    0.15321E+01    0.00000E+00    0.11038E+01    0.00000E+00    0.96107E+00    0.00000E+00    0.10896E+01    0.00000E+00    0.13505E+00    0.16617E+00    0.13738E+00    0.00000E+00    0.13505E+03    0.00000E+00    0.16617E+03    0.00000E+00    0.13738E+03    0.39194E+01    0.16434E+02    0.39136E+01    0.18230E+02    0.39189E+01    0.16576E+02    0.34871E+01    0.13547E+02    0.35507E+01    0.15761E+02    0.34919E+01    0.13713E+02
3000  0    0.32908E+00    0.22479E+00    0.32074E+00    0.21798E+00    0.11110E+03    0.89940E-01    0.13484E+03    0.20774E+00    0.11300E+03    0.34657E+01    0.14907E+02    0.32975E+01    0.16422E+02    0.34526E+01    0.15033E+02    0.28875E+01    0.11330E+02    0.27325E+01    0.11912E+02    0.28751E+01    0.11377E+02    0.11141E+01    0.35976E+00    0.10387E+01    0.11141E+01    0.00000E+00    0.35976E+00    0.00000E+00    0.10387E+01    0.00000E+00    0.14927E+01    0.00000E+00    0.84825E+00    0.00000E+00    0.14413E+01    0.00000E+00    0.10457E+01    0.00000E+00    0.70982E+00    0.00000E+00    0.10121E+01    0.00000E+00    0.13813E+00    0.17979E+00    0.14125E+00    0.00000E+00    0.13813E+03    0.00000E+00    0.17979E+03    0.00000E+00    0.14125E+03    0.37935E+01    0.16621E+02    0.37760E+01    0.18963E+02    0.37922E+01    0.16808E+02    0.33355E+01    0.14086E+02    0.34067E+01    0.15882E+02    0.33408E+01    0.14221E+02
3500  1    0.28453E+00    0.35526E+00    0.29019E+00    0.19711E+00    0.87412E+02    0.23778E+00    0.11748E+03    0.20037E+00    0.89817E+02    0.39070E+01    0.13222E+02    0.37575E+01    0.15328E+02    0.38953E+01    0.13403E+02    0.32943E+01    0.96977E+01    0.31873E+01    0.10790E+02    0.32857E+01    0.97851E+01    0.10075E+01    0.95112E+00    0.10018E+01    0.10075E+01    0.00000E+00    0.95112E+00    0.00000E+00    0.10018E+01    0.00000E+00    0.14195E+01    0.00000E+00    0.13792E+01    0.00000E+00    0.14155E+01    0.00000E+00    0.10961E+01    0.00000E+00    0.12010E+01    0.00000E+00    0.11066E+01    0.00000E+00    0.10867E+00    0.15664E+00    0.11227E+00    0.00000E+00    0.10867E+03    0.00000E+00    0.15664E+03    0.00000E+00    0.11227E+03    0.42998E+01    0.14743E+02    0.42651E+01    0.17699E+02    0.42972E+01    0.14985E+02    0.38290E+01    0.12057E+02    0.38494E+01    0.14387E+02    0.38305E+01    0.12231E+02
4000  2    0.26198E+00    0.27621E+00    0.26312E+00    0.17550E+00    0.86481E+02    0.15963E+00    0.11658E+03    0.17423E+00    0.88889E+02    0.36695E+01    0.13151E+02    0.34952E+01    0.15269E+02    0.36559E+01    0.13333E+02    0.30333E+01    0.97386E+01    0.28802E+01    0.11198E+02    0.30211E+01    0.98554E+01    0.89698E+00    0.63852E+00    0.87114E+00    0.89698E+00    0.00000E+00    0.63852E+00    0.00000E+00    0.87114E+00    0.00000E+00    0.13394E+01    0.00000E+00    0.11301E+01    0.00000E+00    0.13200E+01    0.00000E+00    0.93811E+00    0.00000E+00    0.90074E+00    0.00000E+00    0.93438E+00    0.00000E+00    0.10752E+00    0.15544E+00    0.11111E+00    0.00000E+00    0.10752E+03    0.00000E+00    0.15544E+03    0.00000E+00    0.11111E+03    0.40379E+01    0.14664E+02    0.39829E+01    0.17632E+02    0.40338E+01    0.14907E+02    0.35429E+01    0.12107E+02    0.35400E+01    0.14931E+02    0.35427E+01    0.12319E+02
4500  3    0.26801E+00    0.28270E+00    0.26918E+00    0.17737E+00    0.90641E+02    0.14281E+00    0.13989E+03    0.17460E+00    0.94581E+02    0.35330E+01    0.13464E+02    0.33623E+01    0.16727E+02    0.35197E+01    0.13754E+02    0.29213E+01    0.96074E+01    0.27565E+01    0.11229E+02    0.29082E+01    0.97372E+01    0.90653E+00    0.57123E+00    0.87300E+00    0.90653E+00    0.00000E+00    0.57123E+00    0.00000E+00    0.87300E+00    0.00000E+00    0.13465E+01    0.00000E+00    0.10689E+01    0.00000E+00    0.13214E+01    0.00000E+00    0.94361E+00    0.00000E+00    0.84418E+00    0.00000E+00    0.93367E+00    0.00000E+00    0.11269E+00    0.18652E+00    0.11823E+00    0.00000E+00    0.11269E+03    0.00000E+00    0.18652E+03    0.00000E+00    0.11823E+03    0.38830E+01    0.15013E+02    0.38331E+01    0.19314E+02    0.38793E+01    0.15377E+02    0.34024E+01    0.11944E+02    0.33940E+01    0.14973E+02    0.34018E+01    0.12171E+02
5000  4    0.24873E+00    0.26174E+00    0.24977E+00    0.16558E+00    0.83145E+02    0.13913E+00    0.12260E+03    0.16346E+00    0.86302E+02    0.36874E+01    0.12895E+02    0.35079E+01    0.15659E+02    0.36734E+01    0.13138E+02    0.30413E+01    0.94468E+01    0.28781E+01    0.10815E+02    0.30282E+01    0.95563E+01    0.84630E+00    0.55653E+00    0.81732E+00    0.84630E+00    0.00000E+00    0.55653E+00    0.00000E+00    0.81732E+00    0.00000E+00    0.13010E+01    0.00000E+00    0.10550E+01    0.00000E+00    0.12785E+01    0.00000E+00    0.94800E+00    0.00000E+00    0.88547E+00    0.00000E+00    0.94175E+00    0.00000E+00    0.10337E+00    0.16347E+00    0.10788E+00    0.00000E+00    0.10337E+03    0.00000E+00    0.16347E+03    0.00000E+00    0.10788E+03    0.40611E+01    0.14378E+02    0.40045E+01    0.18082E+02    0.40569E+01    0.14689E+02    0.35505E+01    0.11745E+02    0.35423E+01    0.14420E+02    0.35498E+01    0.11945E+02
5500  5    0.28799E+00    0.29231E+00    0.28833E+00    0.17041E+00    0.11758E+03    0.15395E+00    0.13835E+03    0.16909E+00    0.11924E+03    0.37179E+01    0.15335E+02    0.35449E+01    0.16634E+02    0.37044E+01    0.15443E+02    0.30989E+01    0.11886E+02    0.29462E+01    0.12889E+02    0.30867E+01    0.11966E+02    0.87097E+00    0.61582E+00    0.84545E+00    0.87097E+00    0.00000E+00    0.61582E+00    0.00000E+00    0.84545E+00    0.00000E+00    0.13198E+01    0.00000E+00    0.11098E+01    0.00000E+00    0.13003E+01    0.00000E+00    0.10023E+01    0.00000E+00    0.96950E+00    0.00000E+00    0.99898E+00    0.00000E+00    0.14618E+00    0.18447E+00    0.14905E+00    0.00000E+00    0.14618E+03    0.00000E+00    0.18447E+03    0.00000E+00    0.14905E+03    0.40941E+01    0.17098E+02    0.40428E+01    0.19208E+02    0.40903E+01    0.17266E+02    0.36089E+01    0.14777E+02    0.36052E+01    0.17186E+02    0.36086E+01    0.14958E+02
6000  0    0.24187E+00    0.18600E+00    0.23740E+00    0.15912E+00    0.82749E+02    0.58262E-01    0.12774E+03    0.15105E+00    0.86348E+02    0.35154E+01    0.12865E+02    0.33026E+01    0.15984E+02    0.34988E+01    0.13141E+02    0.28543E+01    0.97467E+01    0.26370E+01    0.11753E+02    0.28369E+01    0.99072E+01    0.81327E+00    0.23305E+00    0.75524E+00    0.81327E+00    0.00000E+00    0.23305E+00    0.00000E+00    0.75524E+00    0.00000E+00    0.12754E+01    0.00000E+00    0.68271E+00    0.00000E+00    0.12290E+01    0.00000E+00    0.84544E+00    0.00000E+00    0.54840E+00    0.00000E+00    0.81574E+00    0.00000E+00    0.10288E+00    0.17032E+00    0.10794E+00    0.00000E+00    0.10288E+03    0.00000E+00    0.17032E+03    0.00000E+00    0.10794E+03    0.38689E+01    0.14344E+02    0.37931E+01    0.18456E+02    0.38632E+01    0.14693E+02    0.33429E+01    0.12117E+02    0.33332E+01    0.15671E+02    0.33422E+01    0.12384E+02
6500  1    0.24114E+00    0.31771E+00    0.24727E+00    0.14456E+00    0.96578E+02    0.15758E+00    0.16013E+03    0.14561E+00    0.10166E+03    0.38837E+01    0.13898E+02    0.36511E+01    0.17896E+02    0.38656E+01    0.14259E+02    0.31341E+01    0.10170E+02    0.29420E+01    0.12266E+02    0.31188E+01    0.10338E+02    0.73888E+00    0.63032E+00    0.72803E+00    0.73888E+00    0.00000E+00    0.63032E+00    0.00000E+00    0.72803E+00    0.00000E+00    0.12156E+01    0.00000E+00    0.11228E+01    0.00000E+00    0.12067E+01    0.00000E+00    0.87219E+00    0.00000E+00    0.88502E+00    0.00000E+00    0.87347E+00    0.00000E+00    0.12007E+00    0.21351E+00    0.12708E+00    0.00000E+00    0.12007E+03    0.00000E+00    0.21351E+03    0.00000E+00    0.12708E+03    0.42886E+01    0.15496E+02    0.41658E+01    0.20664E+02    0.42795E+01    0.15942E+02    0.36843E+01    0.12644E+02    0.36276E+01    0.16355E+02    0.36801E+01    0.12922E+02
7000  0    0.23757E+00    0.16971E+00    0.23214E+00    0.15323E+00    0.84335E+02    0.68676E-01    0.10103E+03    0.14647E+00    0.85671E+02    0.35089E+01    0.12987E+02    0.32957E+01    0.14215E+02    0.34923E+01    0.13090E+02    0.28531E+01    0.96454E+01    0.26381E+01    0.98845E+01    0.28359E+01    0.96645E+01    0.78318E+00    0.27471E+00    0.73234E+00    0.78318E+00    0.00000E+00    0.27471E+00    0.00000E+00    0.73234E+00    0.00000E+00    0.12515E+01    0.00000E+00    0.74122E+00    0.00000E+00    0.12102E+01    0.00000E+00    0.86176E+00    0.00000E+00    0.61139E+00    0.00000E+00    0.83673E+00    0.00000E+00    0.10485E+00    0.13471E+00    0.10709E+00    0.00000E+00    0.10485E+03    0.00000E+00    0.13471E+03    0.00000E+00    0.10709E+03    0.38635E+01    0.14481E+02    0.37815E+01    0.16414E+02    0.38574E+01    0.14635E+02    0.33374E+01    0.11992E+02    0.33137E+01    0.13179E+02    0.33357E+01    0.12081E+02
7500  1    0.21832E+00    0.17937E+00    0.21520E+00    0.14219E+00    0.76129E+02    0.60292E-01    0.11907E+03    0.13564E+00    0.79565E+02    0.36463E+01    0.12339E+02    0.34055E+01    0.15432E+02    0.36276E+01    0.12615E+02    0.29429E+01    0.89037E+01    0.27105E+01    0.10421E+02    0.29243E+01    0.90251E+01    0.72673E+00    0.24117E+00    0.67818E+00    0.72673E+00    0.00000E+00    0.24117E+00    0.00000E+00    0.67818E+00    0.00000E+00    0.12056E+01    0.00000E+00    0.69450E+00    0.00000E+00    0.11646E+01    0.00000E+00    0.82400E+00    0.00000E+00    0.59341E+00    0.00000E+00    0.80094E+00    0.00000E+00    0.94647E-01    0.15877E+00    0.99456E-01    0.00000E+00    0.94647E+02    0.00000E+00    0.15877E+03    0.00000E+00    0.99456E+02    0.40219E+01    0.13758E+02    0.39118E+01    0.17819E+02    0.40138E+01    0.14104E+02    0.34583E+01    0.11069E+02    0.34162E+01    0.13895E+02    0.34552E+01    0.11281E+02
8000  2    0.22674E+00    0.27946E+00    0.23096E+00    0.14990E+00    0.76836E+02    0.17950E+00    0.99963E+02    0.15227E+00    0.78686E+02    0.39971E+01    0.12396E+02    0.37782E+01    0.14140E+02    0.39800E+01    0.12545E+02    0.32932E+01    0.91970E+01    0.31404E+01    0.99995E+01    0.32810E+01    0.92612E+01    0.76617E+00    0.71800E+00    0.76135E+00    0.76617E+00    0.00000E+00    0.71800E+00    0.00000E+00    0.76135E+00    0.00000E+00    0.12379E+01    0.00000E+00    0.11983E+01    0.00000E+00    0.12340E+01    0.00000E+00    0.10041E+01    0.00000E+00    0.10908E+01    0.00000E+00    0.10128E+01    0.00000E+00    0.95525E-01    0.13328E+00    0.98357E-01    0.00000E+00    0.95525E+02    0.00000E+00    0.13328E+03    0.00000E+00    0.98357E+02    0.44148E+01    0.13822E+02    0.43075E+01    0.16327E+02    0.44068E+01    0.14025E+02    0.38500E+01    0.11434E+02    0.38236E+01    0.13333E+02    0.38480E+01    0.11577E+02
8500  3    0.21902E+00    0.21380E+00    0.21860E+00    0.13608E+00    0.82943E+02    0.11667E+00    0.97125E+02    0.13452E+00    0.84078E+02    0.37379E+01    0.12880E+02    0.34931E+01    0.13937E+02    0.37189E+01    0.12967E+02    0.30207E+01    0.97224E+01    0.28131E+01    0.10256E+02    0.30041E+01    0.97651E+01    0.69549E+00    0.46669E+00    0.67261E+00    0.69549E+00    0.00000E+00    0.46669E+00    0.00000E+00    0.67261E+00    0.00000E+00    0.11794E+01    0.00000E+00    0.96612E+00    0.00000E+00    0.11598E+01    0.00000E+00    0.85487E+00    0.00000E+00    0.80057E+00    0.00000E+00    0.84944E+00    0.00000E+00    0.10312E+00    0.12950E+00    0.10510E+00    0.00000E+00    0.10312E+03    0.00000E+00    0.12950E+03    0.00000E+00    0.10510E+03    0.41270E+01    0.14361E+02    0.39948E+01    0.16094E+02    0.41172E+01    0.14498E+02    0.35476E+01    0.12087E+02    0.34840E+01    0.13675E+02    0.35428E+01    0.12206E+02
9000  0    0.20726E+00    0.16211E+00    0.20365E+00    0.13340E+00    0.73856E+02    0.59045E-01    0.10306E+03    0.12746E+00    0.76192E+02    0.36577E+01    0.12154E+02    0.33901E+01    0.14357E+02    0.36370E+01    0.12344E+02    0.29136E+01    0.90166E+01    0.26620E+01    0.99501E+01    0.28935E+01    0.90913E+01    0.68185E+00    0.23618E+00    0.63728E+00    0.68185E+00    0.00000E+00    0.23618E+00    0.00000E+00    0.63728E+00    0.00000E+00    0.11678E+01    0.00000E+00    0.68728E+00    0.00000E+00    0.11290E+01    0.00000E+00    0.79298E+00    0.00000E+00    0.56426E+00    0.00000E+00    0.77011E+00    0.00000E+00    0.91821E-01    0.13742E+00    0.95240E-01    0.00000E+00    0.91821E+02    0.00000E+00    0.13742E+03    0.00000E+00    0.95240E+02    0.40375E+01    0.13551E+02    0.38944E+01    0.16578E+02    0.40269E+01    0.13801E+02    0.34295E+01    0.11210E+02    0.33612E+01    0.13267E+02    0.34243E+01    0.11364E+02
9500  1    0.21341E+00    0.18644E+00    0.21125E+00    0.13401E+00    0.79392E+02    0.86108E-01    0.10033E+03    0.13018E+00    0.81067E+02    0.36491E+01    0.12601E+02    0.34039E+01    0.14165E+02    0.36301E+01    0.12733E+02    0.29695E+01    0.92125E+01    0.27535E+01    0.96102E+01    0.29522E+01    0.92443E+01    0.68496E+00    0.34443E+00    0.65091E+00    0.68496E+00    0.00000E+00    0.34443E+00    0.00000E+00    0.65091E+00    0.00000E+00    0.11704E+01    0.00000E+00    0.82998E+00    0.00000E+00    0.11410E+01    0.00000E+00    0.86533E+00    0.00000E+00    0.75063E+00    0.00000E+00    0.85386E+00    0.00000E+00    0.98703E-01    0.13377E+00    0.10133E+00    0.00000E+00    0.98703E+02    0.00000E+00    0.13377E+03    0.00000E+00    0.10133E+03    0.40277E+01    0.14050E+02    0.39011E+01    0.16357E+02    0.40183E+01    0.14236E+02    0.34813E+01    0.11453E+02    0.34211E+01    0.12814E+02    0.34768E+01    0.11555E+02
10000  2    0.21140E+00    0.17276E+00    0.20831E+00    0.13459E+00    0.76814E+02    0.86505E-01    0.86254E+02    0.13074E+00    0.77569E+02    0.35714E+01    0.12395E+02    0.33169E+01    0.13134E+02    0.35517E+01    0.12455E+02    0.28644E+01    0.93231E+01    0.26317E+01    0.90002E+01    0.28458E+01    0.92972E+01    0.68788E+00    0.34602E+00    0.65370E+00    0.68788E+00    0.00000E+00    0.34602E+00    0.00000E+00    0.65370E+00    0.00000E+00    0.11729E+01    0.00000E+00    0.83189E+00    0.00000E+00    0.11434E+01    0.00000E+00    0.84354E+00    0.00000E+00    0.68232E+00    0.00000E+00    0.82741E+00    0.00000E+00    0.95498E-01    0.11501E+00    0.96962E-01    0.00000E+00    0.95498E+02    0.00000E+00    0.11501E+03    0.00000E+00    0.96962E+02    0.39399E+01    0.13820E+02    0.37998E+01    0.15166E+02    0.39295E+01    0.13926E+02    0.33560E+01    0.11591E+02    0.32815E+01    0.12000E+02    0.33504E+01    0.11622E+02
10500  3    0.18928E+00    0.19018E+00    0.18935E+00    0.12214E+00    0.67135E+02    0.99649E-01    0.90531E+02    0.12034E+00    0.69007E+02    0.38072E+01    0.11587E+02    0.35245E+01    0.13456E+02    0.37854E+01    0.11748E+02    0.30418E+01    0.84161E+01    0.28208E+01    0.96483E+01    0.30241E+01    0.85147E+01    0.62429E+00    0.39860E+00    0.60172E+00    0.62429E+00    0.00000E+00    0.39860E+00    0.00000E+00    0.60172E+00    0.00000E+00    0.11174E+01    0.00000E+00    0.89286E+00    0.00000E+00    0.10970E+01    0.00000E+00    0.81995E+00    0.00000E+00    0.76198E+00    0.00000E+00    0.81415E+00    0.00000E+00    0.83465E-01    0.12071E+00    0.86258E-01    0.00000E+00    0.83465E+02    0.00000E+00    0.12071E+03    0.00000E+00    0.86258E+02    0.42091E+01    0.12920E+02    0.40369E+01    0.15538E+02    0.41965E+01    0.13135E+02    0.35823E+01    0.10463E+02    0.35070E+01    0.12864E+02    0.35766E+01    0.10643E+02
11000  4    0.19759E+00    0.20558E+00    0.19823E+00    0.12384E+00    0.73755E+02    0.10294E+00    0.10265E+03    0.12216E+00    0.76066E+02    0.37556E+01    0.12145E+02    0.34909E+01    0.14328E+02    0.37351E+01    0.12334E+02    0.30391E+01    0.91084E+01    0.28354E+01    0.99239E+01    0.30228E+01    0.91736E+01    0.63294E+00    0.41174E+00    0.61082E+00    0.63294E+00    0.00000E+00    0.41174E+00    0.00000E+00    0.61082E+00    0.00000E+00    0.11251E+01    0.00000E+00    0.90746E+00    0.00000E+00    0.11053E+01    0.00000E+00    0.86245E+00    0.00000E+00    0.82133E+00    0.00000E+00    0.85834E+00    0.00000E+00    0.91695E-01    0.13686E+00    0.95083E-01    0.00000E+00    0.91695E+02    0.00000E+00    0.13686E+03    0.00000E+00    0.95083E+02    0.41506E+01    0.13542E+02    0.39967E+01    0.16545E+02    0.41392E+01    0.13790E+02    0.35686E+01    0.11324E+02    0.35068E+01    0.13232E+02    0.35640E+01    0.11467E+02
11500  5    0.21081E+00    0.22829E+00    0.21221E+00    0.12122E+00    0.89591E+02    0.12226E+00    0.10604E+03    0.12130E+00    0.90907E+02    0.37826E+01    0.13386E+02    0.34939E+01    0.14563E+02    0.37603E+01    0.13484E+02    0.30435E+01    0.10341E+02    0.28252E+01    0.11399E+02    0.30260E+01    0.10425E+02    0.61957E+00    0.48902E+00    0.60652E+00    0.61957E+00    0.00000E+00    0.48902E+00    0.00000E+00    0.60652E+00    0.00000E+00    0.11132E+01    0.00000E+00    0.98896E+00    0.00000E+00    0.11014E+01    0.00000E+00    0.83360E+00    0.00000E+00    0.83823E+00    0.00000E+00    0.83406E+00    0.00000E+00    0.11138E+00    0.14138E+00    0.11363E+00    0.00000E+00    0.11138E+03    0.00000E+00    0.14138E+03    0.00000E+00    0.11363E+03    0.41817E+01    0.14925E+02    0.39938E+01    0.16816E+02    0.41679E+01    0.15075E+02    0.35810E+01    0.12856E+02    0.34876E+01    0.15199E+02    0.35740E+01    0.13032E+02
12000  6    0.19813E+00    0.16726E+00    0.19567E+00    0.11929E+00    0.78842E+02    0.81990E-01    0.85270E+02    0.11631E+00    0.79356E+02    0.35844E+01    0.12557E+02    0.33241E+01    0.13059E+02    0.35642E+01    0.12598E+02    0.29189E+01    0.91841E+01    0.27189E+01    0.94321E+01    0.29029E+01    0.92039E+01    0.60972E+00    0.32796E+00    0.58154E+00    0.60972E+00    0.00000E+00    0.32796E+00    0.00000E+00    0.58154E+00    0.00000E+00    0.11043E+01    0.00000E+00    0.80989E+00    0.00000E+00    0.10785E+01    0.00000E+00    0.84151E+00    0.00000E+00    0.75901E+00    0.00000E+00    0.83326E+00    0.00000E+00    0.98020E-01    0.11369E+00    0.99195E-01    0.00000E+00    0.98020E+02    0.00000E+00    0.11369E+03    0.00000E+00    0.99195E+02    0.39593E+01    0.14001E+02    0.38097E+01    0.15079E+02    0.39483E+01    0.14085E+02    0.34242E+01    0.11418E+02    0.33722E+01    0.12576E+02    0.34203E+01    0.11505E+02
12500  0    0.19717E+00    0.13080E+00    0.19186E+00    0.12364E+00    0.73528E+02    0.51768E-01    0.79030E+02    0.11789E+00    0.73969E+02    0.34403E+01    0.12127E+02    0.31864E+01    0.12572E+02    0.34207E+01    0.12163E+02    0.27961E+01    0.90265E+01    0.25706E+01    0.90375E+01    0.27781E+01    0.90274E+01    0.63196E+00    0.20707E+00    0.58947E+00    0.63196E+00    0.00000E+00    0.20707E+00    0.00000E+00    0.58947E+00    0.00000E+00    0.11242E+01    0.00000E+00    0.64354E+00    0.00000E+00    0.10858E+01    0.00000E+00    0.83034E+00    0.00000E+00    0.58685E+00    0.00000E+00    0.80599E+00    0.00000E+00    0.91414E-01    0.10537E+00    0.92461E-01    0.00000E+00    0.91414E+02    0.00000E+00    0.10537E+03    0.00000E+00    0.92461E+02    0.37957E+01    0.13521E+02    0.36606E+01    0.14517E+02    0.37857E+01    0.13599E+02    0.32743E+01    0.11222E+02    0.32318E+01    0.12050E+02    0.32711E+01    0.11284E+02
13000  0    0.18746E+00    0.12485E+00    0.18245E+00    0.11461E+00    0.72842E+02    0.36966E-01    0.87885E+02    0.10840E+00    0.74046E+02    0.33600E+01    0.12070E+02    0.30791E+01    0.13258E+02    0.33384E+01    0.12169E+02    0.26966E+01    0.92735E+01    0.24451E+01    0.97229E+01    0.26765E+01    0.93095E+01    0.58581E+00    0.14786E+00    0.54201E+00    0.58581E+00    0.00000E+00    0.14786E+00    0.00000E+00    0.54201E+00    0.00000E+00    0.10824E+01    0.00000E+00    0.54381E+00    0.00000E+00    0.10412E+01    0.00000E+00    0.73530E+00    0.00000E+00    0.47064E+00    0.00000E+00    0.70883E+00    0.00000E+00    0.90561E-01    0.11718E+00    0.92557E-01    0.00000E+00    0.90561E+02    0.00000E+00    0.11718E+03    0.00000E+00    0.92557E+02    0.37082E+01    0.13458E+02    0.35415E+01    0.15309E+02    0.36960E+01    0.13606E+02    0.31737E+01    0.11529E+02    0.31033E+01    0.12964E+02    0.31684E+01    0.11637E+02
13500  1    0.12409E+00    0.16720E+00    0.12753E+00    0.81078E-01    0.43008E+02    0.13414E+00    0.33051E+02    0.85323E-01    0.42212E+02    0.32555E+01    0.92745E+01    0.30186E+01    0.81303E+01    0.32372E+01    0.91882E+01    0.25667E+01    0.61206E+01    0.24293E+01    0.57872E+01    0.25557E+01    0.60940E+01    0.41440E+00    0.53658E+00    0.42662E+00    0.41440E+00    0.00000E+00    0.53658E+00    0.00000E+00    0.42662E+00    0.00000E+00    0.91038E+00    0.00000E+00    0.10359E+01    0.00000E+00    0.92370E+00    0.00000E+00    0.70132E+00    0.00000E+00    0.85142E+00    0.00000E+00    0.71633E+00    0.00000E+00    0.53470E-01    0.44068E-01    0.52765E-01    0.00000E+00    0.53470E+02    0.00000E+00    0.44068E+02    0.00000E+00    0.52765E+02    0.36020E+01    0.10341E+02    0.34338E+01    0.93881E+01    0.35897E+01    0.10273E+02    0.30204E+01    0.76094E+01    0.29553E+01    0.77163E+01    0.30155E+01    0.76174E+01
14000  0    0.10273E+00    0.65489E-01    0.99754E-01    0.64512E-01    0.38221E+02    0.25751E-01    0.39739E+02    0.61411E-01    0.38343E+02    0.28749E+01    0.87431E+01    0.26335E+01    0.89150E+01    0.28563E+01    0.87570E+01    0.22155E+01    0.62765E+01    0.20201E+01    0.60073E+01    0.21999E+01    0.62550E+01    0.32973E+00    0.10300E+00    0.30705E+00    0.32973E+00    0.00000E+00    0.10300E+00    0.00000E+00    0.30705E+00    0.00000E+00    0.81207E+00    0.00000E+00    0.45388E+00    0.00000E+00    0.78365E+00    0.00000E+00    0.56291E+00    0.00000E+00    0.37028E+00    0.00000E+00    0.54364E+00    0.00000E+00    0.47518E-01    0.52985E-01    0.47928E-01    0.00000E+00    0.47518E+02    0.00000E+00    0.52985E+02    0.00000E+00    0.47928E+02    0.31804E+01    0.97487E+01    0.30295E+01    0.10294E+02    0.31693E+01    0.97906E+01    0.26175E+01    0.78033E+01    0.25700E+01    0.80098E+01    0.26140E+01    0.78188E+01
14500  1    0.84733E-01    0.76952E-01    0.84111E-01    0.48483E-01    0.36250E+02    0.44561E-01    0.32391E+02    0.48170E-01    0.35941E+02    0.28506E+01    0.85147E+01    0.26022E+01    0.80488E+01    0.28315E+01    0.84784E+01    0.21971E+01    0.63258E+01    0.20364E+01    0.59576E+01    0.21842E+01    0.62963E+01    0.24780E+00    0.17824E+00    0.24085E+00    0.24780E+00    0.00000E+00    0.17824E+00    0.00000E+00    0.24085E+00    0.00000E+00    0.70399E+00    0.00000E+00    0.59706E+00    0.00000E+00    0.69404E+00    0.00000E+00    0.51570E+00    0.00000E+00    0.50740E+00    0.00000E+00    0.51487E+00    0.00000E+00    0.45068E-01    0.43188E-01    0.44927E-01    0.00000E+00    0.45068E+02    0.00000E+00    0.43188E+02    0.00000E+00    0.44927E+02    0.31594E+01    0.94940E+01    0.29849E+01    0.92939E+01    0.31466E+01    0.94791E+01    0.26061E+01    0.78645E+01    0.25461E+01    0.79435E+01    0.26016E+01    0.78704E+01
15000  0    0.93540E-01    0.57932E-01    0.90692E-01    0.39508E-01    0.54033E+02    0.27676E-01    0.30256E+02    0.38561E-01    0.52131E+02    0.26298E+01    0.10395E+02    0.23692E+01    0.77789E+01    0.26099E+01    0.10211E+02    0.19947E+01    0.72488E+01    0.18217E+01    0.55510E+01    0.19809E+01    0.71130E+01    0.20193E+00    0.11071E+00    0.19281E+00    0.20193E+00    0.00000E+00    0.11071E+00    0.00000E+00    0.19281E+00    0.00000E+00    0.63550E+00    0.00000E+00    0.47054E+00    0.00000E+00    0.62098E+00    0.00000E+00    0.45888E+00    0.00000E+00    0.41154E+00    0.00000E+00    0.45415E+00    0.00000E+00    0.67176E-01    0.40341E-01    0.65163E-01    0.00000E+00    0.67176E+02    0.00000E+00    0.40341E+02    0.00000E+00    0.65163E+02    0.29155E+01    0.11591E+02    0.27221E+01    0.89823E+01    0.29014E+01    0.11416E+02    0.23683E+01    0.90121E+01    0.22917E+01    0.74014E+01    0.23626E+01    0.88913E+01
15500  0    0.70732E-01    0.52950E-01    0.69309E-01    0.36237E-01    0.34494E+02    0.30189E-01    0.22760E+02    0.35753E-01    0.33556E+02    0.27280E+01    0.83060E+01    0.24673E+01    0.67469E+01    0.27081E+01    0.81922E+01    0.20829E+01    0.55947E+01    0.19150E+01    0.45169E+01    0.20695E+01    0.55085E+01    0.18521E+00    0.12076E+00    0.17877E+00    0.18521E+00    0.00000E+00    0.12076E+00    0.00000E+00    0.17877E+00    0.00000E+00    0.60863E+00    0.00000E+00    0.49144E+00    0.00000E+00    0.59794E+00    0.00000E+00    0.45695E+00    0.00000E+00    0.41347E+00    0.00000E+00    0.45260E+00    0.00000E+00    0.42885E-01    0.30347E-01    0.41945E-01    0.00000E+00    0.42885E+02    0.00000E+00    0.30347E+02    0.00000E+00    0.41945E+02    0.30269E+01    0.92612E+01    0.28348E+01    0.77907E+01    0.30129E+01    0.91591E+01    0.24784E+01    0.69556E+01    0.24155E+01    0.60226E+01    0.24737E+01    0.68856E+01
16000  0    0.58333E-01    0.48219E-01    0.57524E-01    0.33281E-01    0.25052E+02    0.19069E-01    0.29151E+02    0.32144E-01    0.25380E+02    0.24881E+01    0.70784E+01    0.22282E+01    0.76355E+01    0.24683E+01    0.71246E+01    0.18496E+01    0.47556E+01    0.16700E+01    0.49331E+01    0.18353E+01    0.47698E+01    0.17010E+00    0.76275E-01    0.16072E+00    0.17010E+00    0.00000E+00    0.76275E-01    0.00000E+00    0.16072E+00    0.00000E+00    0.58327E+00    0.00000E+00    0.39058E+00    0.00000E+00    0.56696E+00    0.00000E+00    0.42159E+00    0.00000E+00    0.34105E+00    0.00000E+00    0.41354E+00    0.00000E+00    0.31145E-01    0.38867E-01    0.31725E-01    0.00000E+00    0.31145E+02    0.00000E+00    0.38867E+02    0.00000E+00    0.31725E+02    0.27593E+01    0.78925E+01    0.25630E+01    0.88167E+01    0.27451E+01    0.79655E+01    0.21970E+01    0.59124E+01    0.21130E+01    0.65775E+01    0.21907E+01    0.59623E+01
16500  1    0.92448E-01    0.73639E-01    0.90944E-01    0.32317E-01    0.60131E+02    0.38504E-01    0.35135E+02    0.32812E-01    0.58131E+02    0.27262E+01    0.10966E+02    0.23958E+01    0.83827E+01    0.27013E+01    0.10783E+02    0.19920E+01    0.72333E+01    0.17614E+01    0.57487E+01    0.19736E+01    0.71145E+01    0.16518E+00    0.15402E+00    0.16406E+00    0.16518E+00    0.00000E+00    0.15402E+00    0.00000E+00    0.16406E+00    0.00000E+00    0.57477E+00    0.00000E+00    0.55500E+00    0.00000E+00    0.57282E+00    0.00000E+00    0.45912E+00    0.00000E+00    0.45142E+00    0.00000E+00    0.45835E+00    0.00000E+00    0.74757E-01    0.46846E-01    0.72664E-01    0.00000E+00    0.74757E+02    0.00000E+00    0.46846E+02    0.00000E+00    0.72664E+02    0.30265E+01    0.12228E+02    0.27478E+01    0.96795E+01    0.30065E+01    0.12055E+02    0.23649E+01    0.89928E+01    0.21980E+01    0.76649E+01    0.23524E+01    0.88932E+01
17000  0    0.44184E-01    0.22382E-01    0.42440E-01    0.30957E-01    0.13227E+02    0.14089E-01    0.82928E+01    0.29607E-01    0.12833E+02    0.23375E+01    0.51434E+01    0.20455E+01    0.40725E+01    0.23155E+01    0.50661E+01    0.16976E+01    0.37576E+01    0.14752E+01    0.28395E+01    0.16798E+01    0.36842E+01    0.15822E+00    0.56357E-01    0.14804E+00    0.15822E+00    0.00000E+00    0.56357E-01    0.00000E+00    0.14804E+00    0.00000E+00    0.56254E+00    0.00000E+00    0.33573E+00    0.00000E+00    0.54413E+00    0.00000E+00    0.42053E+00    0.00000E+00    0.26263E+00    0.00000E+00    0.40474E+00    0.00000E+00    0.16445E-01    0.11057E-01    0.16041E-01    0.00000E+00    0.16445E+02    0.00000E+00    0.11057E+02    0.00000E+00    0.16041E+02    0.25915E+01    0.57350E+01    0.23539E+01    0.47026E+01    0.25745E+01    0.56641E+01    0.20083E+01    0.46717E+01    0.18794E+01    0.37860E+01    0.19986E+01    0.46052E+01
17500  1    0.55524E-01    0.47687E-01    0.54897E-01    0.35144E-01    0.20380E+02    0.30175E-01    0.17512E+02    0.34747E-01    0.20151E+02    0.25476E+01    0.63844E+01    0.21936E+01    0.59181E+01    0.25211E+01    0.63484E+01    0.17640E+01    0.44590E+01    0.15124E+01    0.42007E+01    0.17439E+01    0.44383E+01    0.17963E+00    0.12070E+00    0.17373E+00    0.17963E+00    0.00000E+00    0.12070E+00    0.00000E+00    0.17373E+00    0.00000E+00    0.59938E+00    0.00000E+00    0.49132E+00    0.00000E+00    0.58946E+00    0.00000E+00    0.47149E+00    0.00000E+00    0.40502E+00    0.00000E+00    0.46484E+00    0.00000E+00    0.25338E-01    0.23349E-01    0.25189E-01    0.00000E+00    0.25338E+02    0.00000E+00    0.23349E+02    0.00000E+00    0.25189E+02    0.28251E+01    0.71187E+01    0.25170E+01    0.68336E+01    0.28032E+01    0.70977E+01    0.20784E+01    0.55436E+01    0.18816E+01    0.56009E+01    0.20636E+01    0.55479E+01
18000  2    0.38979E-01    0.34180E-01    0.38595E-01    0.27292E-01    0.11687E+02    0.26573E-01    0.76075E+01    0.27235E-01    0.11360E+02    0.24275E+01    0.48346E+01    0.21505E+01    0.39006E+01    0.24065E+01    0.47666E+01    0.18086E+01    0.33890E+01    0.16281E+01    0.24398E+01    0.17942E+01    0.33131E+01    0.13949E+00    0.10629E+00    0.13617E+00    0.13949E+00    0.00000E+00    0.10629E+00    0.00000E+00    0.13617E+00    0.00000E+00    0.52819E+00    0.00000E+00    0.46107E+00    0.00000E+00    0.52187E+00    0.00000E+00    0.41367E+00    0.00000E+00    0.39294E+00    0.00000E+00    0.41160E+00    0.00000E+00    0.14529E-01    0.10143E-01    0.14200E-01    0.00000E+00    0.14529E+02    0.00000E+00    0.10143E+02    0.00000E+00    0.14200E+02    0.26941E+01    0.53906E+01    0.24689E+01    0.45041E+01    0.26779E+01    0.53292E+01    0.21480E+01    0.42134E+01    0.20398E+01    0.32531E+01    0.21398E+01    0.41414E+01
18500  3    0.45867E-01    0.28563E-01    0.44482E-01    0.27857E-01    0.18009E+02    0.14551E-01    0.14012E+02    0.26793E-01    0.17689E+02    0.21444E+01    0.60015E+01    0.18739E+01    0.52938E+01    0.21240E+01    0.59480E+01    0.15668E+01    0.43066E+01    0.13739E+01    0.36099E+01    0.15514E+01    0.42509E+01    0.14238E+00    0.58205E-01    0.13396E+00    0.14238E+00    0.00000E+00    0.58205E-01    0.00000E+00    0.13396E+00    0.00000E+00    0.53363E+00    0.00000E+00    0.34119E+00    0.00000E+00    0.51762E+00    0.00000E+00    0.39654E+00    0.00000E+00    0.27162E+00    0.00000E+00    0.38404E+00    0.00000E+00    0.22390E-01    0.18683E-01    0.22112E-01    0.00000E+00    0.22390E+02    0.00000E+00    0.18683E+02    0.00000E+00    0.22112E+02    0.23765E+01    0.66917E+01    0.21548E+01    0.61128E+01    0.23606E+01    0.66501E+01    0.18515E+01    0.53542E+01    0.17413E+01    0.48132E+01    0.18432E+01    0.53136E+01
19000  4    0.40984E-01    0.24979E-01    0.39704E-01    0.24238E-01    0.16746E+02    0.13664E-01    0.11315E+02    0.23392E-01    0.16312E+02    0.21779E+01    0.57873E+01    0.18942E+01    0.47571E+01    0.21565E+01    0.57117E+01    0.15695E+01    0.39435E+01    0.13690E+01    0.28947E+01    0.15535E+01    0.38596E+01    0.12388E+00    0.54655E-01    0.11696E+00    0.12388E+00    0.00000E+00    0.54655E-01    0.00000E+00    0.11696E+00    0.00000E+00    0.49776E+00    0.00000E+00    0.33062E+00    0.00000E+00    0.48365E+00    0.00000E+00    0.38241E+00    0.00000E+00    0.27702E+00    0.00000E+00    0.37187E+00    0.00000E+00    0.20820E-01    0.15087E-01    0.20390E-01    0.00000E+00    0.20820E+02    0.00000E+00    0.15087E+02    0.00000E+00    0.20390E+02    0.24159E+01    0.64529E+01    0.21788E+01    0.54930E+01    0.23989E+01    0.63859E+01    0.18582E+01    0.49028E+01    0.17330E+01    0.38596E+01    0.18489E+01    0.48245E+01
19500  5    0.37909E-01    0.45096E-01    0.38484E-01    0.28813E-01    0.90961E+01    0.37787E-01    0.73090E+01    0.29531E-01    0.89532E+01    0.24106E+01    0.42652E+01    0.21215E+01    0.38233E+01    0.23888E+01    0.42316E+01    0.17613E+01    0.29087E+01    0.15786E+01    0.26707E+01    0.17467E+01    0.28896E+01    0.14727E+00    0.15115E+00    0.14765E+00    0.14727E+00    0.00000E+00    0.15115E+00    0.00000E+00    0.14765E+00    0.00000E+00    0.54271E+00    0.00000E+00    0.54981E+00    0.00000E+00    0.54342E+00    0.00000E+00    0.42063E+00    0.00000E+00    0.44898E+00    0.00000E+00    0.42346E+00    0.00000E+00    0.11309E-01    0.97453E-02    0.11191E-01    0.00000E+00    0.11309E+02    0.00000E+00    0.97453E+01    0.00000E+00    0.11191E+02    0.26745E+01    0.47558E+01    0.24290E+01    0.44148E+01    0.26569E+01    0.47311E+01    0.20875E+01    0.36162E+01    0.19551E+01    0.35609E+01    0.20775E+01    0.36120E+01
20000  6    0.31767E-01    0.26906E-01    0.31378E-01    0.22987E-01    0.87804E+01    0.19414E-01    0.74914E+01    0.22701E-01    0.86772E+01    0.21245E+01    0.41905E+01    0.18515E+01    0.38708E+01    0.21039E+01    0.41659E+01    0.15348E+01    0.28560E+01    0.13614E+01    0.26839E+01    0.15209E+01    0.28422E+01    0.11749E+00    0.77657E-01    0.11351E+00    0.11749E+00    0.00000E+00    0.77657E-01    0.00000E+00    0.11351E+00    0.00000E+00    0.48474E+00    0.00000E+00    0.39410E+00    0.00000E+00    0.47646E+00    0.00000E+00    0.36441E+00    0.00000E+00    0.33466E+00    0.00000E+00    0.36143E+00    0.00000E+00    0.10916E-01    0.99885E-02    0.10847E-01    0.00000E+00    0.10916E+02    0.00000E+00    0.99885E+01    0.00000E+00    0.10847E+02    0.23567E+01    0.46725E+01    0.21258E+01    0.44696E+01    0.23402E+01    0.46576E+01    0.18195E+01    0.35507E+01    0.17037E+01    0.35785E+01    0.18108E+01    0.35528E+01
