   -1.0108852237E+00    1.6512533962E-01    9.5765894471E+00    5.2919648585E+00
    2.9397607341E-01    5.2829386696E-03    1.1559162522E+00    1.0615280120E+00
   -1.5604844607E+00    2.4557793016E-01    2.3125837103E+01    1.7765187627E+01
   -1.3863859336E+00    2.3628772565E-02    4.8494835386E+00    3.5874397552E+00
    6.1148648587E-01    1.4190025201E-01    2.3543217178E+00    1.0045607809E+00
    2.8969400691E-01    9.5527708979E-02    2.1528858573E+00    1.0249272542E+00
    1.6530705467E+00    8.7779892071E-03    4.3330297545E+00    4.1199012812E+00
   -4.0241417579E-01    1.2107640692E-01    3.7983181111E+00    1.9421168946E+00
    1.8517831365E+00    1.9707242691E-01    2.0666877476E+00    1.7672252630E+00
   -1.5648050765E+00    1.1969349938E-01    1.1223225716E+01    8.1332394195E+00
    1.8657543149E+00    1.9182575611E-01    2.1476888460E+00    1.8439984727E+00
   -1.3105293823E+00    1.6028909867E-01    1.2094795790E+01    7.5440058049E+00
   -8.0908874428E-01    7.0086821719E-02    3.8216896635E+00    2.3346059868E+00
   -1.2546685438E+00    1.9243778509E-01    1.4027745228E+01    8.5750588636E+00
   -1.9168972857E+00    2.1968880493E-01    2.5340902340E+01    2.3993153544E+01
    9.9713573638E-01    1.4893630542E-02    2.7386320598E+00    1.8149211716E+00
    1.4848865825E+00    1.2594503244E-01    2.8746036348E+00    1.7233865461E+00
   -1.5013256209E+00    1.2399219201E-01    1.1023536459E+01    7.6971901482E+00
   -1.4892614341E+00    1.4932972211E-01    1.2959275953E+01    8.8738131225E+00
    7.6865798007E-01    2.2493704275E-01    2.0479629011E+00    1.0861604027E+00
    8.6887522740E-01    1.3555048716E-02    2.4124042727E+00    1.5968998783E+00
    7.1540423722E-01    8.8536857940E-02    2.3774832930E+00    1.0709370004E+00
   -1.2425808611E+00    1.3599981041E-01    9.6970737807E+00    5.9460891566E+00
    8.4494647282E-01    1.2664136955E-01    2.3994713608E+00    1.0464954065E+00
    4.5071704184E-01    2.3434907765E-01    2.7114904930E+00    1.4174207753E+00
   -1.4038104447E+00    4.2668738062E-02    5.7770262637E+00    4.1150381611E+00
    7.0031354082E-01    5.0619679084E-02    2.3165209748E+00    1.1808973171E+00
    1.9004454071E+00    2.1073779429E-01    1.8809992528E+00    1.7349036650E+00
   -7.3225460050E-01    1.0563260038E-01    4.6939762681E+00    2.6128096095E+00
    4.3442107321E-01    9.5371894509E-02    2.1796770806E+00    1.0005678010E+00
   -1.4168861990E+00    1.8702587215E-01    1.5492482052E+01    1.0224273427E+01
    8.4869413639E-01    1.2243978962E-01    2.4156766927E+00    1.0566429408E+00
   -2.6263069072E-01    2.0999510701E-01    5.6461469433E+00    2.7224652774E+00
   -1.7791039502E+00    1.4702479436E-01    1.5525303720E+01    1.2727863216E+01
   -5.5887189784E-01    1.5295659518E-01    5.6262920366E+00    2.7923695780E+00
    4.1136357199E-01    1.1425845932E-01    2.2852687669E+00    1.0166411359E+00
   -1.4874432777E-01    9.3990598782E-02    2.4735079129E+00    1.3226549280E+00
   -1.3399279156E+00    2.2949302415E-01    1.8263640625E+01    1.2067489118E+01
    1.3069600932E+00    1.7484738857E-01    2.1994539404E+00    1.1866812734E+00
    1.3545321354E+00    7.0699485396E-02    3.4369690614E+00    2.0005285296E+00
    2.3942797700E-01    1.7428061813E-04    9.8796166051E-01    1.0484873246E+00
    6.4576661048E-01    1.6790227433E-01    2.3507220895E+00    1.0229995984E+00
    1.2360370387E+00    1.1940890587E-01    2.7348703917E+00    1.3908132089E+00
   -5.7614165840E-01    2.2869795424E-01    8.7842464970E+00    4.4973074219E+00
   -1.6084577738E+00    1.7281275045E-02    5.6031439477E+00    4.5653798533E+00
    7.2619677050E-01    3.2370621852E-02    2.2670235941E+00    1.2872820361E+00
    9.2341085531E-01    1.2916337720E-01    2.4284523125E+00    1.0770000671E+00
    1.2500562329E+00    2.2948259854E-01    1.6063911840E+00    1.0171806856E+00
    3.0231914516E-01    8.1816013920E-02    2.0405596162E+00    1.0072530346E+00
   -5.5582466413E-01    3.7000987514E-02    2.0879774447E+00    1.4914622135E+00
    5.8520920166E-01    1.7499518149E-02    1.8356267931E+00    1.2194662883E+00
   -8.0359878684E-01    1.5321638423E-01    7.2326763523E+00    3.7843477429E+00
    8.5896751823E-01    1.0537453084E-01    2.4845993901E+00    1.1055218365E+00
    1.4948809116E+00    9.5632911900E-02    3.3207428121E+00    2.0462587519E+00
    4.7172741261E-01    2.2971100850E-01    2.6427659590E+00    1.3629747411E+00
   -1.1814275618E+00    7.5269461726E-02    5.9233849395E+00    3.7919184310E+00
    1.4105334867E+00    1.5190055274E-01    2.4941184152E+00    1.4133805576E+00
    1.9259677197E+00    1.9670287050E-01    2.0962353599E+00    1.9199841282E+00
   -9.8775834704E-01    1.8084660237E-01    1.0332157183E+01    5.6610985567E+00
   -1.6570447027E+00    1.2127617159E-01    1.2105718234E+01    9.2528704843E+00
    1.3140609815E+00    2.0997704720E-01    1.8117912890E+00    1.0773008524E+00
   -8.3344737766E-01    1.0204407471E-01    5.0719859494E+00    2.8920695922E+00
   -5.7840358719E-01    4.1803347409E-02    2.2608808377E+00    1.5599658968E+00
   -1.0615159968E+00    2.0430757222E-01    1.2644824441E+01    7.1971492078E+00
    9.0765475169E-01    2.4561099463E-01    1.7404835519E+00    1.0659529248E+00
   -1.9126099797E+00    5.4761240968E-02    9.1306340502E+00    8.5023351154E+00
   -1.8545907502E+00    1.0826752918E-01    1.2558340489E+01    1.1014916566E+01
   -1.8750690575E+00    9.0056467108E-02    1.1272722797E+01    1.0094553627E+01
    1.4672608940E+00    6.3042607445E-02    3.7159205754E+00    2.3778206016E+00
    9.5578215644E-01    2.2193267163E-01    1.8533737916E+00    1.0112828262E+00
    1.2695179145E-01    1.9081508805E-01    3.4441598403E+00    1.5818500809E+00
   -1.5892822157E+00    1.9315794507E-01    1.8176044643E+01    1.3281570729E+01
    3.9465136344E-01    8.1457592947E-02    2.0802718474E+00    1.0000018287E+00
    9.1860637316E-01    1.4344789745E-01    2.3580074238E+00    1.0435522718E+00
   -8.8419853529E-01    2.4485773434E-01    1.3139496806E+01    7.3698094530E+00
   -8.3471019994E-02    2.2825982406E-01    4.9546618660E+00    2.4412863070E+00
    8.6029065618E-01    2.4915406405E-01    1.7895465162E+00    1.1006696285E+00
   -6.8174528706E-01    1.0871316294E-01    4.5645958443E+00    2.5037349348E+00
    4.7604429688E-01    1.5577121236E-01    2.4715780984E+00    1.0649829753E+00
    2.3031604752E-01    1.4662207725E-01    2.7066878527E+00    1.1988465892E+00
    8.8478724419E-02    1.7059124597E-01    3.3092318034E+00    1.4921980193E+00
    9.3700128024E-01    2.2685271127E-01    1.8339502340E+00    1.0211617033E+00
   -2.3692444971E-01    1.8929676049E-01    4.9779690999E+00    2.3435104314E+00
    6.0941298736E-01    9.1114371456E-02    2.2756895698E+00    1.0244104968E+00
   -1.6747032857E+00    1.6653991113E-01    1.6460549596E+01    1.2560647366E+01
   -1.4261416088E+00    4.7761453597E-02    6.1262162183E+00    4.3662831321E+00
    7.7071781679E-01    3.5814323578E-02    2.3807170763E+00    1.3175350986E+00
    1.6666573320E+00    9.3603527431E-02    3.5660293277E+00    2.5288535142E+00
   -6.5270663827E-02    1.7508645457E-01    3.8917407242E+00    1.7859850395E+00
   -1.7059627741E+00    2.1574735746E-01    2.2082616128E+01    1.7799620014E+01
    7.8472437782E-01    1.3103244430E-01    2.3639398652E+00    1.0196526803E+00
    1.0181544801E+00    1.4350717019E-01    2.3893253095E+00    1.0908564119E+00
    5.5267590097E-01    1.2480211159E-01    2.3252526679E+00    1.0020896382E+00
    1.7047664761E+00    1.6628060095E-02    4.4736584140E+00    4.1922960568E+00
   -1.6340394271E+00    2.7243476583E-02    6.2273476174E+00    5.0135813207E+00
    7.4993780936E-01    1.9802863195E-01    2.1902138521E+00    1.0360410337E+00
    1.1540013133E+00    4.4506341188E-02    3.2184372071E+00    1.8426490805E+00
   -1.6134272290E+00    1.1377144692E-01    1.1164992045E+01    8.3462763452E+00
   -1.8929101375E+00    2.3536894815E-01    2.6881308221E+01    2.5659686872E+01
   -2.4143170712E-01    8.3546576055E-02    2.4298970555E+00    1.3722541829E+00
    3.1863425813E-01    1.6352907606E-01    2.7192738725E+00    1.1931230169E+00
   -1.0573482447E+00    1.3281190599E-01    8.0116185458E+00    4.6033869801E+00
   -1.3141209581E+00    1.7698128489E-01    1.3462238165E+01    8.4089434137E+00
    6.5192058504E-01    2.0551271218E-01    2.2876397487E+00    1.0993123790E+00
   -8.8699799331E-01    4.0521674399E-02    3.2353282480E+00    2.1649818953E+00
    9.2205560001E-02    4.3891820193E-03    9.2091478797E-01    1.0042650515E+00
   -6.2011334498E-01    6.1597806849E-03    1.4128303551E+00    1.3785768788E+00
   -1.7040421144E+00    2.4275735649E-01    2.5011212861E+01    2.1029784615E+01
    1.2968344245E+00    1.7046086708E-01    2.2434115682E+00    1.1959796836E+00
   -2.0896678133E-01    7.5224991837E-02    2.2156490567E+00    1.2895140869E+00
    1.6491475047E+00    1.3990560191E-01    2.7991770121E+00    1.9143053198E+00
    1.1249220188E+00    1.4563840469E-01    2.4173547201E+00    1.1542581015E+00
    1.7167982558E-01    1.2568197334E-01    2.5406707857E+00    1.1641732520E+00
   -1.6881754036E+00    6.3309731971E-03    5.3909068897E+00    4.7237533572E+00
   -1.9396565883E+00    3.7118176196E-02    8.1867982557E+00    7.8881347216E+00
    1.6648127053E+00    9.6442210340E-02    3.5153240285E+00    2.4824235525E+00
    1.8659429934E-01    1.8021472747E-01    3.1518074904E+00    1.4211215466E+00
   -6.5052918252E-01    8.4091828562E-04    1.3164982326E+00    1.3844537811E+00
   -1.7268196279E+00    5.7735824128E-02    8.3230417686E+00    6.8170415208E+00
    9.3445969969E-01    1.7531108256E-01    2.1895938306E+00    1.0065906138E+00
    3.1300969030E-01    5.2692926919E-02    1.8022382506E+00    1.0029101419E+00
    9.6166622642E-01    1.7509886759E-01    2.1848828069E+00    1.0114899826E+00
   -5.1053281472E-01    2.6297047744E-02    1.7286549502E+00    1.3634804749E+00
    9.6808379393E-01    1.1004010408E-01    2.5632233917E+00    1.1657099728E+00
    4.4982589344E-01    1.7745403469E-01    2.5835500327E+00    1.1430612309E+00
    9.7242943201E-01    1.0437872411E-01    2.6009334441E+00    1.1913709004E+00
   -1.9453755305E+00    2.3575402577E-01    2.7629882048E+01    2.7535950381E+01
    7.4506921562E-01    1.9949847371E-01    2.1895302315E+00    1.0403794281E+00
   -1.1171690204E+00    1.0254537807E-01    6.7881692477E+00    4.1273648381E+00
    3.8489635276E-01    1.3190350376E-01    2.4114914965E+00    1.0540457358E+00
    6.7740185875E-01    1.7117455106E-01    2.3249602244E+00    1.0187742585E+00
    1.1474904688E+00    1.3409484323E-03    2.9759167495E+00    2.3172258582E+00
    7.2298615341E-01    2.3076945769E-01    2.0951269828E+00    1.1319168188E+00
   -5.4213149580E-01    8.4237429078E-02    3.2190765310E+00    1.8620098156E+00
   -9.5612919451E-01    1.3468460596E-01    7.3693858890E+00    4.0967210796E+00
    1.5883112245E+00    2.6426337534E-02    4.2113215905E+00    3.4144103689E+00
    9.0430376343E-01    1.6681658217E-01    2.2428053805E+00    1.0083120812E+00
   -1.4090595473E+00    4.3769409278E-02    5.8540470036E+00    4.1702351224E+00
    4.3929547791E-01    2.6068772643E-02    1.6827827568E+00    1.0841861456E+00
    1.7821506843E+00    2.0917283331E-01    1.8724192389E+00    1.5481097313E+00
   -8.6129172615E-01    2.4638376583E-01    1.2941616243E+01    7.2237866215E+00
   -3.0670357164E-02    1.4488884633E-01    3.2170345555E+00    1.4851567824E+00
    6.3890303990E-01    7.5266128651E-02    2.2827324334E+00    1.0648755017E+00
    1.7006497379E+00    1.9688837336E-01    2.0242266422E+00    1.5146339191E+00
   -1.9428432499E-01    2.2372301735E-01    5.5437830681E+00    2.7156139449E+00
   -1.7589510735E+00    6.2466485108E-02    8.7753262050E+00    7.3167051845E+00
    6.9328329387E-01    1.3260915356E-01    2.3430443075E+00    1.0023928876E+00
   -1.7853793555E+00    9.4334523060E-02    1.0995932668E+01    9.2324740435E+00
   -5.6666816797E-01    6.4830588686E-02    2.7901235387E+00    1.7281754716E+00
   -1.1257536858E+00    1.6610681849E-01    1.0708752837E+01    6.1673345643E+00
    7.2827349340E-01    2.4839622749E-01    2.0281551157E+00    1.1931215745E+00
   -1.2978795963E+00    8.1522516454E-03    3.7694678842E+00    2.9320117198E+00
   -1.5627768539E+00    8.4271084084E-02    8.8226232150E+00    6.5091233799E+00
   -2.8776579503E-01    2.0486262296E-01    5.6718081993E+00    2.7236558421E+00
    1.7118121828E+00    1.5088284595E-01    2.6759889989E+00    1.9349980987E+00
    7.2732839988E-01    8.8815816510E-02    2.3902495271E+00    1.0763089431E+00
    6.0453837566E-01    2.0274042014E-01    2.3644628009E+00    1.1205754588E+00
    1.4103520879E+00    1.9904448182E-01    1.9400422800E+00    1.1757286551E+00
    1.8243545565E+00    3.6606492296E-02    4.6388414245E+00    4.3167712387E+00
    1.2611677979E+00    1.7751580256E-02    3.4193507430E+00    2.4132440642E+00
   -1.1183308153E+00    2.3680314848E-01    1.5724788906E+01    9.4818541680E+00
   -8.7818071539E-01    7.0998956933E-02    4.1587959863E+00    2.5471336478E+00
   -5.6804848470E-01    2.4614587233E-01    9.4821666452E+00    4.9539767319E+00
   -3.5496591011E-01    1.7929516655E-01    5.3578019458E+00    2.5456428682E+00
   -8.9707802930E-01    7.2915109709E-02    4.3120589861E+00    2.6345748869E+00
    7.2430629642E-01    1.5307531455E-01    2.3252243088E+00    1.0001791156E+00
    7.5530343185E-01    2.0914806225E-01    2.1377616820E+00    1.0551068762E+00
    1.3387165324E+00    1.6954764852E-01    2.2647901949E+00    1.2376472413E+00
   -1.8897097109E+00    2.1008254777E-01    2.3845500044E+01    2.1807160850E+01
   -1.7665767428E+00    8.1335235357E-02    9.9811587947E+00    8.3095840650E+00
   -1.2684431650E+00    2.2541453424E-01    1.6898260169E+01    1.0723663072E+01
    1.1130077232E+00    1.8033469514E-01    2.1278497695E+00    1.0501319342E+00
    1.3056287230E+00    1.4553593800E-01    2.5094058720E+00    1.3234833188E+00
    1.3830145467E-01    9.1520048052E-02    2.1438084525E+00    1.0788226267E+00
    1.7319926038E+00    2.1952277299E-02    4.5307746832E+00    4.2003870120E+00
   -1.8626438970E+00    8.1437885725E-02    1.0583279673E+01    9.4133965855E+00
   -1.3971493512E+00    1.6443523181E-01    1.3313891401E+01    8.6564675968E+00
    1.3147784327E+00    3.6969079623E-02    3.5840455432E+00    2.3045450233E+00
   -4.9721852288E-01    5.1456393681E-02    2.2854924457E+00    1.5076843846E+00
    1.1120620834E+00    2.3887401064E-01    1.5845114154E+00    1.0014164271E+00
    9.8053177706E-01    1.1918311733E-01    2.5195375148E+00    1.1420172299E+00
    1.9443670337E+00    2.5469876130E-02    4.9427075853E+00    5.3840891662E+00
    1.4910589642E+00    1.4975946773E-01    2.5643690208E+00    1.5415051418E+00
    1.9031694703E+00    1.6627808526E-01    2.5428547720E+00    2.2104819211E+00
   -1.3824752821E-01    1.9640087270E-01    4.6266396841E+00    2.1741142418E+00
    3.5813416241E-02    2.4239849976E-01    4.5217307959E+00    2.2987833744E+00
    1.7638530052E+00    6.1947548725E-02    4.2271914555E+00    3.4318071628E+00
   -1.9376846123E+00    7.4065571923E-02    1.0509102142E+01    9.9060997734E+00
    1.0113632582E+00    5.5244536841E-02    2.9036065380E+00    1.5063941648E+00
    1.6976336545E+00    1.6085065332E-01    2.5240224105E+00    1.8070527545E+00
    1.4970611810E-01    3.2689735440E-02    1.4420501042E+00    1.0000551811E+00
   -1.6696427840E+00    9.4716747973E-03    5.4765244227E+00    4.7035546560E+00
   -3.1275789535E-03    1.3361699920E-01    2.9468646435E+00    1.3763919698E+00
    1.8808886909E+00    2.0387425353E-01    1.9763568760E+00    1.7601889800E+00
   -3.0860775414E-01    2.3324681905E-01    6.6150212605E+00    3.3047207439E+00
    3.9133043828E-01    2.9616238777E-02    1.6539197215E+00    1.0525841359E+00
    1.3898664009E+00    1.1528801077E-01    2.9296141550E+00    1.6465902682E+00
    1.3315372896E+00    2.4673330637E-01    1.3821573551E+00    1.0167514775E+00
   -2.8416892350E-01    2.9240884483E-02    1.4515636501E+00    1.1567839683E+00
   -1.1705458561E+00    2.3041328603E-01    1.5949881759E+01    9.7475236002E+00
    1.0566399865E+00    2.1438162671E-01    1.8451680608E+00    1.0004038489E+00
   -9.1452878784E-02    2.3608011203E-01    5.1608546672E+00    2.5780737341E+00
   -1.8789481357E+00    1.1589496587E-02    6.4546160368E+00    6.2259166428E+00
   -9.9793948549E-01    1.9900459151E-01    1.1579151326E+01    6.4174754018E+00
   -9.4517934393E-01    1.6592634836E-01    9.0439786855E+00    4.8908603679E+00
   -9.9339043989E-01    2.4013367588E-01    1.4260965497E+01    8.2380844435E+00
   -1.4930434168E+00    1.8321772920E-01    1.6045354808E+01    1.1018096591E+01
   -5.9479478902E-01    1.1184932501E-01    4.2783858475E+00    2.3000546227E+00
    1.5383984624E+00    2.0975244633E-02    4.0996126894E+00    3.3158353696E+00
    6.6018778104E-01    1.5282876867E-01    2.3458409637E+00    1.0050779353E+00
   -7.6083364466E-01    7.5423641445E-02    3.7842246514E+00    2.2739028510E+00
   -1.6629949900E+00    2.0383292973E-01    2.0222202277E+01    1.5623769653E+01
    1.4111640699E+00    6.9014338008E-03    3.7231244001E+00    3.0817248174E+00
   -1.6303534252E+00    1.5889841308E-02    5.6330753999E+00    4.6541767601E+00
   -1.9407233767E+00    1.5632399164E-01    1.8024489372E+01    1.6636640994E+01
   -4.1938142742E-01    1.6362250760E-01    5.2252782359E+00    2.5117263998E+00
   -1.0129756170E-01    1.5094527924E-02    1.0666970512E+00    1.0257387660E+00
   -8.4615175899E-01    1.1462769161E-01    5.6735649284E+00    3.1647465093E+00
   -8.0308922993E-01    5.9706795356E-02    3.4801209007E+00    2.1868234394E+00
   -5.2891907016E-01    1.2389920161E-01    4.4046897782E+00    2.2794005499E+00
    7.0844908244E-01    1.9976249970E-01    2.2296009479E+00    1.0557880153E+00
   -5.0014460756E-01    3.4657853108E-02    1.9070947963E+00    1.4006333892E+00
   -1.4290360469E+00    8.2732919658E-02    7.8401524855E+00    5.4320614995E+00
    8.1926572296E-01    1.1060458878E-01    2.4337526757E+00    1.0696203581E+00
   -7.3149012804E-01    5.8030231298E-02    3.1580868349E+00    1.9967306250E+00
   -5.0583093718E-01    2.2617357241E-01    8.0254456725E+00    4.0520575026E+00
   -6.8030690947E-01    2.1476336532E-01    9.1663673535E+00    4.7129323979E+00
   -1.7667420881E+00    1.7501295746E-01    1.8352431969E+01    1.4923279072E+01
    1.1121405234E+00    1.8411818399E-01    2.0952021622E+00    1.0424833844E+00
   -1.6146032557E-01    3.4030463280E-02    1.4453683894E+00    1.0909959059E+00
    1.1288635906E+00    2.7635189467E-02    3.1444102592E+00    1.9609549277E+00
    1.1662764621E+00    1.8059251771E-01    2.1248813546E+00    1.0742329599E+00
    1.5416349902E+00    1.1771893744E-01    3.0428748542E+00    1.9134106887E+00
   -1.4696124132E+00    2.2245974982E-01    1.9467444552E+01    1.3661655858E+01
   -1.5057387882E+00    1.2757627262E-01    1.1334862897E+01    7.9157101529E+00
    9.4936545361E-01    1.3718371653E-01    2.3998239293E+00    1.0705151800E+00
   -1.7602905394E+00    2.0578622490E-01    2.1698173431E+01    1.7944539299E+01
    5.3409187120E-01    1.7444513913E-01    2.4612713408E+00    1.0811948015E+00
    6.6194171237E-01    1.6263685508E-01    2.3424952032E+00    1.0128269958E+00
   -1.2432516749E+00    1.7871750502E-01    1.2826002168E+01    7.7577010523E+00
   -6.5302691369E-01    2.4753692722E-01    1.0481649844E+01    5.5689452206E+00
    1.5384997938E+00    9.4398690351E-02    3.3943208036E+00    2.1656484494E+00
   -1.3846867559E+00    6.2901872055E-02    6.5793513117E+00    4.5447606788E+00
   -2.0276447698E-01    5.6300178169E-03    8.8323692400E-01    1.0450106504E+00
   -5.5022855146E-01    1.0994958368E-01    4.0244663386E+00    2.1608576354E+00
    1.9011641526E+00    5.4600025305E-02    4.5522457064E+00    4.2623180725E+00
   -5.0636678076E-01    5.0977561761E-02    2.2966089276E+00    1.5177727557E+00
    8.4443192188E-01    7.1044561316E-03    2.2754698516E+00    1.6077924447E+00
   -1.0693592036E+00    3.3907460462E-02    3.7785538748E+00    2.5844389394E+00
   -6.1296051211E-01    1.3576204769E-01    5.2566012657E+00    2.6963460391E+00
    1.4160000119E+00    6.8485951377E-02    3.5659436183E+00    2.1720936182E+00
    7.7876441964E-01    1.9510474071E-01    2.1745706301E+00    1.0225263064E+00
   -1.4129413451E+00    2.0425024794E-01    1.6993136850E+01    1.1327920614E+01
   -3.6392991301E-01    1.4241815715E-01    4.2899650513E+00    2.0887793191E+00
   -3.0560085664E-01    1.0944086153E-01    3.1635708919E+00    1.6473690914E+00
   -9.9036468424E-01    7.7886068105E-02    4.9595015404E+00    3.0383161187E+00
   -6.6740803948E-01    1.9634700629E-01    8.2058657672E+00    4.1430215539E+00
   -1.9386551148E-01    2.4772267625E-01    6.1493031436E+00    3.1265097021E+00
   -1.6388595772E-02    2.3233941579E-01    4.6440546581E+00    2.3086274505E+00
   -7.4536472043E-01    1.1596045398E-01    5.1676748667E+00    2.8193598061E+00
    5.6944989944E-01    2.3016493886E-01    2.4003449732E+00    1.2581874192E+00
    8.1295822976E-02    1.3563993978E-01    2.8139544640E+00    1.2909436507E+00
   -9.2744090093E-01    2.2068021251E-01    1.2144412943E+01    6.7051055059E+00
    3.5514141957E-01    3.8360934607E-02    1.7047774816E+00    1.0245144121E+00
    6.8944193742E-02    5.8368746363E-02    1.7538810596E+00    1.0385060762E+00
    1.8771894303E+00    3.3301500970E-02    4.7637123956E+00    4.7100641454E+00
    1.2862673640E-01    7.0838991695E-02    1.9043602541E+00    1.0386916733E+00
    9.2650077099E-01    2.7501975017E-02    2.6692839153E+00    1.5813368346E+00
   -1.0128924904E-01    1.6975978481E-01    3.9255023724E+00    1.8059751519E+00
   -5.0499209762E-02    1.3114196158E-03    7.8044955592E-01    1.0027302162E+00
   -1.3250693036E+00    2.1488051413E-01    1.6773646253E+01    1.0804199141E+01
   -1.2994526528E+00    2.9484406767E-02    4.6806084242E+00    3.3348552035E+00
   -2.6501317835E-01    5.8546300665E-02    1.9891292789E+00    1.2642747842E+00
   -7.6766830606E-02    4.2198047406E-02    1.5460855894E+00    1.0671999528E+00
   -1.5298400525E+00    4.2887574048E-02    6.4645675176E+00    4.8338025813E+00
    8.5419155808E-02    2.1310603765E-01    3.8626411130E+00    1.8507732155E+00
    2.7564990901E-01    1.1426352822E-01    2.3271096101E+00    1.0650042755E+00
   -1.4530720084E+00    3.2707120708E-02    5.5864817140E+00    4.1211596962E+00
    1.0090777380E+00    1.3050752804E-01    2.4686435255E+00    1.1239472294E+00
   -7.0719686532E-01    4.4268168045E-02    2.6990921142E+00    1.8063340451E+00
   -1.0684187776E+00    2.4777219267E-01    1.5863031544E+01    9.5191109292E+00
   -4.4844974755E-01    1.1187219942E-01    3.6911448439E+00    1.9456027464E+00
    7.6772387764E-01    5.9199035650E-02    2.4529595840E+00    1.2028054917E+00
    5.8187486594E-01    2.0207527789E-01    2.4013677776E+00    1.1337226757E+00
   -5.4930829391E-01    2.3046240719E-01    8.6015607736E+00    4.3941649748E+00
   -1.6855863540E+00    3.0565447542E-03    5.2069152948E+00    4.6146976124E+00
    6.8123862088E-01    4.7318659183E-02    2.2694304823E+00    1.1783419779E+00
    1.8629265881E+00    1.3473982854E-01    3.0288433327E+00    2.5219565110E+00
   -1.4138762891E+00    1.7768110570E-01    1.4632281306E+01    9.6074049260E+00
   -1.9437594893E+00    3.1935115106E-02    7.8950063877E+00    7.6782829234E+00
    6.8460519820E-01    9.8429573627E-02    2.3444787525E+00    1.0373186668E+00
   -6.2911117909E-01    1.5387492368E-01    6.0857453253E+00    3.0590210079E+00
    1.4069068243E+00    1.9223067189E-01    2.0210592127E+00    1.2002637065E+00
   -1.6463696906E+00    2.0701949722E-02    5.9526614577E+00    4.8922292577E+00
    1.1834474439E+00    1.9201111947E-01    2.0157743363E+00    1.0561761716E+00
   -3.7301463546E-01    2.3651027096E-01    7.2426329987E+00    3.6515033778E+00
    1.3785606006E+00    7.2954784365E-02    3.4524683864E+00    2.0304250634E+00
   -7.4724828653E-01    1.2800418093E-02    1.9243998263E+00    1.6059829686E+00
    1.5387300166E+00    3.7035671393E-02    4.0700159427E+00    3.0147726275E+00
   -3.0448984793E-01    1.5463123917E-01    4.3909184435E+00    2.0876119368E+00
   -1.7106933685E+00    3.3463893101E-02    6.9235066831E+00    5.7453813032E+00
   -1.4519198349E+00    3.5719987116E-02    5.7178858084E+00    4.1913825639E+00
   -9.8428531514E-01    3.4824091630E-02    3.4455091839E+00    2.3483404361E+00
   -1.2950304690E+00    6.0255514914E-03    3.6647321592E+00    2.8854460538E+00
   -3.9879745620E-01    2.8632160930E-02    1.5856803488E+00    1.2537293993E+00
    1.5663395242E+00    1.5368513936E-01    2.5548183193E+00    1.6316277119E+00
    1.0524501264E+00    1.5132457598E-01    2.3474718276E+00    1.0889195922E+00
   -3.8175566781E-01    2.4580256130E-01    7.6448306780E+00    3.9052455039E+00
    1.7407733100E+00    4.0393898601E-02    4.4500134204E+00    3.7969661276E+00
    1.2034440113E+00    1.1681649417E-01    2.7311472814E+00    1.3660515471E+00
   -1.0951825266E+00    2.4746808758E-01    1.6224507444E+01    9.8356151223E+00
    9.9937544458E-01    1.4954525783E-01    2.3449926927E+00    1.0658025466E+00
    1.3743301125E+00    2.1761686052E-01    1.7161321856E+00    1.0899873235E+00
   -5.3265152824E-01    5.9024354139E-02    2.5515691981E+00    1.6199960850E+00
   -1.2332637148E+00    1.5909882305E-01    1.1247406550E+01    6.7794869942E+00
    1.2994330663E+00    2.0555650316E-01    1.8632838456E+00    1.0808369474E+00
    1.1615200187E+00    5.2751710098E-02    3.2104143934E+00    1.7793050494E+00
    3.4682524252E-01    2.1343321378E-01    2.9412024772E+00    1.4212637825E+00
    5.4355118430E-01    1.9093324516E-02    1.7760417308E+00    1.1771698665E+00
   -1.0347786443E+00    4.3849604447E-02    3.9701623103E+00    2.6263734758E+00
   -1.5758196972E+00    5.7381064685E-02    7.4385466942E+00    5.6042911743E+00
    2.7286873839E-01    2.2255249183E-01    3.2268749990E+00    1.5935101881E+00
   -9.0791239175E-01    1.1530262367E-01    6.0734924067E+00    3.4301522004E+00
    1.4432341162E+00    6.3361444690E-02    3.6698816091E+00    2.3074212394E+00
   -4.8221063456E-01    8.4587229417E-02    3.0377272772E+00    1.7483292088E+00
    1.3839923169E+00    7.6839827432E-02    3.4161373676E+00    2.0001274726E+00
   -8.9569626070E-01    5.0453133029E-02    3.5781002817E+00    2.3123568681E+00
    1.5432130630E-01    2.4317684948E-01    3.9123395999E+00    2.0144854243E+00
    1.2550307193E+00    2.2579870597E-01    1.6453407076E+00    1.0231338048E+00
    8.9809981468E-01    1.9127067782E-02    2.5382584305E+00    1.6006776056E+00
   -9.9101133412E-03    4.4736990882E-02    1.5705930754E+00    1.0434113163E+00
    1.4885375133E+00    2.4872790380E-01    1.3134978278E+00    1.0708979887E+00
    3.3600333410E-01    2.3686592086E-02    1.5029577175E+00    1.0418104123E+00
   -2.1239234056E-01    6.1490960517E-02    1.9724807826E+00    1.2272114252E+00
   -1.7621324526E+00    5.1363738059E-02    8.1583982027E+00    6.8571003678E+00
   -1.6771469835E+00    2.3488305538E-01    2.3756983582E+01    1.9330225742E+01
   -1.6076351018E+00    2.5811264454E-02    6.0271813245E+00    4.8054306083E+00
    8.4397553658E-01    1.8326381153E-02    2.4037655051E+00    1.5223742719E+00
   -9.8793262441E-01    1.6801129339E-01    9.5465508996E+00    5.2313739823E+00
    9.6321485776E-01    8.2029736413E-03    2.5826579333E+00    1.8117230157E+00
   -1.9234859827E+00    1.4973226960E-01    1.7130612841E+01    1.5610750880E+01
    1.1398731696E+00    2.3454300228E-01    1.6072273770E+00    1.0000511324E+00
    6.9833691759E-01    2.4607436265E-01    2.0953974868E+00    1.2093225931E+00
   -6.6017558864E-02    1.0392352221E-01    2.5255658874E+00    1.2848499862E+00
   -3.1005580654E-01    1.0205792219E-01    2.9924910695E+00    1.5956419730E+00
    1.7758021106E+00    1.3632295896E-01    2.9420296903E+00    2.2551710219E+00
    1.5327363710E+00    9.3515827519E-03    4.0452661814E+00    3.5304312835E+00
    8.9444995862E-01    1.4937271639E-01    2.3261329400E+00    1.0255315243E+00
   -1.4380054663E+00    2.2890536553E-01    1.9629309314E+01    1.3652887614E+01
    9.0920520295E-01    8.4926080072E-02    2.6255320320E+00    1.2181446067E+00
   -1.2109161560E+00    2.5211183132E-02    4.0901402780E+00    2.9154991843E+00
    1.3724061521E-01    1.4490755755E-01    2.8440412958E+00    1.2791808413E+00
   -1.8136739356E-01    1.7251769884E-01    4.3112844508E+00    2.0023274118E+00
    6.4697541152E-01    1.3454334310E-01    2.3414830897E+00    1.0000050292E+00
   -1.5695182162E+00    2.4906955651E-01    2.3626635079E+01    1.8372270816E+01
   -1.4964550610E+00    1.6380457914E-01    1.4301118149E+01    9.8031665550E+00
    4.2609724881E-01    7.0560116447E-02    2.0379021802E+00    1.0061859915E+00
   -4.1540935443E-01    1.3008345040E-01    4.1239474065E+00    2.0696836763E+00
   -1.7871594956E+00    2.2732324824E-01    2.4495036173E+01    2.1266500066E+01
   -9.1693608110E-01    1.8680636324E-01    1.0001148762E+01    5.3647711625E+00
   -1.3539587881E+00    3.4094900254E-02    5.1448326753E+00    3.6694650676E+00
    6.9675616088E-01    9.7100877814E-02    2.3551427294E+00    1.0442759048E+00
    1.6103019764E+00    3.5359479105E-02    4.2276503017E+00    3.3260185832E+00
    5.5608735190E-01    1.1154703848E-01    2.2878702344E+00    1.0002638780E+00
    4.3715701649E-01    2.3927527248E-01    2.7665737642E+00    1.4678690949E+00
   -6.3244292762E-01    1.2308608627E-01    4.8652390256E+00    2.5644914739E+00
    1.8658699380E-01    2.3591649796E-01    3.6802214590E+00    1.8689856956E+00
   -1.7372070749E+00    1.7950668498E-01    1.8510577156E+01    1.4772206276E+01
    1.0811785651E+00    1.1770971804E-01    2.6123186482E+00    1.2307580962E+00
   -1.7261079712E+00    3.8279030640E-02    7.2562301328E+00    6.0370743086E+00
   -2.1051871037E-01    2.1448402315E-01    5.4284348612E+00    2.6243532473E+00
    1.0106491211E+00    1.3870812466E-01    2.4171328381E+00    1.0999554128E+00
    1.2143619728E+00    1.8075292130E-01    2.1255074439E+00    1.1004149600E+00
   -5.0001359586E-01    1.4314880362E-01    4.9448978519E+00    2.4579376760E+00
    4.2341522251E-01    1.0440188021E-01    2.2266772484E+00    1.0054825433E+00
    3.6715416146E-01    1.9535723083E-01    2.8099882474E+00    1.2934818190E+00
   -1.6497500154E+00    2.3884182278E-01    2.3776375791E+01    1.9123332306E+01
   -5.9507628600E-01    4.1991464883E-02    2.3093751206E+00    1.5877395902E+00
    1.8813443966E+00    2.2973426844E-01    1.5951822920E+00    1.5480292189E+00
    1.1589360737E-01    1.4461208829E-01    2.8805390268E+00    1.3002698741E+00
   -6.5478449200E-01    2.1662363251E-01    9.0063894765E+00    4.6149651441E+00
   -6.5429877067E-01    2.1402415138E-03    1.3650133622E+00    1.3970701991E+00
   -9.6771001596E-01    1.4515669850E-01    8.0338005218E+00    4.4313056074E+00
   -1.0120429839E+00    2.1034082231E-01    1.2474629710E+01    7.0110770995E+00
    7.3613704936E-01    1.7885529637E-01    2.2671553454E+00    1.0136952239E+00
    7.0989129217E-02    8.1680457545E-02    2.0502383670E+00    1.0896109903E+00
    2.3601710474E-01    1.0305483657E-01    2.2336773145E+00    1.0583005993E+00
    8.8623806109E-01    9.4684518536E-02    2.5553047540E+00    1.1597508153E+00
   -1.9712560028E-01    6.4054101229E-02    1.9988881046E+00    1.2245429136E+00
    1.2957780556E+00    1.6510502524E-01    2.2991292415E+00    1.2177508893E+00
    1.1631678639E+00    1.1118295539E-01    2.7461291368E+00    1.3504187444E+00
   -6.2097955232E-01    1.8979515014E-02    1.7798571445E+00    1.4606539352E+00
   -1.7201479199E+00    2.0707191127E-01    2.1319507859E+01    1.7171303827E+01
    1.0775445723E+00    3.2084551192E-02    3.0396011648E+00    1.8098741255E+00
   -1.3949733261E+00    1.6515665089E-01    1.3351782478E+01    8.6710800583E+00
   -4.1453494476E-01    1.0122330640E-01    3.2721126856E+00    1.7721000830E+00
   -1.7294927917E+00    1.1774280678E-01    1.2400366365E+01    9.9398517490E+00
    6.1752574471E-01    3.1674978159E-02    2.0490350338E+00    1.1880390760E+00
   -1.8917007500E+00    2.3341243001E-01    2.6636063347E+01    2.5307043575E+01
   -1.8413203313E+00    6.7112905381E-02    9.5213171170E+00    8.3752093547E+00
   -1.4158841761E+00    1.3957423038E-01    1.1476098744E+01    7.5963712391E+00
   -1.3643445539E+00    1.0553717028E-02    4.1667352293E+00    3.2272817703E+00
    1.1126555147E+00    4.0642407346E-02    3.1318684294E+00    1.7977814702E+00
   -7.7816210715E-01    4.6969137417E-02    3.0163331241E+00    1.9817132938E+00
   -1.0155008212E+00    1.7808387459E-01    1.0429866144E+01    5.7664598881E+00
    1.6152956571E+00    1.1755531523E-01    3.1143635501E+00    2.0805125143E+00
   -1.7395329660E+00    1.1611983976E-01    1.2345227801E+01    9.9682589916E+00
   -4.8270398271E-01    4.1764094884E-02    2.0333355355E+00    1.4224663519E+00
    1.7250040807E+00    1.4319183674E-01    2.7996906330E+00    2.0475713313E+00
    1.3298646178E-01    1.1534609857E-01    2.4495414516E+00    1.1556206328E+00
    6.5086488596E-01    1.9452908896E-01    2.3131630989E+00    1.0709550075E+00
   -5.0197101953E-01    6.5664227821E-02    2.6260264365E+00    1.6222667281E+00
    7.9397977779E-01    2.3554283724E-01    1.9599001573E+00    1.1010358953E+00
   -1.7560241656E+00    3.8781886518E-02    7.4322550059E+00    6.2928159969E+00
   -1.4016941781E+00    1.7601458065E-01    1.4350671564E+01    9.3594529094E+00
    8.2495230638E-01    1.5880479764E-02    2.3342125750E+00    1.5116711244E+00
   -7.2382307159E-01    1.1494487970E-01    5.0131665771E+00    2.7303890697E+00
   -5.6140366910E-02    1.1034090637E-01    2.6256374581E+00    1.3074633384E+00
    4.7026056075E-01    2.2600319883E-01    2.6405339906E+00    1.3435030859E+00
    3.2475881845E-01    9.0104693165E-02    2.1120513894E+00    1.0102716766E+00
   -1.4955832043E-01    1.5002157733E-02    1.0729291320E+00    1.0419237540E+00
   -2.2551588373E-01    1.9632865287E-01    5.0860941696E+00    2.4066095853E+00
   -1.0057309164E+00    2.6056637798E-03    2.3921687813E+00    2.0118983796E+00
   -1.5617320225E+00    2.2462047046E-01    2.0998111927E+01    1.5605022191E+01
   -1.8686154137E+00    1.4233489735E-01    1.5855983075E+01    1.3880477188E+01
   -9.6895348382E-01    2.0468245607E-01    1.1620371711E+01    6.4044681718E+00
   -5.3706970458E-01    9.4689520224E-02    3.4985202678E+00    1.9579847265E+00
   -1.2874306765E+00    9.6316998523E-02    7.6112057410E+00    4.9299855920E+00
   -4.1197940051E-01    1.3593695347E-02    1.2517957209E+00    1.1990124081E+00
    5.8501206202E-01    3.3366408719E-02    2.0043957886E+00    1.1557649745E+00
   -2.5394176555E-01    9.9458159954E-02    2.7937069232E+00    1.4908668014E+00
    1.9133964217E+00    4.2281831078E-02    4.7384599318E+00    4.6675481870E+00
   -7.5198834245E-01    8.6507601590E-02    4.1042435225E+00    2.3963551500E+00
   -4.6459846409E-01    2.2947420570E-01    7.7841775934E+00    3.9250714157E+00
   -6.8375930890E-01    2.4040325304E-01    1.0458750821E+01    5.5426548568E+00
    1.2240167342E+00    2.2758886995E-01    1.6367875041E+00    1.0133361077E+00
   -1.8980879781E+00    1.0921748140E-01    1.2946567972E+01    1.1722557028E+01
   -7.8042703282E-01    1.6658909516E-01    7.7237439929E+00    3.9862372686E+00
   -9.5684113011E-01    1.3053703259E-02    2.5991932589E+00    2.0153995161E+00
    5.8462706253E-02    9.2904220136E-02    2.2086122831E+00    1.1312794346E+00
    7.6367364676E-02    1.4200641383E-01    2.9206998809E+00    1.3301900038E+00
   -1.8349842705E+00    4.7626992327E-02    8.3208354631E+00    7.3583388949E+00
   -2.2585763847E-03    7.1063710578E-02    1.9420280351E+00    1.1024359375E+00
   -2.2071855660E-01    8.4050186174E-02    2.4029038816E+00    1.3503052313E+00
   -9.5489331662E-01    1.7636392075E-01    9.7464909897E+00    5.2801870772E+00
    4.9626927264E-01    1.8157445372E-01    2.5243737982E+00    1.1246239593E+00
    1.5536872982E+00    2.2987745811E-01    1.5527948455E+00    1.1713457625E+00
   -3.2197440857E-01    7.5777410773E-02    2.4259178678E+00    1.4270128459E+00
   -1.8172037501E+00    1.4687665870E-01    1.5862936990E+01    1.3359805116E+01
    2.4191174603E-01    1.7162514828E-01    2.9342870550E+00    1.3050109031E+00
    1.6278675025E+00    2.4555921358E-03    4.2335270371E+00    4.1476095754E+00
   -1.5961038586E+00    9.6191716455E-02    9.7954339654E+00    7.3161213481E+00
   -5.9553661682E-01    1.3413776278E-01    5.1010241933E+00    2.6155444823E+00
    9.0610278012E-01    3.6114581063E-02    2.6685187436E+00    1.4876779270E+00
    1.2772363660E+00    4.5681502918E-02    3.4780196954E+00    2.1016692316E+00
    2.9131197538E-02    2.1463351087E-01    4.1333654359E+00    1.9861473782E+00
    5.9868607340E-01    4.1380046902E-02    2.0913006531E+00    1.1375346910E+00
   -7.0961609044E-01    2.1480672065E-01    9.4555166276E+00    4.8931822171E+00
   -5.1101689438E-01    3.3032299603E-02    1.8917464903E+00    1.4045021817E+00
    1.1836025090E+00    1.6258166393E-01    2.2915927439E+00    1.1374637770E+00
    1.5166538410E+00    1.7885834516E-01    2.2093827775E+00    1.3829005407E+00
   -8.0114129525E-01    6.2906492467E-02    3.5679551550E+00    2.2212836839E+00
   -4.0377969621E-01    2.3882601771E-01    7.5892732977E+00    3.8485161851E+00
   -4.1559065245E-01    9.7588847601E-02    3.1776803231E+00    1.7411480837E+00
   -7.5860360582E-01    2.3429938879E-02    2.2771569267E+00    1.7137955125E+00
    1.6900878030E+00    2.1294891538E-01    1.7986209505E+00    1.3940264827E+00
    1.5680353279E-01    8.7243371377E-02    2.0875844537E+00    1.0596116531E+00
    1.1547987690E+00    2.2221650661E-01    1.7218282928E+00    1.0057152621E+00
   -7.9022707977E-01    1.5939483578E-01    7.4413477984E+00    3.8632731679E+00
    1.3313137892E+00    1.4386174475E-01    2.5423387377E+00    1.3628265205E+00
   -1.8716690506E+00    4.6276658902E-02    8.4215697478E+00    7.6499666770E+00
    1.7567705277E+00    2.2613392798E-01    1.6238850212E+00    1.3978772323E+00
   -8.7055771468E-01    1.7020480185E-01    8.6443669268E+00    4.5667269969E+00
   -8.9825570336E-01    1.9223668097E-01    1.0132310479E+01    5.4166294087E+00
    1.5502286467E+00    1.7592562895E-01    2.2577452099E+00    1.4448716327E+00
    6.1441438414E-01    1.2126606428E-01    2.3234946990E+00    1.0007149638E+00
    1.7830938402E+00    1.5256978777E-01    2.6912067671E+00    2.0776452921E+00
   -8.5943856562E-01    1.3458658708E-01    6.6937085506E+00    3.6262950391E+00
   -9.5441158954E-01    2.0166193820E-01    1.1273694328E+01    6.1695159509E+00
    1.5083732805E+00    8.5038328408E-02    3.4941843068E+00    2.2036592955E+00
   -4.8896708664E-01    1.4132572118E-01    4.8257666990E+00    2.4008200398E+00
   -9.4237091011E-01    1.9870451583E-01    1.0964639506E+01    5.9648160710E+00
   -1.5229162777E-01    2.1265068553E-01    5.0391406978E+00    2.4224921170E+00
   -1.0032865453E+00    1.5725592239E-01    9.0298780421E+00    4.9931386522E+00
    8.9313322053E-02    1.6413113509E-01    3.2171459675E+00    1.4473800324E+00
    1.0656993298E+00    2.4767829959E-01    1.5453505465E+00    1.0142696381E+00
   -2.1635933341E-02    2.0140682147E-01    4.1646812258E+00    1.9572633109E+00
    1.8708826052E+00    2.0572525086E-01    1.9463024117E+00    1.7250521199E+00
   -1.4543892700E+00    1.6614764950E-01    1.4063908795E+01    9.4209831605E+00
    4.3753854585E-01    1.5630513924E-01    2.5126637289E+00    1.0860757370E+00
    1.2372508467E+00    2.2019908408E-01    1.7123347561E+00    1.0258088579E+00
   -1.9433094114E+00    1.6237727558E-01    1.8744972469E+01    1.7337661535E+01
    3.0303523183E-02    2.3045030635E-01    4.3609252856E+00    2.1636038066E+00
    1.2842180179E+00    2.4960038296E-01    1.3716682131E+00    1.0053379185E+00
   -1.0134139731E+00    4.5326248846E-02    3.9238110587E+00    2.5818723845E+00
   -6.2899841938E-01    5.1593129676E-02    2.6455872180E+00    1.7253125234E+00
    1.3159011592E+00    1.9560538686E-01    1.9744068282E+00    1.1190688168E+00
   -1.1316795503E+00    1.4738158315E-01    9.5097669946E+00    5.5350231729E+00
   -3.2488305753E-01    5.0298221214E-02    1.9210651316E+00    1.2848776884E+00
    1.0317011958E+00    4.6388208700E-02    2.9565166530E+00    1.6039604888E+00
    2.4296705103E-01    1.0740051630E-01    2.2750699685E+00    1.0647931736E+00
    4.4354448483E-02    1.8851342124E-01    3.7022653090E+00    1.7027556983E+00
    1.8211732484E+00    2.1657690222E-01    1.7749853394E+00    1.5531700123E+00
   -3.4641070855E-02    1.8252655932E-01    3.9069126728E+00    1.7961889878E+00
   -1.6659175650E+00    1.6652820319E-02    5.8337601899E+00    4.8922510484E+00
   -3.7317265755E-02    8.6411700978E-02    2.1955374765E+00    1.1796162016E+00
    1.5095644615E+00    2.0612064634E-01    1.8620732060E+00    1.2322935695E+00
    4.6223352161E-01    1.5269837074E-01    2.4714479953E+00    1.0644975838E+00
   -1.9162211931E+00    1.2264122026E-01    1.4288275285E+01    1.3052328319E+01
   -2.4329948084E-01    1.5992952286E-01    4.2704926533E+00    2.0049713513E+00
    9.2828613250E-01    1.2222731609E-01    2.4654422950E+00    1.0982871917E+00
    1.1947102501E+00    1.6340244087E-01    2.2869254826E+00    1.1425485214E+00
   -1.4550631481E+00    9.7284090629E-02    8.8485039911E+00    6.1445557500E+00
   -1.8698705826E+00    2.4945289376E-01    2.8182865943E+01    2.7202326853E+01
    6.0674923136E-01    1.2885684357E-01    2.3347827330E+00    1.0001957015E+00
    5.9283877896E-01    2.3038331043E-01    2.3479912242E+00    1.2365442858E+00
   -1.0291189432E+00    1.8211376787E-01    1.0821922552E+01    6.0160118068E+00
   -1.2055086622E+00    2.4759091607E-01    1.7859534802E+01    1.1353832723E+01
   -9.8816864009E-01    2.3661714333E-01    1.3946646925E+01    8.0055368534E+00
    1.5622450611E+00    4.1340606097E-02    4.0937585754E+00    3.0249073849E+00
    2.5079422709E-01    4.6827882193E-02    1.6911301744E+00    1.0005182870E+00
   -5.3568954239E-01    6.5600921142E-02    2.7183221448E+00    1.6793010266E+00
   -6.4436835163E-01    1.6430670108E-01    6.6261238262E+00    3.3170293317E+00
   -4.8247881947E-01    1.9751527463E-01    6.7779974145E+00    3.3104659162E+00
   -1.3318099163E+00    2.3273039109E-01    1.8435263410E+01    1.2185446616E+01
    5.7568906708E-01    1.8628256424E-01    2.4180281481E+00    1.0897204131E+00
    1.7896562507E+00    4.7834531462E-02    4.4614310946E+00    3.8592615932E+00
   -1.0550192544E+00    5.3878446642E-02    4.4146228671E+00    2.8538557197E+00
   -1.5788532812E+00    1.1411133992E-01    1.0916462617E+01    7.9990604245E+00
    1.0654710214E+00    9.5765709398E-02    2.7666393836E+00    1.3235663716E+00
   -1.3056522016E+00    1.4282095700E-02    4.0682471798E+00    3.0693874453E+00
   -1.4950684672E+00    2.3778876998E-01    2.1338552295E+01    1.5542335546E+01
    4.6509388466E-01    1.6614319053E-01    2.5229822607E+00    1.0974209646E+00
   -1.8559290748E+00    1.6660683970E-01    1.8366458609E+01    1.5894686108E+01
    1.1651354524E+00    1.2236451846E-01    2.6440972726E+00    1.2921050366E+00
    1.9197597825E+00    1.6141035138E-01    2.6262596527E+00    2.3162610826E+00
    1.9301786677E+00    2.1719587751E-01    1.7932883326E+00    1.7322551964E+00
   -1.2817311433E+00    2.1753019638E-01    1.6416710744E+01    1.0385379834E+01
    1.1707677763E+00    1.5361113072E-01    2.3678865725E+00    1.1598288756E+00
    1.1555828563E+00    2.4977265139E-01    1.4504977834E+00    1.0021151067E+00
   -1.2526590258E+00    3.6414946270E-02    4.7339920744E+00    3.2801771878E+00
   -2.5203664458E-01    5.4526771771E-02    1.8973461792E+00    1.2328251480E+00
   -1.1853825602E+00    2.3876058233E-01    1.6829441477E+01    1.0468038711E+01
   -1.4247436925E+00    1.6620259413E-01    1.3754121333E+01    9.0699720205E+00
    7.6020971531E-01    1.9028192542E-01    2.2104912281E+00    1.0212347253E+00
   -1.1762133615E+00    1.0719708866E-01    7.4298774930E+00    4.5755956159E+00
    1.5995939745E+00    2.2375169244E-01    1.6372696875E+00    1.2369319837E+00
    1.8249779486E+00    2.4780721363E-01    1.3205997845E+00    1.3531986378E+00
    2.5511979126E-01    1.6130355421E-01    2.8123368002E+00    1.2406144447E+00
   -5.3306493877E-01    7.1426134606E-02    2.8547473560E+00    1.7249409058E+00
    8.6024179420E-01    1.5610235897E-01    2.2966251442E+00    1.0096475236E+00
   -1.4378904890E+00    2.4254928792E-01    2.0935474582E+01    1.4867894165E+01
    7.4026553502E-01    8.9431846668E-02    2.4038249710E+00    1.0815551838E+00
    5.7269318012E-01    1.0370572205E-01    2.2746587666E+00    1.0043989816E+00
    1.5659351539E+00    1.2736977889E-01    2.9218505139E+00    1.8669524128E+00
   -1.7656581283E+00    7.5921023991E-03    5.7813755152E+00    5.2542066696E+00
    1.7884052733E+00    3.5694870153E-02    4.5789475705E+00    4.1481230779E+00
    8.6612319874E-01    1.4637219471E-01    2.3351331096E+00    1.0216047152E+00
   -2.4270482741E-01    5.6285296730E-02    1.9173742689E+00    1.2320350269E+00
   -1.7852508893E+00    2.0043223647E-01    2.1410194205E+01    1.7924000187E+01
   -9.2391378339E-01    1.9724933911E-01    1.0684620744E+01    5.7732635883E+00
    1.1436786851E+00    1.7348760954E-01    2.1877821007E+00    1.0803238412E+00
   -1.9328773751E+00    1.7376401952E-01    1.9981400061E+01    1.8369259355E+01
    1.6765487164E+00    1.9450730326E-01    2.0503532168E+00    1.4961908744E+00
   -4.4827917257E-02    3.4033266397E-02    1.4069889154E+00    1.0371738317E+00
    1.6305827806E+00    5.6037538027E-02    4.0853096468E+00    3.0152695309E+00
   -1.5760811252E-01    2.1023456491E-01    5.0181819285E+00    2.4043724331E+00
   -1.2550001051E+00    8.1699140604E-02    6.6605487963E+00    4.3259761259E+00
    1.7450106385E-01    3.4730098695E-02    1.4869555207E+00    1.0000398295E+00
    3.2221964567E-01    6.5827332003E-02    1.9227308275E+00    1.0000169875E+00
   -4.5173824132E-02    1.8762957818E-01    4.0369240380E+00    1.8662975528E+00
    7.7307745876E-01    1.1851852878E-01    2.3843824657E+00    1.0343373645E+00
    4.4749217940E-01    7.6786194470E-02    2.0906628547E+00    1.0049959428E+00
   -7.0647298900E-01    1.9217049103E-01    8.3510884010E+00    4.2430970133E+00
    1.0446171856E+00    1.7045351407E-01    2.2085988410E+00    1.0418856355E+00
   -1.2298228841E+00    1.3545216950E-01    9.5530197663E+00    5.8299178162E+00
    6.4577233621E-01    1.9060247764E-01    2.3265291615E+00    1.0642213616E+00
    1.1734278265E+00    9.0684720402E-02    2.9525318715E+00    1.4933180376E+00
    1.7275747777E+00    1.3240805485E-01    2.9706387551E+00    2.1797182473E+00
   -1.1298547903E+00    1.7070297695E-01    1.1064617444E+01    6.3789353557E+00
   -7.8660547305E-01    2.5696153529E-03    1.7049957584E+00    1.5897416277E+00
   -4.1306926598E-01    9.6964702085E-02    3.1535237578E+00    1.7309388335E+00
   -9.0345936960E-01    1.0569038683E-01    5.6127799126E+00    3.2205933523E+00
    5.1229166852E-01    5.4435272999E-02    2.0411645639E+00    1.0530826874E+00
    5.0560800507E-01    1.5571186672E-01    2.4448818425E+00    1.0515663192E+00
   -4.3156304973E-01    6.9618415778E-02    2.5367387932E+00    1.5405893917E+00
   -1.3967428983E+00    1.2693232285E-01    1.0362680605E+01    6.8515077140E+00
    5.9462649717E-01    2.2442819141E-01    2.3512650105E+00    1.2086411381E+00
    5.1464495251E-01    9.6316958931E-02    2.2218252048E+00    1.0020914324E+00
    1.6057783461E+00    2.1742608222E-01    1.7237816658E+00    1.2731039304E+00
    6.5644740257E-01    1.7221167263E-01    2.3397003235E+00    1.0259259682E+00
    1.5933659184E+00    2.2987218750E-01    1.5538286332E+00    1.2044036452E+00
   -1.9268198034E+00    4.2624424537E-03    6.2061909868E+00    6.3266443278E+00
   -3.9602170580E-01    7.6013965032E-02    2.5954706355E+00    1.5335010748E+00
    1.6049483167E+00    3.0512548469E-02    4.2372920076E+00    3.4013393982E+00
   -1.1903242265E+00    8.2668263264E-02    6.3036129419E+00    4.0105319164E+00
   -1.7128797133E+00    5.1430928901E-02    7.8971981542E+00    6.4391891352E+00
    1.3490699820E+00    1.1761494959E-01    2.8607210047E+00    1.5618117371E+00
    4.6025591270E-01    1.3053725076E-01    2.3657030695E+00    1.0244686604E+00
   -2.7633645288E-01    8.5890339804E-03    9.9156118300E-01    1.0865598718E+00
