  1.77340027734810e-01   1.52821472123110e-01   2.35339868518061e-02   2.38608069820826e-01
  4.62489012150338e-01   8.92478290515559e-01   7.43633518636614e-02   3.05814713146006e-01
  7.84288082763344e-01   6.06623411272653e-01   3.86619039235079e-02   5.69970247095201e-01
  5.09612764780991e-01   1.01637651146829e-01   2.84519162323728e-02   3.05074590002068e-01
  9.48143237517225e-01   5.67676920720280e-01   8.62903715688091e-02   1.45597814059623e-01
  3.30609635284729e-02   2.11442772278481e-01   3.00669456483255e-02   6.20464817254109e-02
  6.73853675824898e-01   4.33133986818837e-02   1.36729046832524e-02   1.14364384268287e-01
  5.98999309327016e-01   1.20781893882794e-01   1.41461042643700e-02   3.47747235824252e-01
  5.26260334574443e-01   5.21733478682251e-01   5.34764975934391e-02   9.43160454081542e-01
  7.07458467541889e-01   4.45997738867029e-01   1.01286447328365e-02   7.75815280851839e-01
  8.88325067148990e-01   1.84532255168585e-01   8.17820310844500e-02   1.73669024839154e-01
  3.64609045616008e-01   9.05776262260183e-01   7.93602392174862e-02   2.45698342268273e-01
  1.87232140329110e-01   8.18705654005970e-01   8.98841330203517e-02   2.73816147880654e-01
  9.40125823848861e-01   5.35481073149489e-01   2.08785034338992e-03   1.85449993950277e-01
  2.42306451895109e-01   7.18945388345436e-01   2.70938919261608e-02   5.18899633192784e-01
  5.10965252361341e-01   1.01954052984061e-01   6.61119472749631e-02   2.94786528877546e-01
  3.48500659813566e-01   5.57593018702610e-02   1.12539801013682e-03   1.54736914960712e-01
  9.71082781278889e-01   7.13089109552657e-01   6.60401083285308e-02   6.66518334447083e-02
  7.95131199712890e-01   2.09819344685062e-01   4.97593371541276e-03   3.65730034007289e-01
  2.83930941654024e-01   9.31032868203880e-01   2.72148329481190e-02   1.62886546504658e-01
  8.85873610154963e-01   3.66225313636466e-01   7.74299154718054e-02   2.96799835919025e-01
  4.32264689399452e-01   3.52386977467511e-01   2.63412344528291e-04   8.73984931628739e-01
  3.37563372812984e-01   9.23364270022168e-01   7.43301541916506e-02   1.93343260244326e-01
  7.86992045709698e-01   4.07563020011355e-01   9.15810425281378e-02   5.43005189763128e-01
  9.77697761885906e-01   7.25356491706246e-01   9.82686439272798e-02   4.82671359610541e-02
  5.81658898551675e-01   9.57425725976004e-01   2.35736060955229e-02   1.26022060893484e-01
  8.87837393099781e-01   8.93539372045828e-02   3.39860645564978e-02   9.24592669037207e-02
  5.23415834284117e-01   3.39437422279963e-01   5.83382685393902e-02   8.24235829185039e-01
  6.91339269773835e-01   2.19172303086936e-02   6.52787196880633e-02   5.32000683640726e-02
  1.98558718223077e-01   8.70180170822054e-01   6.77721028277046e-02   2.16687401908790e-01
  1.15294995028002e-01   3.28607375058829e-01   4.55636873141002e-03   3.02839733403856e-01
  8.86621400646933e-01   1.10560150924981e-01   5.90002639772740e-02   1.11982458580788e-01
  1.31706327085642e-01   4.11502209375428e-01   9.47657861261741e-04   3.86261101865096e-01
  3.06471755540787e-01   5.68913481631108e-01   5.06237822673172e-02   7.62569913332202e-01
  9.03142315007189e-01   7.60184237507322e-01   2.30963925243662e-03   2.04506314307795e-01
  7.59687304120124e-01   8.17700502861208e-02   2.06603715745086e-02   1.70591931047307e-01
  2.85759688423981e-01   8.65447557067503e-01   8.83127436727289e-02   2.93994340338295e-01
  1.24158867248507e-01   9.27275049659479e-01   2.08131691310939e-02   8.43695749537304e-02
  1.07911131823434e-01   1.30315413409960e-01   4.50209244681514e-02   1.26623150836599e-01
  4.69993782981428e-01   9.67798525153113e-01   6.30630849186647e-02   9.44759532271316e-02
  6.78489863348447e-01   3.85694289160102e-01   9.29187917618393e-02   7.23366731594502e-01
  3.80975945356945e-01   8.44680396819459e-01   5.39086782607100e-02   4.13808811943633e-01
  9.46595336059659e-01   6.59682935911490e-01   6.82875124507224e-02   1.36871541991583e-01
  5.07774164132270e-01   2.79912487631405e-01   5.44227546605886e-02   7.29834615605214e-01
  3.48462996916636e-01   3.56303765700078e-01   4.82255257801137e-02   7.62590897839594e-01
  9.27969824263111e-01   7.50803772712430e-01   6.16418521635591e-02   1.48907118938470e-01
  8.31989739187642e-01   2.12877556952458e-02   1.01513177563525e-02   3.33222665697194e-02
  6.05560123896301e-01   7.18432066858266e-01   1.16630121166757e-02   7.23119018772573e-01
  4.04084598850094e-01   1.19933282047111e-01   7.81385514510269e-02   3.25274349961013e-01
  2.98863900604924e-01   5.63356088282777e-01   6.67996573458546e-02   7.40516528641335e-01
  5.57763300121138e-01   3.45586483592899e-01   4.18749264531472e-02   8.34873117110425e-01
  8.60031899193261e-01   9.44249939441738e-01   3.37758755974933e-03   7.39293475656253e-02
  6.12600597087204e-01   6.62310726321218e-02   8.55391614114639e-02   1.78094052189301e-01
  4.29426168199711e-02   5.48362068925511e-01   3.71987736193594e-02   1.28157380981624e-01
  2.15533190848481e-01   7.68807294514736e-01   9.22052312529140e-02   3.79907778527303e-01
  2.77802502091614e-01   8.52527564757729e-01   2.52078195225225e-03   3.41517733370383e-01
  4.60024730849359e-02   6.93909587968187e-01   8.53155512448040e-02   1.08573501773954e-01
  2.38999269725954e-01   2.96900477722335e-01   2.33344042648636e-02   5.35545611130140e-01
  4.24894426444089e-01   4.82197266479219e-01   4.30076009979074e-02   9.30428268442741e-01
  8.25088495289686e-02   7.79885883045452e-01   3.85095668793336e-02   1.57357071422317e-01
  4.84552525265822e-01   3.94209582340786e-02   9.41668569741735e-02   1.12432489766451e-01
  6.46330714354165e-01   6.58027098264286e-01   3.15753977424856e-02   7.63811869355944e-01
  6.10244942486243e-01   7.60994932152188e-01   7.42985605939012e-02   5.96376716144136e-01
  2.67821947846326e-01   9.13444199809456e-01   6.00780964450054e-02   1.88719536539073e-01
  8.78398124683426e-01   6.93595381113981e-01   8.38681822465535e-02   2.81643327994936e-01
  4.37189495191340e-01   8.17822093124287e-01   6.60317225508762e-03   5.27631496423381e-01
  2.80216338024704e-01   8.85067590259444e-01   3.79667056604202e-02   2.62340160503914e-01
  2.08486243252255e-01   2.07932417716865e-01   9.87899929174357e-02   3.35820893924381e-01
  3.50746020554359e-01   9.55023751123630e-01   5.88994106337000e-02   1.18532897371632e-01
  3.02434212320260e-01   7.00306760831023e-01   8.25959123404999e-02   6.06179628165364e-01
  1.30331044455761e-01   3.31912380023539e-01   2.04819884598244e-02   3.36992960568715e-01
  2.31232610844954e-01   4.34146395038048e-01   3.65837325201144e-02   6.26995212603227e-01
  9.46137484384268e-01   1.83293624157969e-01   7.36160314087888e-02   8.52772421542567e-02
  9.11849137308847e-01   8.35890212579837e-01   3.41573661102788e-02   1.30329030389177e-01
  2.51652013078768e-01   8.42479493884345e-01   2.58917738553524e-02   3.29036000610864e-01
  5.33673615137263e-01   4.10490127765657e-01   1.78547959763473e-02   9.38663583801001e-01
  2.96961950078988e-01   7.01872447969056e-01   6.45548298555271e-02   6.07205245904289e-01
  5.11118646007885e-01   1.39490707557997e-01   6.66821134240200e-02   3.97061466630520e-01
  5.76589654328608e-01   7.09237330375082e-01   1.71132425724177e-02   7.55939881181083e-01
  4.74997126064282e-01   1.70948334591900e-01   8.16716986814746e-02   4.70527838635903e-01
  8.69770730278232e-01   1.19125421353158e-01   1.00788807934900e-02   1.43986938561960e-01
  8.73264349932034e-01   8.17526344729663e-02   3.26667755140280e-02   9.53624707035589e-02
  8.85951069158925e-01   3.39853705707284e-01   6.09377691976976e-02   2.89291289457733e-01
  8.18904643183793e-02   5.51828556423051e-01   8.61801611656033e-02   2.30600258952990e-01
  2.10199756945460e-01   8.71994871731617e-01   4.72825123233044e-02   2.29132678952976e-01
  4.69924288094941e-01   9.71309616526158e-01   9.02867003308291e-02   8.19703568721988e-02
  2.37985842540350e-01   9.76655647980412e-01   2.03034987622555e-03   4.97199116952085e-02
  7.42775527844330e-02   3.55007453082271e-01   5.14849544723429e-02   1.97371974592022e-01
  4.08560013990455e-02   3.34698033954594e-01   1.92160587045681e-02   1.09037612126156e-01
  9.21321773859295e-02   4.86280766783523e-01   1.54276287113331e-02   2.80843232783089e-01
  4.71191301255163e-01   3.11914753000829e-01   1.29500269979029e-02   8.16544509854647e-01
  4.22851853505309e-01   3.21644170426972e-02   6.73445285052119e-02   9.16299935586401e-02
  5.46457007643365e-01   8.28159174001304e-01   4.16259878130289e-02   4.88076526012790e-01
  6.77227117033413e-01   6.54328458420638e-01   8.66682770096779e-02   6.89542901294459e-01
  3.21095711794361e-01   4.85338659826667e-01   8.34188864813616e-02   7.78465690555066e-01
  5.34275432255803e-01   8.79731984256950e-01   5.61269596602336e-02   3.47005839572034e-01
  7.02389198175563e-01   3.76899351403539e-01   6.94406121012843e-02   6.95802208447576e-01
  7.66495147933857e-01   4.70657338257205e-01   6.82487714467480e-02   6.23259954979819e-01
  1.89202324326108e-01   2.42146997841570e-01   3.67838894309058e-02   3.72331699523998e-01
  3.57633149426084e-01   8.78861023034811e-01   6.62766264515929e-02   3.13705677181838e-01
  7.20866773207276e-01   9.27408908712669e-01   8.66832903341159e-02   1.59553408860964e-01
  3.72441357101871e-01   2.72094507544152e-01   5.19853254054981e-02   6.59931187039159e-01
  8.23326621542556e-01   2.05194231936773e-01   6.49988445536765e-02   2.96986321349553e-01
  3.72099021939931e-01   1.99042118031200e-01   6.98414057656640e-02   5.02843264865900e-01
  1.66982974574695e-01   1.12255780187345e-01   2.75152515737408e-02   1.68360989176396e-01
  3.60428644345118e-01   4.64900261646048e-01   1.00917438654801e-02   8.90982015380073e-01
  5.88650868517634e-02   6.00820216323225e-01   1.81271236277520e-02   1.71632954787206e-01
  1.98586414265388e-01   4.51359101697091e-01   3.37592613290679e-02   5.58458554170366e-01
  8.08562026182070e-01   3.04603542450287e-01   1.86782526772639e-02   4.54066761567463e-01
  3.09799135508636e-01   2.75720475042247e-01   6.32952099366695e-02   5.91717320720246e-01
  7.65049908297338e-01   3.92628446978751e-01   6.84471068499495e-02   5.93497257606438e-01
  7.78473023212717e-01   9.49434071380194e-02   4.80783549513697e-02   1.79672845899201e-01
  8.55704666635122e-01   6.20763226117540e-01   9.55003687169544e-02   3.70215801452366e-01
  2.57804409971027e-01   3.91385976851038e-01   9.60663833047518e-02   6.20740263358615e-01
  8.70885483164547e-02   7.47126717031751e-02   4.71526824145242e-02   5.99814719605468e-02
  3.61959255648062e-01   8.23342041962637e-01   1.30534594323400e-03   4.77539115625493e-01
  9.99216398784449e-02   5.44032896511889e-01   1.38346835230840e-02   3.01685558904933e-01
  8.10934056309608e-01   2.20809617225670e-01   4.76779646594216e-02   3.41384276870905e-01
  1.81068074797540e-01   3.69578496382236e-01   9.04173198122492e-02   4.51891078530742e-01
  8.50016943651509e-01   5.95846816566720e-01   3.17205273471630e-02   4.20157096889844e-01
  6.76294646489186e-01   4.03000700927244e-01   9.71907111540622e-02   7.37114034884095e-01
  8.57343677424646e-01   7.13695701254884e-01   4.20714303030930e-02   3.25480310191158e-01
  8.76305960937127e-01   9.63820888290558e-01   8.74783742828981e-02   3.94175058603098e-02
  7.16465020063543e-01   8.66715662959806e-01   8.26517263165385e-02   2.91381001041650e-01
  4.09046027112233e-01   5.81341119262586e-01   1.49700776907435e-02   9.14682056004141e-01
  2.49907122953639e-01   4.53695199413689e-01   1.90761762327812e-02   6.86388627827123e-01
  2.51947868385385e-01   7.86140813793713e-01   3.12432449725535e-02   4.29371492742090e-01
  2.11137930157763e-01   8.57511916437906e-01   9.83639013815159e-02   2.41853938246405e-01
  5.52609015111484e-01   9.79470352831269e-01   7.34888022979970e-02   5.91250845931355e-02
  7.09641114282492e-02   6.26063418688243e-02   5.13433171504360e-02   4.10716575115848e-02
  7.77754778391283e-01   9.76977326268925e-01   2.10550867111030e-02   4.54995318489263e-02
  7.59596116997611e-01   3.25063286082458e-01   3.91285194904172e-02   5.62388424466285e-01
  7.89049242364586e-01   8.91840909382293e-01   7.14965683526190e-02   1.91090660145974e-01
  3.15740771766473e-01   3.03573768600914e-01   5.57522193978790e-02   6.46144868484854e-01
  5.73277806016993e-01   9.51629126594474e-01   1.32868146568095e-02   1.45463758682274e-01
  7.77680488272380e-01   7.65962322234440e-01   9.54350765706653e-02   3.92549994757846e-01
  4.33256361526100e-01   4.63791979349381e-01   3.60170840435331e-03   9.68327907873046e-01
  1.09871439690246e-01   1.12783091799775e-01   6.02139834304412e-02   1.10620400056722e-01
  6.01974250922413e-01   9.09965866515884e-01   4.67827151120038e-02   2.52941417395720e-01
  5.09326579923084e-02   6.94672899763305e-01   5.12166876106126e-02   1.24017916325544e-01
  8.33121273465328e-01   3.87491429520865e-01   3.65791800463868e-02   4.52979834254860e-01
  7.54523803210539e-01   3.49125348556757e-01   6.57326081081595e-02   5.81192469604381e-01
  5.16683146087860e-02   7.38548380315033e-01   4.48258013353752e-02   1.13190983985164e-01
  7.61497616570226e-01   7.15799718404430e-01   8.69422981443233e-02   4.86865177949824e-01
  3.36677617723424e-01   5.19625868441566e-01   1.03751870123765e-02   8.60716294830482e-01
  5.26038595262789e-01   4.04242964718183e-02   3.34411073494102e-02   1.22133754149126e-01
  2.04248789238748e-01   9.36098463908268e-01   8.42005751576230e-02   1.09833788743790e-01
  6.06101308146105e-01   6.19990683006975e-01   9.09021146963583e-02   8.03217283072545e-01
  8.00002241511549e-01   1.18295898699370e-01   8.96069666830355e-02   1.95380933702412e-01
  5.78888736071285e-01   5.32943548031180e-01   5.97458357382189e-02   9.09042848801161e-01
  1.24227472224526e-01   3.22833034259376e-01   3.82406031305629e-02   3.11053623637725e-01
  3.67339232323089e-02   4.39259347598654e-01   8.96168450637547e-03   1.12061398892135e-01
  5.18083312065377e-01   3.86684991159940e-01   1.92700246257500e-02   9.18160546154723e-01
  4.98050034176642e-01   5.44024781351639e-01   6.83226967096633e-02   9.25847490940260e-01
  1.75628495442454e-01   8.96079785425515e-01   9.83006749058506e-02   1.52564654175281e-01
  5.52229316439508e-01   6.41826743085515e-01   7.51443839114892e-02   8.26612586396628e-01
  5.53495222883447e-01   7.69491182481885e-01   6.15567308325399e-02   6.14674341774162e-01
  2.03920755350328e-01   2.16602849419193e-01   9.71579615443642e-02   3.41669715191690e-01
  2.24504583198583e-01   5.63630614982135e-01   9.02077473439344e-04   6.34788925339931e-01
  2.13085982932408e-01   9.50230622546824e-02   6.14507028876889e-02   1.71766418945585e-01
  7.20557800408258e-01   7.57606802666475e-01   5.34907529036990e-02   5.03588680005431e-01
  2.21047955418666e-01   7.86179747381007e-01   9.72456215536852e-02   3.61826393343926e-01
  2.11009881424027e-01   4.63341485885351e-01   7.51684168724990e-02   5.67621880144451e-01
  5.12236816153196e-01   2.44313077094573e-02   6.05706659595124e-02   7.21749688578169e-02
  3.75758642800613e-01   9.15628788888885e-01   5.67812410904728e-02   2.29061053405792e-01
  6.13592361771888e-01   8.37943385160326e-01   1.88502719937085e-02   4.48279857266288e-01
  1.55253264590738e-01   6.77559748307519e-02   7.18017426774141e-02   9.22293354911212e-02
  9.48610135211217e-01   5.69854585772538e-01   3.29962266322697e-02   1.51863333089449e-01
  7.29567411165278e-01   9.54757866836704e-02   9.38127688723442e-02   2.02276534158651e-01
  2.03197522272441e-01   1.68029870368437e-01   5.01772826048047e-02   2.85646263233661e-01
  4.52623638303767e-01   9.59336165941717e-01   2.09037512466118e-02   1.23420713480227e-01
  2.27606106229401e-01   7.61073157928460e-01   8.60037489360869e-02   4.10816866247073e-01
  5.82814203050873e-01   8.16619737905030e-01   4.49868827979427e-02   5.03567269974787e-01
  8.83627561401884e-02   5.39551170831313e-01   9.74687092773484e-02   2.46994607009877e-01
  1.60546800713796e-01   2.24976159540277e-01   1.42205862484467e-02   3.09449840528544e-01
  3.93375459643717e-01   4.28803235449989e-01   2.12754369468324e-02   9.01758762782334e-01
  7.71530516599270e-02   8.24940838893049e-01   7.93067622012748e-02   1.16002031274962e-01
  5.21669225168694e-01   1.98415248755506e-01   7.47967606995014e-03   5.78114539467667e-01
  3.46783892332935e-01   3.46023569705879e-01   3.69118508521256e-02   7.56604916032693e-01
  7.77694602433168e-02   1.42141164254773e-01   2.63226611488022e-02   1.01785514997468e-01
  5.59821390173649e-01   5.60318785490443e-02   5.68407363983273e-02   1.62652620202425e-01
  7.32674082643520e-01   4.53986568557532e-01   6.80198900401495e-02   6.88926244666889e-01
  7.42306005698144e-01   3.52900260795896e-01   5.98244053939497e-02   6.10892226403292e-01
  4.95970568558221e-01   1.11273507590629e-01   1.29270815072130e-02   3.38130392292699e-01
  6.93036902467117e-01   3.87344296054874e-02   7.88398198175681e-02   9.22750612626856e-02
  3.66315655927272e-01   3.66010920471321e-01   5.99218944526598e-02   7.85530278513192e-01
  6.19323715945140e-02   8.71187008669636e-01   2.43588070642097e-02   7.43144989706374e-02
  3.76600709454083e-01   9.57460822582885e-01   1.08307756244711e-02   1.22044044202703e-01
  3.73129318252941e-01   2.69123804209850e-01   1.73309643678785e-02   6.77937176434928e-01
  7.84832501868244e-01   5.69205334660683e-01   3.51125567625425e-03   6.08810835143148e-01
  4.06043339235191e-01   8.12598505817254e-02   5.68364174538140e-02   2.28420851932538e-01
  1.09728869008703e-01   8.23000382936907e-01   5.56328665915785e-02   1.68847615240457e-01
  2.47020588270261e-01   4.06630669833827e-01   8.66959333371600e-03   6.64825527552277e-01
  7.88436598669105e-01   8.32605289478278e-01   8.50988509932591e-02   2.84669268377819e-01
  2.57012079135362e-01   6.15185778972181e-01   1.38020895941300e-02   6.66577000822284e-01
  8.21924350761562e-01   3.91547495052123e-01   9.19485008065800e-02   4.56810775207147e-01
  6.76552492038478e-02   1.00873178586146e-01   1.99704538822714e-02   6.44537938937767e-02
  5.31973900500229e-01   5.44260436974478e-01   9.46645772416881e-02   8.97464045077824e-01
  4.65297470313582e-01   3.49467366901365e-01   6.84257708752957e-02   8.27169173523256e-01
  5.81476997474843e-01   6.64271842523807e-01   5.07136532636597e-02   8.00346034032529e-01
  5.34402515657670e-01   6.35031793878731e-01   8.82796591805051e-02   8.30443528639678e-01
  2.98306838301900e-01   6.69613490461106e-01   2.48717919816105e-02   6.77319305712406e-01
  3.01814552210621e-01   4.01096562076554e-01   7.61385858081764e-02   7.17463516408960e-01
  1.68132554920903e-01   1.95592788927334e-01   5.59585105942850e-02   2.74948002683769e-01
  4.87582734388196e-01   9.28167383684534e-02   5.65466004216755e-02   2.71666480120413e-01
  3.06735879310573e-01   3.29106530690593e-01   5.93107815992701e-02   6.65602574996471e-01
  7.27780702100925e-01   5.81704497430395e-01   7.63256505403419e-03   7.24499352920673e-01
  8.98938613179478e-01   6.87293750903162e-01   5.29593334854870e-02   2.46461098904856e-01
  9.19544546415078e-01   1.09031119561193e-01   6.20335964581384e-02   7.90052698661296e-02
  3.17772748437537e-01   6.32911578013423e-01   1.91132144643356e-02   7.53982192298632e-01
  1.14371081805529e-01   2.71677125509875e-01   4.95257246138438e-02   2.52339253076162e-01
  2.25187613166732e-02   9.48433079170446e-01   9.12893977442678e-03   1.12989698141859e-02
  6.28760851544099e-01   1.03579450544915e-01   8.78199923462603e-03   2.91354588030933e-01
  4.42771631929821e-01   1.88780758135329e-01   2.12795959499102e-02   5.38473797529003e-01
  5.35067836098831e-01   7.79914796912637e-01   3.07524071459778e-02   6.14817944032245e-01
  5.77841560790056e-01   7.05861280494192e-01   5.12899996440096e-02   7.36091631796499e-01
  4.90241653222810e-01   2.80621631231571e-01   7.69766499721903e-02   7.14959803749775e-01
  3.53040476413740e-01   8.17306461062437e-01   7.16182539864771e-02   4.52932499757363e-01
  1.50148169286331e-01   8.85071202285694e-01   3.56504676476294e-02   1.54975738969890e-01
  4.84481997215284e-01   5.23620119566330e-01   5.89361362710141e-02   9.39777481083592e-01
  5.13871784412353e-01   3.11432792659663e-01   2.94918251831869e-02   8.05037802278240e-01
  8.65876660096636e-01   1.32726572586438e-01   1.58784447474529e-02   1.63068210818332e-01
  4.16741286423415e-01   3.39919944724282e-01   5.21904076956385e-02   8.03890045610009e-01
  7.70340562290171e-01   2.67495368738545e-01   8.17621125768427e-02   4.53859816288307e-01
  9.53727985414891e-01   5.07059287631004e-01   9.67623270733906e-02   1.31630170064142e-01
  4.13162285530205e-01   8.86750953157291e-02   8.31040825295691e-02   2.43968000137293e-01
  9.27937170341977e-01   9.37387280815038e-01   5.72034482159921e-02   4.14604448354687e-02
  2.19826381370716e-01   8.71515503435827e-01   8.60617940856836e-02   2.29824180851659e-01
  8.62933894809995e-01   9.75337559143629e-01   6.28756174175518e-02   3.03651625940390e-02
  7.87798209435996e-01   7.19138456063466e-01   9.63270449466482e-02   4.34211190571465e-01
  5.55490216166291e-01   7.03083701898312e-01   8.92873914908935e-03   7.84168848278394e-01
  5.30932108244292e-01   7.48080883880607e-01   1.40806427437431e-02   6.98229944770473e-01
  4.00209485538329e-01   4.47410756113486e-01   1.42593391359313e-02   9.25193873193304e-01
  2.30073579483634e-01   5.19528211685407e-01   5.15452625082378e-02   6.27492339569284e-01
  1.21737198008524e-01   2.78342316414657e-01   1.56488489258861e-02   2.81919708767173e-01
  5.29623109416843e-01   7.65809983241953e-01   9.81462574428719e-02   6.06531747827375e-01
  6.16811547512332e-01   8.36086181982726e-01   1.35390459031770e-02   4.53598365707081e-01
  6.62240638008384e-01   1.73432724306522e-01   6.25847411947235e-03   4.49629806520661e-01
  9.75882582578030e-01   6.30424059191880e-01   5.32448221574664e-02   6.58746645133994e-02
  5.36086146886225e-01   4.18878396939219e-02   1.47439413605264e-03   1.30183170693160e-01
  8.31965078106331e-01   3.50554218722529e-01   3.66449390998373e-02   4.33257030173347e-01
  3.84719298284489e-01   7.31520402094996e-01   9.30490807611562e-02   6.37201879379764e-01
  1.57832307587548e-01   4.93393496759561e-01   8.20986810572109e-02   4.38649760781095e-01
  4.44276146043139e-01   1.79241122712568e-01   4.43271636400727e-03   5.23358767051188e-01
  2.75810580691106e-01   7.99616397085970e-01   4.26776205453599e-02   4.30162764263648e-01
  7.52312594159818e-01   5.80646035565852e-01   6.30682983503863e-02   6.38532941097282e-01
  6.89926757152988e-01   2.46222234769393e-02   6.96035262615431e-02   5.96795322496124e-02
  4.95300966761181e-01   7.65047356365028e-01   5.09914691083652e-02   6.39805910829068e-01
  7.38274680333168e-01   8.86249631217983e-01   2.06779546927673e-02   2.51109801060437e-01
  2.37516560600122e-01   9.29314780238260e-01   2.39033366791677e-02   1.46024010592872e-01
  9.64658077981533e-01   7.05757194440472e-01   4.64693950997106e-02   8.44831870241191e-02
  8.89507272596665e-01   5.14926067815890e-01   6.48679442764269e-02   3.18745820178955e-01
  9.21620581104332e-01   3.61510269499178e-01   3.10925575953542e-03   2.20369162439340e-01
  6.29576853687624e-01   2.47392635971157e-02   5.79840854015751e-03   7.08908046641515e-02
  3.94976854462909e-01   3.68786466620100e-02   7.03873370497743e-02   1.02023942975875e-01
  7.41896136423200e-01   4.82511295965561e-02   9.34583296203122e-02   9.98156353257471e-02
  1.23081324406714e-01   6.79469425289029e-01   9.66677223946712e-02   2.89734507569027e-01
  7.11860334153406e-02   3.15547881667536e-01   5.05244445316442e-02   1.76546222072081e-01
  8.75790409489636e-01   4.98412902151898e-01   9.23629874258031e-02   3.47241699223079e-01
  5.85759463460336e-01   9.29333820108096e-01   1.10088680596208e-03   2.12011580873386e-01
  7.00152634205035e-01   7.36518183742208e-01   7.82549800822815e-02   5.51296224092127e-01
  7.50771614162045e-01   6.89138784546603e-02   5.31711289078610e-02   1.43779641878425e-01
  6.99028781651089e-02   4.10694808845851e-01   2.77377208056737e-02   2.03674952338011e-01
  7.38574769745379e-01   8.88165176650597e-01   8.91041346236695e-02   2.30721952284561e-01
  2.45625620105946e-01   9.77555923654477e-01   7.64630061620907e-02   4.55565846096369e-02
  6.69733882970809e-01   7.02877328760926e-02   5.37540251834770e-02   1.78871517361941e-01
  3.07123060935513e-01   2.21393597798639e-01   5.75260982623402e-02   4.97637716500000e-01
  5.36391322167562e-01   5.50794924658195e-02   5.39951726674366e-02   1.62174246234618e-01
  7.19136552727208e-01   1.34636852677299e-01   6.44576293555876e-02   2.97446875383923e-01
  8.08407075149946e-01   3.84370131987822e-01   6.48180985916416e-02   4.96467275181086e-01
  1.48622712830856e-01   3.13717001110949e-01   5.21427696614304e-02   3.56402017002697e-01
  3.66824391646277e-01   5.07363093027551e-01   1.21608457296419e-02   9.02603861223734e-01
  7.05390974901019e-01   4.72814726461368e-01   6.68355887847986e-02   7.45219298182705e-01
  1.37313407769465e-01   9.16348529795182e-01   7.32113849155960e-02   1.01051034635620e-01
  5.21652215736663e-01   5.02024832532739e-01   6.47959916561956e-02   9.35862583628910e-01
  2.13287719544502e-01   9.47694865622560e-01   5.39266818868492e-02   9.63251578694101e-02
  4.02019021526592e-01   4.61377101420652e-01   4.13995892187536e-02   9.08116751201655e-01
  5.12036227116309e-01   3.64112015576050e-01   5.50300651500220e-02   8.61515991381341e-01
  2.44985076625037e-01   6.05603430616193e-01   1.63154651845019e-02   6.47422900538361e-01
  4.40710235424806e-01   9.25556877811220e-01   3.80813686691941e-02   2.19334832535117e-01
  8.70629585371772e-01   5.84821622499754e-01   9.75109476134013e-02   3.46385877135728e-01
  6.37095639462917e-01   4.04802185794662e-02   6.19236225287430e-02   1.08414478401329e-01
  1.12807451256671e-01   6.30052680160063e-02   5.71583302057221e-02   6.44979119468002e-02
  3.28489815428633e-01   6.87569065671417e-01   6.66727940941289e-02   6.68118029494449e-01
  9.50430303611425e-01   1.96606627792825e-01   3.63378867266243e-02   8.66578512031334e-02
  4.66693972912292e-01   6.73580476629083e-01   8.78218212929875e-02   7.79689658937248e-01
  7.81965999346497e-01   7.52379468946691e-01   1.42840212898361e-02   4.37781126284828e-01
  6.76962657912914e-01   6.76724116509410e-01   5.96127238461521e-02   6.80576639564788e-01
  2.65324931302271e-01   2.06509317123399e-01   1.82453170039002e-02   4.39321193447374e-01
  9.17884711610145e-01   8.36115706764539e-02   4.86880896516855e-02   6.31375014798573e-02
  8.00241862237531e-01   5.72678527512647e-01   3.58375857106933e-02   5.52055501005392e-01
  8.30730648701988e-01   6.61238364845682e-01   9.09961222640565e-02   4.05305251403002e-01
  2.44405068540933e-01   8.19575845173701e-01   2.28911992265343e-02   3.64618523414149e-01
  7.77483427444614e-01   3.83303241803487e-01   3.38032321120109e-02   5.81021907380393e-01
  3.69402299664825e-01   8.71574384766009e-01   2.74095732646519e-02   3.50411730631551e-01
  5.48724923499519e-01   1.62501177898501e-01   9.49154176578978e-03   4.78408331887872e-01
  3.79398528959494e-01   3.56165065910941e-01   3.73639106245083e-02   8.05567993883489e-01
  5.65308002684358e-01   9.83061238629737e-02   8.00190717854496e-02   2.74979337430311e-01
  8.81155636210784e-02   8.50151659491195e-01   1.98159295408355e-02   1.21559304098980e-01
  7.16124842773425e-01   4.73413570450653e-01   5.92902285946802e-02   7.31425167276539e-01
  5.48170680777074e-01   4.36500027771229e-01   9.70846989604745e-02   8.80429645435820e-01
  6.67571151250886e-02   3.94880537271793e-01   1.99533246441106e-02   1.93099408388015e-01
  9.25912480748135e-01   1.79045125429436e-01   9.15297033400730e-02   1.12382522511099e-01
  5.74666004853202e-01   7.67288978459751e-01   1.04219773706157e-02   6.42746221022438e-01
  6.41735591296064e-02   8.00652156501083e-02   9.64067979298784e-02   4.53149521627047e-02
  6.66709635046961e-01   5.07172189340814e-01   8.34144618774515e-02   7.97319639243335e-01
  2.28120362833751e-01   1.21307614523187e-01   6.23928062745116e-02   2.29726189121571e-01
  5.05468006210395e-01   4.13979755533201e-01   8.64356923935270e-02   8.84772751703921e-01
  3.66677777024533e-01   3.70935781372991e-01   6.19308532203687e-02   7.89711126214494e-01
  6.31240816871648e-01   2.17150512380579e-01   6.71576929284945e-02   5.40617265214310e-01
  8.96232763661331e-01   4.64892861123817e-01   1.63875653204731e-02   3.13198285125690e-01
  4.36465625945759e-01   2.39702027353247e-02   4.53764798090191e-02   7.05102223574641e-02
  9.01599524475145e-01   3.41583263088808e-01   2.72884133209671e-02   2.60224257904652e-01
  8.07223165512352e-01   6.27097917713508e-01   3.22076121333233e-02   5.08085918560250e-01
  7.07750380089597e-01   7.78294505906432e-01   7.94716666775177e-03   5.05702743405561e-01
  8.48160549341903e-01   8.48250257009977e-01   2.80627939773231e-02   2.04931788384916e-01
  8.64138765463981e-01   9.03799304802947e-02   8.24745156092203e-02   1.06904883183162e-01
  7.79223639323442e-01   9.13012591877424e-01   5.82563833841661e-02   1.62900435246905e-01
  9.61404811499454e-01   5.75847152471867e-02   5.42816189749030e-02   2.06270522968842e-02
  8.04898536424555e-01   9.78671834471768e-01   1.16237589270659e-02   3.80771791707355e-02
  7.46720359662299e-01   1.46751189240476e-01   5.35824228553757e-02   3.01427462756991e-01
  2.60428426322662e-02   4.89047956041166e-01   5.63981399576025e-02   7.72542710794447e-02
  3.90629150946550e-01   2.46073870756715e-02   8.00198602917848e-02   6.71933595998186e-02
  8.14407832140648e-02   4.14976568843273e-01   9.43260948140975e-02   2.22398268516912e-01
  3.93028688254404e-01   4.84731464446697e-01   6.21326711515991e-02   8.86887029444391e-01
  2.02569068164706e-01   3.82149776733912e-01   6.47466003477306e-02   5.19730846682259e-01
  7.88760421078091e-01   8.34935735945543e-01   2.52299543713038e-02   2.97791977843939e-01
  4.72425214244524e-01   8.57963945821880e-01   1.55735274701804e-02   4.23382070297927e-01
  1.60401699785240e-01   1.08619877961943e-01   7.65750622311892e-02   1.49828938640714e-01
  3.71288095518063e-02   7.88791212997524e-01   4.57102459171522e-02   6.85165178842037e-02
  9.15014712109103e-01   4.15248082333434e-01   5.13937619859199e-02   2.41943084510602e-01
  5.81875971942446e-01   5.28438795066282e-01   1.09901075540520e-02   9.52851809596893e-01
  6.68181405694701e-01   3.56425630611451e-01   5.85170803145440e-02   7.33644689939029e-01
  4.25027963774890e-01   2.09524618669548e-01   2.82529223817276e-02   5.78479191695041e-01
  9.04774812041118e-01   7.43335348107386e-01   1.01347873553897e-02   2.10596216393793e-01
  4.61397777137086e-01   8.86336723699446e-01   1.22282272996206e-02   3.42813765969853e-01
  6.82684020882625e-01   5.67936608116127e-01   7.20868102066446e-02   7.64362275930735e-01
  6.38229702859810e-01   8.80847534643910e-01   2.39893704870380e-02   3.23947115145100e-01
  9.03423784971375e-01   4.04306347909353e-01   1.63153851660959e-03   2.84910647141505e-01
  9.68586106587795e-01   5.71346575274905e-01   4.78182193774781e-02   9.16364086173356e-02
  8.64047148148778e-01   2.58476770592579e-01   8.12071778772382e-02   2.77455109692327e-01
  2.85298351987610e-01   9.03850695682924e-01   4.36323285833346e-02   2.22550893047188e-01
  5.87243005628854e-01   7.19546133497733e-01   7.10954447713291e-02   6.92304540049428e-01
  2.80213711463536e-02   2.55960650632704e-01   5.63042365907866e-02   5.98978946602130e-02
  8.83801557397223e-01   4.80115718255359e-01   7.70479650699026e-02   3.30208439565916e-01
  2.80286409131602e-01   1.61792826290409e-01   4.82889497109040e-02   3.57807876742317e-01
  1.25067327684597e-01   9.57407655167531e-01   7.40152104447145e-02   4.74811021460117e-02
  3.16073978948609e-01   2.01269617776189e-01   7.27444181430646e-02   4.60762984469620e-01
  2.61148140275388e-01   4.64994073732356e-01   2.42696061269517e-02   7.09807012661696e-01
  1.40436286257691e-01   2.05626394739628e-01   7.43120666845692e-02   2.38883439430077e-01
  6.24081024103517e-01   6.46970224003655e-02   4.57529177009982e-02   1.78468374930213e-01
  8.13521333476132e-01   9.07048508665406e-01   3.76844082689296e-02   1.53359187871697e-01
  8.58192539696530e-01   7.79197834634022e-02   1.17193918381418e-02   1.03232176149544e-01
  6.13142135348298e-01   8.46605978593600e-01   6.09074779661097e-02   4.09145017766882e-01
  7.52203743307756e-01   6.23632974439673e-01   2.78189885091576e-02   6.32290248805902e-01
  3.80793000234858e-01   8.84036220670110e-01   1.53168904520988e-02   3.26634964394095e-01
  7.59651905011299e-02   4.63544282182662e-01   1.35844191678649e-02   2.31716457192153e-01
  5.62154912099366e-01   3.73670239269702e-01   6.48042165287359e-02   8.48691000260651e-01
  9.41569596949541e-01   9.59325241156354e-01   1.43657858273898e-02   2.29340998114610e-02
  1.06166838703274e-01   8.71248327444202e-01   1.21831373871168e-02   1.27300352373758e-01
  3.70641112327252e-01   8.93236745431823e-01   7.15375645336374e-02   2.81733753995082e-01
  5.05457708043388e-01   1.60306099280087e-01   2.44291233306367e-02   4.71030375208339e-01
  6.93902031626369e-01   2.20271927684138e-01   8.70975852088574e-02   4.80203694630824e-01
  4.33773608191663e-01   5.55223073240501e-01   1.70886019760341e-02   9.47628540404351e-01
  2.27591274227839e-02   4.85930079800851e-01   4.28043624780064e-02   6.84169454350526e-02
  2.31385899172637e-01   1.46738242114266e-01   5.05692598786822e-03   2.94153932522087e-01
  4.00183616341152e-01   1.96207009397624e-01   9.24822746312168e-02   5.01940702577759e-01
  8.58502909057588e-01   7.23072522372823e-01   6.42058287446073e-02   3.08500711090974e-01
  1.10512161134186e-01   7.46657288802927e-01   2.94010723599322e-02   2.36154268911591e-01
  2.44826751578024e-01   5.03695413173156e-01   7.73604973071138e-03   6.90185111009169e-01
  6.23016548408103e-01   2.89657717565301e-01   9.44501107944694e-02   6.66180294242186e-01
  3.83206254753827e-02   2.25657170350578e-01   7.58443287957832e-02   7.25463680840576e-02
  3.07225232996654e-01   2.02982292661919e-02   4.61990935034334e-02   5.00566773359810e-02
  4.78675079456310e-01   8.04535890599493e-01   9.26302599232337e-02   5.24676747573120e-01
  3.51708293401738e-01   2.78778667495921e-01   1.60055825862860e-02   6.75454786488519e-01
  5.03707029769273e-01   8.37463347373329e-01   5.70278909757693e-02   4.61942824482151e-01
  5.23416357198939e-02   9.30876284664054e-01   2.11416983360895e-02   3.45409596971989e-02
  8.71749281498250e-01   4.68582888542669e-01   5.03515100706826e-02   3.71273525029100e-01
  2.47170416075184e-01   5.72922786054093e-01   5.18036455307675e-02   6.48466195508789e-01
  1.45246274815433e-01   5.75733475665446e-01   3.69865506013847e-02   4.12870910974767e-01
  1.21599105679175e-01   7.89761747135762e-01   4.44983880301791e-02   2.18879553525523e-01
  9.48261100115589e-01   9.54362740249827e-01   2.50995805898908e-02   2.25566745888462e-02
  5.03010497959984e-01   3.73923326265106e-01   4.67028959949621e-02   8.80980311361600e-01
  6.58032552072534e-02   7.26346974841362e-01   5.71821086047270e-02   1.46980121773257e-01
  3.21923013457291e-02   8.97032404174311e-01   1.17804148812705e-02   3.17220713041580e-02
  8.40547624636428e-01   1.49616183204893e-01   9.79705162355689e-02   1.97463755691571e-01
  5.91356696124815e-01   5.60487995655433e-01   4.13155892977687e-02   9.04198579218695e-01
  4.09426430197174e-01   3.10402234789610e-01   8.26209235603622e-02   7.32288648306774e-01
  1.14193683121215e-01   7.61811840856292e-01   5.86404961600068e-02   2.25453292003586e-01
  5.22905365219592e-01   3.31395313307507e-01   7.04137870493557e-02   8.02945916533778e-01
  8.09519043280302e-01   1.36326024359249e-01   1.07007405576840e-02   2.31498339863593e-01
  3.86129194005871e-01   7.67222981302896e-01   2.44420184030076e-02   6.10641987613841e-01
  5.59297512013936e-01   3.07578577099630e-01   6.45226758904104e-02   7.58661369693696e-01
  9.25870243991350e-01   2.37372926102417e-01   8.17732215339127e-02   1.44448725880569e-01
  7.23920617063589e-01   7.19576350199183e-01   3.65065677462398e-02   5.67425397645335e-01
  6.95000587493870e-01   6.68384838538960e-01   2.05993771440003e-03   7.04884566781197e-01
  1.19350418249035e-01   1.07329252656260e-01   2.22892347758828e-02   1.18523070887808e-01
  3.49627829582739e-01   3.83389326953635e-01   5.75413900270817e-02   7.85486613280557e-01
  2.52672765418465e-01   3.35127440903527e-01   5.00579706274035e-03   6.16439247190139e-01
  9.47100276126991e-02   1.73314540136806e-01   3.99049753264325e-02   1.45990407350168e-01
  1.41942538437564e-01   8.16679201633685e-01   7.85518231925022e-02   2.17362809978537e-01
  3.43513304530700e-02   7.85369953230786e-01   6.55952007637668e-02   6.30306470509888e-02
  8.79295214864093e-01   8.18791113327870e-01   6.94687368618686e-02   1.86316680881721e-01
  7.11996734686137e-01   6.64028346903726e-01   9.96706724233447e-03   6.77489015017706e-01
  7.93387115147355e-01   7.90771529315766e-01   6.52229529314703e-02   3.46296695103877e-01
  6.38064135316719e-01   9.53882877139733e-01   1.55909306044437e-02   1.29005303188138e-01
  1.90635522545483e-01   8.02886448968657e-01   3.92967658393711e-03   3.25938459617583e-01
  8.06121637395142e-01   7.48791430235752e-01   1.22097485176506e-03   4.05593078430432e-01
  8.68427614113610e-01   7.89844103259113e-01   9.00665641790933e-02   2.25392679018737e-01
  5.11535964583402e-02   2.58681038197569e-01   1.28558601706612e-02   1.14724608712277e-01
  5.87447276147094e-01   6.65239774983032e-01   6.46549997413528e-02   7.84036845199037e-01
  1.00922712281386e-01   9.51947494996344e-01   2.46456512588776e-02   4.57603300248874e-02
  5.79555504102426e-01   2.99528261405419e-01   5.85774634056772e-02   7.39049151642995e-01
  8.78823638522343e-01   4.27098753611470e-01   4.12215489655959e-02   3.47429709479640e-01
  5.28364277065851e-01   8.37825954788810e-01   7.54300427184253e-02   4.50940309051454e-01
  3.46584777606305e-01   2.95762557935382e-01   7.90976522257667e-02   6.56552278616067e-01
  4.72225004818697e-01   5.82923440891686e-01   9.22040476658681e-02   8.78853008158687e-01
  6.38054833776099e-01   5.44282436499117e-01   5.78270963445793e-02   8.48793039367836e-01
  2.12185026242812e-01   9.57673671624433e-02   2.95760777819260e-02   1.77962815559674e-01
  3.06401479457442e-01   8.04436668421930e-01   6.29135489766906e-02   4.44597503693889e-01
  2.10392457496380e-01   8.59237145022396e-01   3.47474296484016e-03   2.61808778503527e-01
  3.71587556711055e-01   9.30605125742399e-01   9.16782049676629e-03   1.97133055197479e-01
  3.99854265249846e-01   4.48195841165933e-01   5.41751818764956e-02   8.89494734284585e-01
  3.12821119946146e-01   3.73772739464521e-01   5.06621302039787e-02   7.30031179103443e-01
  3.50450358639512e-01   2.90960437197943e-01   8.77824171437658e-02   6.47578913847567e-01
  3.56350343768231e-01   6.00847478896724e-01   4.84803247572253e-02   8.15147379046196e-01
  1.58499154847943e-01   2.02812630680322e-01   3.56918519329700e-02   2.74304247754032e-01
  8.61700420728588e-01   6.91080259360883e-01   2.34102203065474e-02   3.39412603636186e-01
  2.22260702305063e-01   7.93129144502701e-01   6.88507123810913e-03   3.86378712968574e-01
  2.66457471145564e-01   5.49576973906224e-02   4.26292167946344e-02   1.22338352780764e-01
  9.70326907056292e-01   3.95901969304830e-01   8.01949577399117e-02   8.14440056493274e-02
  1.04394786766247e-01   6.80733512306431e-01   3.68600014286709e-02   2.61872603855162e-01
  1.26178248326547e-01   2.35206900304494e-01   1.76060270153083e-02   2.55556636569710e-01
  2.45134920445792e-01   3.94168110836173e-01   6.76468339916784e-02   6.15586661302894e-01
  2.81991439215614e-01   8.12771338159465e-01   3.50956339828696e-03   4.28246370849626e-01
  7.70745327777741e-02   3.56932436367781e-01   7.30399349601427e-02   2.00942984144281e-01
  2.56383738536445e-01   6.14404652936588e-01   6.66700331901404e-02   6.32076198938617e-01
  7.61466502397240e-01   6.44030824305189e-01   9.26000510882670e-02   5.59121832162992e-01
  8.73113677207539e-01   2.15981696563120e-01   3.83316754746805e-02   2.34577550158600e-01
  8.44056473003157e-01   2.65985366188385e-01   3.34531821894584e-02   3.37675046613109e-01
  5.64947036587442e-01   1.40414593050457e-01   8.33170215011627e-03   4.14676904392841e-01
  9.11328326595986e-01   2.20726129322170e-01   1.92391336109482e-02   1.72456630414320e-01
  6.34577296062237e-01   4.59153364810688e-02   8.30167476369682e-02   1.20777894197011e-01
  9.78052718893211e-01   3.32533306561367e-02   1.41062478778484e-02   7.08491810406547e-03
  7.50373194670300e-01   3.40842573824146e-02   1.58268514487169e-02   7.43130016031447e-02
  5.24987533000909e-01   2.81121201032027e-01   7.37538051923261e-02   7.16289150053374e-01
  6.98821434005747e-02   4.03651550769002e-01   6.23932783775150e-02   1.95466177697379e-01
  7.39159856326888e-01   2.23488454526815e-01   1.86442735982773e-02   4.63349816464066e-01
  2.39023232854735e-01   6.99787135877102e-01   8.27629344694319e-02   5.08948118255050e-01
  8.87209379667995e-01   7.89676878502505e-01   6.16450910838901e-02   2.00371360391433e-01
  1.28458587569736e-01   1.17740928777897e-01   6.49477599212206e-02   1.33152543850270e-01
  6.14002233167111e-01   5.79940898840202e-01   4.61667459763022e-02   8.66760008905793e-01
  9.37084123626408e-01   7.15597405298554e-01   9.89668851929433e-02   1.38783615684635e-01
  6.96815316702088e-01   6.77678418359060e-01   3.11227381628891e-02   6.70264900100426e-01
  3.23178412982560e-01   3.93139377988669e-01   8.15376913747421e-02   7.40178075350748e-01
  2.32926861840963e-01   1.57727570238836e-01   2.38108897383549e-04   3.17635734499098e-01
  2.56658220881698e-01   4.35442502004353e-01   8.78197171378927e-02   6.48254759558483e-01
  4.19364265011375e-01   6.46050682276885e-01   5.05706300388228e-02   8.25698660826994e-01
  6.95664111660817e-02   3.81855168113294e-01   3.75923208466778e-02   1.94690890215637e-01
  1.63008957553437e-01   5.24184489936174e-01   2.55320175975242e-02   4.76443531541644e-01
  5.32068857457778e-01   4.81444918134317e-01   1.40095857632241e-02   9.79600449766125e-01
  7.87840134959817e-01   3.69376826611483e-01   1.79789400068759e-02   5.56953016163020e-01
  5.70308222269407e-02   9.26565575222903e-01   5.75953742912828e-02   3.84978591152858e-02
  3.14746756918499e-01   9.41811579190567e-01   1.92115922745705e-02   1.49007884384564e-01
  2.76531169543023e-01   8.70682275536398e-02   6.79213380542659e-02   1.92880451338752e-01
  5.18897412780795e-01   4.00383190960473e-01   7.24159098782210e-02   8.84240322417978e-01
  3.27126607987352e-01   1.65496905291810e-01   6.51095141159942e-02   3.98856268024619e-01
  6.46204294818892e-01   5.30313173696768e-01   6.41409055962431e-02   8.37559645486723e-01
  3.22338013193912e-01   7.70729372657723e-01   9.44681679294374e-02   5.09685257570442e-01
  1.75494234869998e-01   2.39983698827695e-01   9.32512603381626e-02   3.27033927321109e-01
  3.47419481381946e-01   8.40228962028825e-01   2.73350305645592e-02   4.15535930023175e-01
  9.29886969201459e-01   6.00799261494685e-01   4.28866978519156e-02   1.99021049575781e-01
  6.84076200972508e-02   8.44753185826847e-01   9.13271184093174e-02   9.13222494298674e-02
  4.52771358414578e-01   9.26639451583131e-01   6.66191790909260e-02   2.11547463997707e-01
  1.38683721108889e-01   3.03905352551828e-01   4.88208565722332e-02   3.28246859457490e-01
  4.06567263637114e-01   4.44925923540953e-02   7.15818290656862e-02   1.24267104414065e-01
  3.33842287877708e-01   2.50286795238197e-01   4.13185343798023e-02   5.88974279258831e-01
  9.49524978475194e-01   8.31973262960522e-01   8.11604760751169e-02   7.34150609190120e-02
  5.92765222144695e-01   6.21850907879749e-01   3.83141137022450e-02   8.55534914927420e-01
  6.11394948571538e-02   8.73488408581377e-01   3.38347386009944e-02   7.14629422126042e-02
  2.84601584513217e-01   5.50106558241622e-01   2.68244886598797e-03   7.67971706103496e-01
  9.09621194560442e-01   4.75856005051125e-01   8.45796400125700e-02   2.56957535538807e-01
  7.71685357282978e-01   5.54836840272611e-01   4.87897104928449e-02   6.17155395704588e-01
  7.05807889182678e-01   2.16621576206256e-01   6.40635858107757e-03   4.99043984530769e-01
  4.43912688685050e-01   3.82927731050413e-01   8.02766643096485e-02   8.48697076502501e-01
  1.03810390936092e-01   4.29130881306132e-01   8.16574233292041e-02   2.88276770057430e-01
  2.51931643271249e-01   8.20983885517871e-01   3.31120311713453e-02   3.67124706642909e-01
  2.37757863908515e-02   2.30047820652083e-01   1.03502482089014e-02   4.88567666646722e-02
  7.92508175405986e-01   6.86715444653429e-01   4.07138551715922e-03   5.03223987030097e-01
  8.18715262295278e-01   5.20948681966760e-01   6.44881832563166e-02   5.04883723115706e-01
  4.48618721599482e-01   2.01726978885434e-01   7.81910629786109e-02   5.41060050935845e-01
  7.05348455844327e-01   5.05930672061912e-01   6.27435484973293e-02   7.50917374732192e-01
  6.61974339277646e-01   4.66143385693694e-01   8.19531323208541e-02   8.00894563745694e-01
  6.68737692456305e-01   9.95567502504213e-02   9.62838294327935e-02   2.41397825511053e-01
  5.74481786454658e-01   7.96383484732520e-01   8.92898450567574e-02   5.31689477782040e-01
  6.18157363678798e-01   7.80372631651645e-02   6.38812541531872e-02   2.12361946222762e-01
  5.49963680888053e-02   8.96047889463637e-01   1.80428992313712e-02   5.41780179738551e-02
  2.01244225349159e-01   9.60171660663133e-02   5.78635939403623e-02   1.65819661186964e-01
  6.50831934166481e-01   3.55121514664403e-01   9.97332596787785e-02   7.24307039906458e-01
  5.63634357461661e-01   8.33255162295864e-01   9.51004133356710e-02   4.46328757075030e-01
  8.47379906621954e-01   4.72700274661409e-01   1.03399347188998e-02   4.54947039153356e-01
  7.99823540510230e-01   3.22535497613071e-01   9.34000852167681e-02   4.55200705218528e-01
  7.05722452821651e-01   8.36437614984064e-01   1.81658469367449e-02   3.85425979010385e-01
  5.75515033958636e-01   1.92705848812685e-01   4.05785789394724e-02   5.31438182297937e-01
  5.07892214193244e-01   6.43648558258567e-01   9.07816114505915e-02   8.22512999388256e-01
  3.70482687564293e-01   7.16585514304473e-01   6.56344441662278e-02   6.69067941341972e-01
  9.74558389984568e-01   1.39469142707674e-01   1.14381102718727e-02   3.34943249804498e-02
  1.90914269578551e-01   5.24941883973469e-01   9.34398762563661e-03   5.57559020055450e-01
  4.97010375720911e-01   2.65039718471544e-01   5.75087924661065e-02   6.98868121775985e-01
  3.93850613575895e-01   8.65690795317905e-01   3.58279298786465e-02   3.73529392832517e-01
  9.30134444341690e-02   5.98508597409149e-01   5.95677450996243e-03   2.72776128371151e-01
  8.36007066250535e-01   3.89536244020915e-01   4.40678900234933e-02   4.43615816448209e-01
  6.42823011552978e-01   3.59706708537562e-01   1.43671831529470e-02   8.03435525496973e-01
  1.56432105331143e-01   5.88406652868028e-01   1.58185551051182e-04   4.53746248769401e-01
  7.65850995676531e-01   3.70445058341936e-01   3.14654140876204e-02   5.97372848820917e-01
  1.45304574985952e-01   6.70420055839295e-01   8.63407209167519e-02   3.48148931705151e-01
  8.60438968749141e-01   3.21286210508657e-01   4.16689245017364e-02   3.44880579431477e-01
  2.49801195839237e-01   8.44710417873366e-01   6.54212520911382e-02   3.10526087140278e-01
  2.94352927699313e-01   3.96196788821106e-02   8.41697489824522e-02   9.12253530911406e-02
  6.32417319127180e-01   7.51808653578469e-01   3.90028931468809e-02   6.18827815828537e-01
  2.07517814558181e-01   3.55253950080978e-01   4.46451643669479e-02   5.21574231423134e-01
  2.06535713521869e-01   6.51031482430689e-02   7.66257470589273e-02   1.13790911033685e-01
  5.49126449953214e-01   7.95295919403041e-01   1.02271104950086e-02   5.86597778626026e-01
  5.98708488409762e-01   3.82536829831665e-01   6.65401067032030e-02   8.31738407120493e-01
  7.80204662636538e-01   1.90313569246107e-01   2.93314666625206e-02   3.48295495410592e-01
  6.41990697281099e-01   6.69867267562356e-01   3.46628980179243e-02   7.50584428783233e-01
  6.52642930408765e-01   4.69169552620960e-01   8.98813112531863e-02   8.08087504628810e-01
  5.58579786422501e-01   7.16882225570168e-01   3.81988860647651e-02   7.35351006779606e-01
  6.37711996839219e-01   9.56024440023111e-01   6.74393168423952e-02   1.16975013902590e-01
  6.89940294743997e-01   4.82818828605211e-01   9.50377022308623e-02   7.52028098793726e-01
  8.08517635097804e-01   7.00059778676123e-01   9.67544362764515e-02   4.16090985276637e-01
  9.70407946127430e-01   3.18028916293839e-01   4.25015222338451e-02   7.48642524000192e-02
  3.81632453657507e-01   3.82775075997994e-01   1.88461544477443e-02   8.53167574113782e-01
  7.28154251262107e-01   2.14645886905884e-01   6.22892724284773e-02   4.42668405179989e-01
  4.68434398983776e-01   6.77822524324709e-01   3.52658371531839e-02   8.14943231748420e-01
  5.83359559491439e-01   6.84714146170655e-01   4.12508365655881e-02   7.75559127245351e-01
  3.00004052395790e-01   1.43058110181150e-01   2.11182342092957e-02   3.44232608978941e-01
  4.36282777612657e-01   6.25635025538141e-01   2.00558672822501e-02   8.86950064419255e-01
  3.15819138314066e-01   6.72154466641173e-01   8.78112812698660e-02   6.58143685916065e-01
  2.74921553699923e-01   2.46751626144849e-01   7.07889220005612e-02   4.96157062960435e-01
  9.64778362464515e-01   8.34348015599917e-01   7.84197494502098e-02   5.08186261487405e-02
  3.31234911163809e-02   1.72833719586754e-01   1.17911841948115e-02   5.30484466907560e-02
  3.00678029605580e-01   2.00648537868534e-02   4.02392575795543e-02   4.90544789897633e-02
  8.57272459392547e-01   4.87467962003314e-01   9.02948916779796e-02   3.96247096400310e-01
  1.75081126066246e-01   5.09375802428617e-01   8.81824173417680e-02   4.78938215492348e-01
  6.73115850826207e-02   7.42779779193242e-01   8.52587953716731e-03   1.50473342962772e-01
  4.56317340068602e-01   6.29817354370155e-01   3.12838587082225e-02   8.81703710013704e-01
  6.20421884683886e-01   5.43023293657380e-01   8.63683641735946e-02   8.45572573418273e-01
  8.49521534226578e-01   6.51070300866179e-01   9.82276037814298e-02   3.67583395107260e-01
  6.00000793759192e-01   1.94207407504447e-01   4.79646567291671e-02   5.19727711084972e-01
  2.75752810742886e-01   9.11680395488989e-01   2.35394287935761e-02   2.03915892944731e-01
  3.72073191021019e-01   5.84666553296210e-01   8.03557528601119e-02   8.20255215005111e-01
  3.82391727223822e-01   4.49836461313093e-01   8.85527358198044e-02   8.43887283251476e-01
  9.71907664131953e-01   4.19313213954353e-01   1.57678203742208e-02   8.40060303397529e-02
  9.88570826910789e-02   7.39396829114212e-01   8.42326674282801e-02   2.05366209596505e-01
  5.80738217875298e-01   8.70901796765971e-01   1.86373942459954e-02   3.74961248197870e-01
  5.70737667818064e-01   1.98475752302690e-01   6.24264987206751e-02   5.35513521267673e-01
  2.40772058135083e-01   9.17019469456389e-01   7.77685184337254e-02   1.63826483471005e-01
  1.07326329335231e-01   8.86342829396577e-01   4.92056783334559e-02   1.10149730605959e-01
  1.24701132398456e-01   8.80579406014679e-01   6.27487667044968e-02   1.31507532700183e-01
  2.76824979057676e-02   3.04222080910323e-01   5.12453146631414e-02   6.74414820550591e-02
  1.33366093610882e-01   1.75979613762056e-01   9.32096148513379e-02   1.94858685089289e-01
  6.97431376517045e-01   2.86660448860464e-02   9.66265770553501e-02   6.65266416410006e-02
  9.42259258897017e-01   2.04514357173988e-01   2.08878261394873e-02   1.05892714391124e-01
  3.90675308483865e-01   1.09198708964986e-01   7.68833116278837e-02   2.93579489717212e-01
  1.15172076752218e-01   6.78560469252124e-01   7.61072177681310e-02   2.78040936378970e-01
  8.85988956160749e-01   3.25830531481828e-01   3.87208540762629e-02   2.88158861696102e-01
  4.64398248874871e-01   8.09156851154010e-01   2.53159709995983e-02   5.46909327624315e-01
  7.29038302457181e-01   8.29324646697280e-01   3.21314015207047e-02   3.72232023527157e-01
  9.06276265786154e-01   6.68525419982405e-01   2.64784740342300e-02   2.44013022399641e-01
  5.49645385769842e-01   7.93003966158842e-01   4.52657031452663e-04   5.97807235795300e-01
  8.49120400526031e-01   8.64017895831288e-02   1.86352867052022e-02   1.20152492713505e-01
  6.02404322449521e-01   3.42767912084175e-01   6.50420642730087e-04   8.34754733555351e-01
  8.64946316909002e-01   8.94074407738052e-01   5.11131218693972e-02   1.27862703762189e-01
  3.39695059381335e-02   8.57362513118323e-01   9.00832127934781e-02   4.22233264487124e-02
  8.84740522928715e-01   6.08214590212735e-01   9.00792879885962e-02   3.05553545151803e-01
  8.31867004322589e-01   4.03197887841819e-01   5.42564715410940e-03   4.78289736228628e-01
  7.84511702916588e-01   1.04977993187093e-01   5.87640591424444e-02   1.91442053162427e-01
  5.28682862144435e-01   1.99385846598246e-01   5.48637434297647e-02   5.53071287457067e-01
  2.27355785199646e-01   2.96860308339421e-01   8.47363558345027e-03   5.21747690124237e-01
  6.08679607606740e-01   7.30906253165071e-01   6.44831154113774e-02   6.61563921115761e-01
  2.66538524467388e-01   9.17425320567865e-01   6.03105965822359e-02   1.79547620267476e-01
  4.79351421415386e-01   2.70009272263339e-01   6.36864206160794e-02   7.02949808354375e-01
  2.76572728152617e-01   1.31354927793516e-01   6.03234281599839e-03   3.04426752224032e-01
  9.73832666968704e-01   6.15717215442871e-01   8.08104166494062e-02   7.08645378082415e-02
  5.49396782917490e-01   8.58832669749898e-01   2.02764512001333e-02   4.15538700340520e-01
  6.46528733625583e-01   7.38116521470717e-02   9.10821165611140e-02   1.88190065898604e-01
  8.18426115490832e-01   5.40342546713180e-01   8.07821505330444e-02   4.94614180180610e-01
  8.90882685522522e-01   5.74949431981001e-01   2.97395421367659e-03   3.25894790549269e-01
  7.15955669831828e-01   2.02822725780911e-01   5.43245462177536e-02   4.39007156452343e-01
  5.07179192391850e-01   8.45492478928153e-01   1.14163913225710e-02   4.61217095086484e-01
  8.10202530725971e-01   7.92569495050140e-02   9.72376184064113e-02   1.25720222036308e-01
  4.15138194787941e-01   9.11396574690173e-02   7.16753137593854e-02   2.53842473433186e-01
  3.80022456147161e-01   4.51824241285312e-01   2.98368255421731e-02   8.92500601016579e-01
  8.54045119579605e-01   8.88634390292269e-01   4.25883325523069e-02   1.45476139007974e-01
  6.63176136259227e-02   7.66697628136966e-01   6.91426037690219e-02   1.29258644089439e-01
  3.97305620317532e-01   7.51888489672662e-02   3.67268235296205e-02   2.14047153104525e-01
  3.57214123737858e-01   9.61733144942759e-01   5.06917016487193e-02   1.02790875570628e-01
  3.24134653832970e-02   4.68550761350242e-01   7.64513948117018e-02   9.38062747400570e-02
  1.56409224910589e-01   2.20614314757482e-01   1.60338238392310e-04   3.01414130186878e-01
