# DNNF90 training history: one row per validation event
#  1:epoch  2:patience
#  3:cost_train    4:cost_val    5:cost_input   (per point;
#    the composite objective, Loss_term weights applied --
#    the same sum the optimizer descends)
#  6:cost_train_f  7:cost_train_df  8:cost_val_f  9:cost_val_df
# 10:cost_input_f 11:cost_input_df
# 12:rmse_train_f 13:rmse_train_df 14:rmse_val_f 15:rmse_val_df
# 16:rmse_input_f 17:rmse_input_df
# 18:mae_train_f  19:mae_train_df  20:mae_val_f  21:mae_val_df
# 22:mae_input_f  23:mae_input_df
# 24..: the same 21 metrics for each loss term in turn (2 terms: columns 24-44 are term 1, 45-65 term 2, ...)
1  0    0.14353E-01    0.95761E-02    0.14078E-01    0.13923E-01    0.43040E-02    0.91332E-02    0.44293E-02    0.13647E-01    0.43112E-02    0.37363E+00    0.92779E-01    0.38053E+00    0.94120E-01    0.37403E+00    0.92857E-01    0.27714E+00    0.70405E-01    0.25595E+00    0.71859E-01    0.27592E+00    0.70489E-01    0.32878E-01    0.21920E-01    0.32256E-01    0.32878E-01    0.00000E+00    0.21920E-01    0.00000E+00    0.32256E-01    0.00000E+00    0.25643E+00    0.00000E+00    0.20938E+00    0.00000E+00    0.25399E+00    0.00000E+00    0.16691E+00    0.00000E+00    0.11494E+00    0.00000E+00    0.16395E+00    0.00000E+00    0.74653E-03    0.75931E-03    0.74728E-03    0.00000E+00    0.74653E-02    0.00000E+00    0.75931E-02    0.00000E+00    0.74728E-02    0.44027E+00    0.12219E+00    0.46575E+00    0.12323E+00    0.44180E+00    0.12225E+00    0.35811E+00    0.12212E+00    0.35668E+00    0.12319E+00    0.35803E+00    0.12218E+00
200  0    0.10554E-01    0.88052E-02    0.10453E-01    0.10548E-01    0.54876E-04    0.88021E-02    0.30861E-04    0.10447E-01    0.53491E-04    0.32423E+00    0.10476E-01    0.34422E+00    0.78563E-02    0.32541E+00    0.10343E-01    0.23706E+00    0.67415E-02    0.24109E+00    0.53579E-02    0.23729E+00    0.66617E-02    0.24909E-01    0.21125E-01    0.24694E-01    0.24909E-01    0.00000E+00    0.21125E-01    0.00000E+00    0.24694E-01    0.00000E+00    0.22320E+00    0.00000E+00    0.20555E+00    0.00000E+00    0.22223E+00    0.00000E+00    0.16152E+00    0.00000E+00    0.14157E+00    0.00000E+00    0.16038E+00    0.00000E+00    0.95184E-05    0.52905E-05    0.92717E-05    0.00000E+00    0.95184E-04    0.00000E+00    0.52905E-04    0.00000E+00    0.92717E-04    0.38177E+00    0.13797E-01    0.41587E+00    0.10286E-01    0.38384E+00    0.13617E-01    0.29254E+00    0.11693E-01    0.31219E+00    0.91851E-02    0.29369E+00    0.11547E-01
400  0    0.10024E-01    0.85170E-02    0.99374E-02    0.99787E-02    0.45673E-03    0.84854E-02    0.31630E-03    0.98926E-02    0.44863E-03    0.31333E+00    0.30224E-01    0.33654E+00    0.25152E-01    0.31472E+00    0.29954E-01    0.22892E+00    0.21138E-01    0.23598E+00    0.18616E-01    0.22933E+00    0.20992E-01    0.23564E-01    0.20365E-01    0.23382E-01    0.23564E-01    0.00000E+00    0.20365E-01    0.00000E+00    0.23382E-01    0.00000E+00    0.21709E+00    0.00000E+00    0.20182E+00    0.00000E+00    0.21625E+00    0.00000E+00    0.15683E+00    0.00000E+00    0.13937E+00    0.00000E+00    0.15584E+00    0.00000E+00    0.79221E-04    0.54223E-04    0.77763E-04    0.00000E+00    0.79221E-03    0.00000E+00    0.54223E-03    0.00000E+00    0.77763E-03    0.36833E+00    0.39805E-01    0.40628E+00    0.32931E-01    0.37065E+00    0.39437E-01    0.28187E+00    0.36664E-01    0.30500E+00    0.31914E-01    0.28322E+00    0.36387E-01
600  0    0.81477E-02    0.77059E-02    0.81223E-02    0.80470E-02    0.10075E-02    0.76013E-02    0.10457E-02    0.80213E-02    0.10097E-02    0.26855E+00    0.44889E-01    0.29091E+00    0.45731E-01    0.26989E+00    0.44938E-01    0.19732E+00    0.25870E-01    0.20893E+00    0.27082E-01    0.19799E+00    0.25940E-01    0.19003E-01    0.18243E-01    0.18959E-01    0.19003E-01    0.00000E+00    0.18243E-01    0.00000E+00    0.18959E-01    0.00000E+00    0.19495E+00    0.00000E+00    0.19101E+00    0.00000E+00    0.19473E+00    0.00000E+00    0.14047E+00    0.00000E+00    0.13425E+00    0.00000E+00    0.14012E+00    0.00000E+00    0.17475E-03    0.17926E-03    0.17502E-03    0.00000E+00    0.17475E-02    0.00000E+00    0.17926E-02    0.00000E+00    0.17502E-02    0.31174E+00    0.59119E-01    0.34499E+00    0.59876E-01    0.31377E+00    0.59164E-01    0.23907E+00    0.44872E-01    0.26227E+00    0.46426E-01    0.24042E+00    0.44963E-01
800  0    0.49205E-02    0.43178E-02    0.48857E-02    0.42944E-02    0.62601E-02    0.34861E-02    0.83173E-02    0.42478E-02    0.63788E-02    0.21683E+00    0.11189E+00    0.22104E+00    0.12898E+00    0.21708E+00    0.11295E+00    0.15638E+00    0.69181E-01    0.15374E+00    0.82881E-01    0.15623E+00    0.69971E-01    0.10141E-01    0.83666E-02    0.10040E-01    0.10141E-01    0.00000E+00    0.83666E-02    0.00000E+00    0.10040E-01    0.00000E+00    0.14242E+00    0.00000E+00    0.12936E+00    0.00000E+00    0.14171E+00    0.00000E+00    0.84294E-01    0.00000E+00    0.69375E-01    0.00000E+00    0.83446E-01    0.00000E+00    0.10858E-02    0.14258E-02    0.11057E-02    0.00000E+00    0.10858E-01    0.00000E+00    0.14258E-01    0.00000E+00    0.11057E-01    0.25817E+00    0.14736E+00    0.26797E+00    0.16887E+00    0.25876E+00    0.14870E+00    0.20934E+00    0.11999E+00    0.21399E+00    0.14208E+00    0.20961E+00    0.12128E+00
1000  0    0.41269E-02    0.40671E-02    0.41234E-02    0.33834E-02    0.74350E-02    0.30352E-02    0.10319E-01    0.33633E-02    0.76014E-02    0.19054E+00    0.12194E+00    0.19158E+00    0.14366E+00    0.19060E+00    0.12330E+00    0.13920E+00    0.74109E-01    0.14095E+00    0.91338E-01    0.13930E+00    0.75103E-01    0.79897E-02    0.72844E-02    0.79496E-02    0.79897E-02    0.00000E+00    0.72844E-02    0.00000E+00    0.79496E-02    0.00000E+00    0.12641E+00    0.00000E+00    0.12070E+00    0.00000E+00    0.12609E+00    0.00000E+00    0.77505E-01    0.00000E+00    0.71947E-01    0.00000E+00    0.77189E-01    0.00000E+00    0.12896E-02    0.17690E-02    0.13176E-02    0.00000E+00    0.12896E-01    0.00000E+00    0.17690E-01    0.00000E+00    0.13176E-01    0.22635E+00    0.16060E+00    0.22916E+00    0.18810E+00    0.22651E+00    0.16233E+00    0.18452E+00    0.12854E+00    0.19023E+00    0.15658E+00    0.18485E+00    0.13018E+00
1200  0    0.26991E-02    0.30447E-02    0.27190E-02    0.18445E-02    0.85462E-02    0.17097E-02    0.13350E-01    0.18367E-02    0.88234E-02    0.13109E+00    0.13074E+00    0.13173E+00    0.16340E+00    0.13112E+00    0.13284E+00    0.94849E-01    0.77262E-01    0.96698E-01    0.10449E+00    0.94955E-01    0.78833E-01    0.43556E-02    0.41032E-02    0.43413E-02    0.43556E-02    0.00000E+00    0.41032E-02    0.00000E+00    0.43413E-02    0.00000E+00    0.93334E-01    0.00000E+00    0.90589E-01    0.00000E+00    0.93181E-01    0.00000E+00    0.59678E-01    0.00000E+00    0.60831E-01    0.00000E+00    0.59744E-01    0.00000E+00    0.14824E-02    0.22886E-02    0.15294E-02    0.00000E+00    0.14824E-01    0.00000E+00    0.22886E-01    0.00000E+00    0.15294E-01    0.15299E+00    0.17218E+00    0.15456E+00    0.21395E+00    0.15308E+00    0.17489E+00    0.12068E+00    0.13401E+00    0.12232E+00    0.17913E+00    0.12078E+00    0.13664E+00
1400  0    0.23059E-02    0.29975E-02    0.23458E-02    0.15329E-02    0.77297E-02    0.16178E-02    0.13797E-01    0.15378E-02    0.80798E-02    0.84267E-01    0.12434E+00    0.87167E-01    0.16612E+00    0.84437E-01    0.12712E+00    0.65522E-01    0.69993E-01    0.69952E-01    0.10730E+00    0.65777E-01    0.72145E-01    0.36199E-02    0.38827E-02    0.36348E-02    0.36199E-02    0.00000E+00    0.38827E-02    0.00000E+00    0.36348E-02    0.00000E+00    0.85087E-01    0.00000E+00    0.88122E-01    0.00000E+00    0.85262E-01    0.00000E+00    0.69548E-01    0.00000E+00    0.72489E-01    0.00000E+00    0.69715E-01    0.00000E+00    0.13407E-02    0.23652E-02    0.14005E-02    0.00000E+00    0.13407E-01    0.00000E+00    0.23652E-01    0.00000E+00    0.14005E-01    0.83659E-01    0.16375E+00    0.86479E-01    0.21750E+00    0.83826E-01    0.16736E+00    0.62565E-01    0.12140E+00    0.68140E-01    0.18395E+00    0.62890E-01    0.12505E+00
1600  0    0.17269E-02    0.22962E-02    0.17597E-02    0.10628E-02    0.66410E-02    0.10611E-02    0.12351E-01    0.10627E-02    0.69705E-02    0.89536E-01    0.11525E+00    0.86428E-01    0.15717E+00    0.89359E-01    0.11807E+00    0.67471E-01    0.67492E-01    0.64833E-01    0.97168E-01    0.67319E-01    0.69204E-01    0.25097E-02    0.25466E-02    0.25118E-02    0.25097E-02    0.00000E+00    0.25466E-02    0.00000E+00    0.25118E-02    0.00000E+00    0.70848E-01    0.00000E+00    0.71367E-01    0.00000E+00    0.70878E-01    0.00000E+00    0.49119E-01    0.00000E+00    0.48898E-01    0.00000E+00    0.49106E-01    0.00000E+00    0.11519E-02    0.21174E-02    0.12082E-02    0.00000E+00    0.11519E-01    0.00000E+00    0.21174E-01    0.00000E+00    0.12082E-01    0.10108E+00    0.15178E+00    0.95746E-01    0.20578E+00    0.10078E+00    0.15545E+00    0.80950E-01    0.11707E+00    0.76215E-01    0.16657E+00    0.80674E-01    0.11995E+00
1800  0    0.17675E-02    0.21800E-02    0.17913E-02    0.11790E-02    0.58849E-02    0.10567E-02    0.11233E-01    0.11719E-02    0.61935E-02    0.63961E-01    0.10849E+00    0.56237E-01    0.14989E+00    0.63541E-01    0.11130E+00    0.55158E-01    0.64696E-01    0.48454E-01    0.95853E-01    0.54771E-01    0.66494E-01    0.27841E-02    0.25360E-02    0.27700E-02    0.27841E-02    0.00000E+00    0.25360E-02    0.00000E+00    0.27700E-02    0.00000E+00    0.74620E-01    0.00000E+00    0.71218E-01    0.00000E+00    0.74431E-01    0.00000E+00    0.66561E-01    0.00000E+00    0.64740E-01    0.00000E+00    0.66457E-01    0.00000E+00    0.10207E-02    0.19257E-02    0.10735E-02    0.00000E+00    0.10207E-01    0.00000E+00    0.19257E-01    0.00000E+00    0.10735E-01    0.54827E-01    0.14288E+00    0.42411E-01    0.19625E+00    0.54181E-01    0.14653E+00    0.46782E-01    0.11222E+00    0.36820E-01    0.16432E+00    0.46201E-01    0.11526E+00
2000  0    0.12258E-02    0.14811E-02    0.12405E-02    0.77328E-03    0.45252E-02    0.69948E-03    0.78160E-02    0.76903E-03    0.47151E-02    0.59951E-01    0.95134E-01    0.56101E-01    0.12503E+00    0.59736E-01    0.97109E-01    0.49722E-01    0.58365E-01    0.47292E-01    0.81341E-01    0.49582E-01    0.59691E-01    0.18261E-02    0.16787E-02    0.18177E-02    0.18261E-02    0.00000E+00    0.16787E-02    0.00000E+00    0.18177E-02    0.00000E+00    0.60433E-01    0.00000E+00    0.57944E-01    0.00000E+00    0.60294E-01    0.00000E+00    0.49334E-01    0.00000E+00    0.49101E-01    0.00000E+00    0.49320E-01    0.00000E+00    0.78490E-03    0.13399E-02    0.81728E-03    0.00000E+00    0.78490E-02    0.00000E+00    0.13399E-01    0.00000E+00    0.81728E-02    0.59595E-01    0.12529E+00    0.54746E-01    0.16370E+00    0.59323E-01    0.12785E+00    0.50008E-01    0.10123E+00    0.46000E-01    0.13944E+00    0.49774E-01    0.10346E+00
2200  0    0.98017E-03    0.12474E-02    0.99559E-03    0.50697E-03    0.47321E-02    0.50537E-03    0.74199E-02    0.50687E-03    0.48871E-02    0.45278E-01    0.97284E-01    0.40776E-01    0.12182E+00    0.45031E-01    0.98865E-01    0.37064E-01    0.58319E-01    0.33344E-01    0.75032E-01    0.36849E-01    0.59283E-01    0.11972E-02    0.12129E-02    0.11981E-02    0.11972E-02    0.00000E+00    0.12129E-02    0.00000E+00    0.11981E-02    0.00000E+00    0.48932E-01    0.00000E+00    0.49252E-01    0.00000E+00    0.48950E-01    0.00000E+00    0.41814E-01    0.00000E+00    0.43170E-01    0.00000E+00    0.41891E-01    0.00000E+00    0.82078E-03    0.12720E-02    0.84710E-03    0.00000E+00    0.82078E-02    0.00000E+00    0.12720E-01    0.00000E+00    0.84710E-02    0.42394E-01    0.12812E+00    0.33431E-01    0.15950E+00    0.41924E-01    0.13016E+00    0.33575E-01    0.10116E+00    0.26326E-01    0.12863E+00    0.33152E-01    0.10276E+00
2400  0    0.98717E-03    0.11953E-02    0.99918E-03    0.48607E-03    0.50110E-02    0.48230E-03    0.71300E-02    0.48585E-03    0.51333E-02    0.59551E-01    0.10011E+00    0.53385E-01    0.11941E+00    0.59213E-01    0.10132E+00    0.45449E-01    0.62899E-01    0.40870E-01    0.79149E-01    0.45185E-01    0.63836E-01    0.11478E-02    0.11575E-02    0.11484E-02    0.11478E-02    0.00000E+00    0.11575E-02    0.00000E+00    0.11484E-02    0.00000E+00    0.47913E-01    0.00000E+00    0.48115E-01    0.00000E+00    0.47924E-01    0.00000E+00    0.33066E-01    0.00000E+00    0.30719E-01    0.00000E+00    0.32933E-01    0.00000E+00    0.86917E-03    0.12223E-02    0.88976E-03    0.00000E+00    0.86917E-02    0.00000E+00    0.12223E-01    0.00000E+00    0.88976E-02    0.66821E-01    0.13185E+00    0.56851E-01    0.15635E+00    0.66281E-01    0.13340E+00    0.54544E-01    0.10910E+00    0.48121E-01    0.13568E+00    0.54170E-01    0.11065E+00
2600  0    0.69277E-03    0.88037E-03    0.70359E-03    0.30265E-03    0.39012E-02    0.32568E-03    0.55469E-02    0.30397E-03    0.39962E-02    0.44396E-01    0.88332E-01    0.47317E-01    0.10533E+00    0.44570E-01    0.89400E-01    0.34205E-01    0.53870E-01    0.36739E-01    0.66918E-01    0.34352E-01    0.54623E-01    0.71468E-03    0.78164E-03    0.71849E-03    0.71468E-03    0.00000E+00    0.78164E-03    0.00000E+00    0.71849E-03    0.00000E+00    0.37807E-01    0.00000E+00    0.39538E-01    0.00000E+00    0.37907E-01    0.00000E+00    0.28259E-01    0.00000E+00    0.28146E-01    0.00000E+00    0.28252E-01    0.00000E+00    0.67667E-03    0.95090E-03    0.69267E-03    0.00000E+00    0.67667E-02    0.00000E+00    0.95090E-02    0.00000E+00    0.69267E-02    0.48671E-01    0.11633E+00    0.52168E-01    0.13791E+00    0.48882E-01    0.11770E+00    0.38573E-01    0.93438E-01    0.42878E-01    0.11472E+00    0.38824E-01    0.94680E-01
2800  0    0.61314E-03    0.80803E-03    0.62438E-03    0.19940E-03    0.41374E-02    0.18821E-03    0.61982E-02    0.19875E-03    0.42563E-02    0.32707E-01    0.90965E-01    0.32073E-01    0.11134E+00    0.32670E-01    0.92263E-01    0.26497E-01    0.55799E-01    0.25914E-01    0.70126E-01    0.26463E-01    0.56626E-01    0.47087E-03    0.45170E-03    0.46978E-03    0.47087E-03    0.00000E+00    0.45170E-03    0.00000E+00    0.46978E-03    0.00000E+00    0.30688E-01    0.00000E+00    0.30057E-01    0.00000E+00    0.30652E-01    0.00000E+00    0.24961E-01    0.00000E+00    0.23217E-01    0.00000E+00    0.24862E-01    0.00000E+00    0.71763E-03    0.10625E-02    0.73775E-03    0.00000E+00    0.71763E-02    0.00000E+00    0.10625E-01    0.00000E+00    0.73775E-02    0.34113E-01    0.11980E+00    0.33439E-01    0.14578E+00    0.34074E-01    0.12147E+00    0.27625E-01    0.96784E-01    0.27840E-01    0.12022E+00    0.27637E-01    0.98151E-01
3000  0    0.59016E-03    0.76021E-03    0.59997E-03    0.22539E-03    0.36477E-02    0.23978E-03    0.52043E-02    0.22622E-03    0.37375E-02    0.29245E-01    0.85414E-01    0.32149E-01    0.10202E+00    0.29421E-01    0.86458E-01    0.24853E-01    0.52404E-01    0.28067E-01    0.63952E-01    0.25038E-01    0.53070E-01    0.53224E-03    0.57548E-03    0.53470E-03    0.53224E-03    0.00000E+00    0.57548E-03    0.00000E+00    0.53470E-03    0.00000E+00    0.32626E-01    0.00000E+00    0.33926E-01    0.00000E+00    0.32702E-01    0.00000E+00    0.27449E-01    0.00000E+00    0.27990E-01    0.00000E+00    0.27480E-01    0.00000E+00    0.63270E-03    0.89216E-03    0.64784E-03    0.00000E+00    0.63270E-02    0.00000E+00    0.89216E-02    0.00000E+00    0.64784E-02    0.26488E-01    0.11249E+00    0.30817E-01    0.13358E+00    0.26760E-01    0.11383E+00    0.22946E-01    0.90895E-01    0.28123E-01    0.10963E+00    0.23248E-01    0.91988E-01
3200  0    0.63984E-03    0.68894E-03    0.64268E-03    0.36432E-03    0.27553E-02    0.30511E-03    0.38383E-02    0.36090E-03    0.28177E-02    0.52855E-01    0.74233E-01    0.51423E-01    0.87616E-01    0.52774E-01    0.75070E-01    0.43497E-01    0.45420E-01    0.42252E-01    0.56321E-01    0.43425E-01    0.46048E-01    0.86032E-03    0.73227E-03    0.85304E-03    0.86032E-03    0.00000E+00    0.73227E-03    0.00000E+00    0.85304E-03    0.00000E+00    0.41481E-01    0.00000E+00    0.38269E-01    0.00000E+00    0.41305E-01    0.00000E+00    0.30156E-01    0.00000E+00    0.28327E-01    0.00000E+00    0.30052E-01    0.00000E+00    0.47790E-03    0.65800E-03    0.48841E-03    0.00000E+00    0.47790E-02    0.00000E+00    0.65800E-02    0.00000E+00    0.48841E-02    0.59848E-01    0.97765E-01    0.59052E-01    0.11472E+00    0.59802E-01    0.98834E-01    0.53295E-01    0.78781E-01    0.52199E-01    0.96551E-01    0.53231E-01    0.79817E-01
3400  1    0.58257E-03    0.68964E-03    0.58874E-03    0.30120E-03    0.28137E-02    0.32916E-03    0.36048E-02    0.30281E-03    0.28593E-02    0.30081E-01    0.75016E-01    0.32432E-01    0.84909E-01    0.30222E-01    0.75622E-01    0.23626E-01    0.45883E-01    0.25912E-01    0.52399E-01    0.23758E-01    0.46259E-01    0.71127E-03    0.78998E-03    0.71574E-03    0.71127E-03    0.00000E+00    0.78998E-03    0.00000E+00    0.71574E-03    0.00000E+00    0.37716E-01    0.00000E+00    0.39749E-01    0.00000E+00    0.37835E-01    0.00000E+00    0.31878E-01    0.00000E+00    0.34444E-01    0.00000E+00    0.32024E-01    0.00000E+00    0.48803E-03    0.61797E-03    0.49561E-03    0.00000E+00    0.48803E-02    0.00000E+00    0.61797E-02    0.00000E+00    0.49561E-02    0.22906E-01    0.98796E-01    0.25973E-01    0.11117E+00    0.23096E-01    0.99560E-01    0.17565E-01    0.79585E-01    0.19817E-01    0.89827E-01    0.17696E-01    0.80183E-01
3600  1    0.39996E-03    0.47515E-03    0.40430E-03    0.18378E-03    0.21618E-02    0.17518E-03    0.29997E-02    0.18329E-03    0.22101E-02    0.33984E-01    0.65753E-01    0.31862E-01    0.77456E-01    0.33865E-01    0.66485E-01    0.27950E-01    0.40785E-01    0.27572E-01    0.51736E-01    0.27928E-01    0.41417E-01    0.43400E-03    0.42044E-03    0.43323E-03    0.43400E-03    0.00000E+00    0.42044E-03    0.00000E+00    0.43323E-03    0.00000E+00    0.29462E-01    0.00000E+00    0.28998E-01    0.00000E+00    0.29436E-01    0.00000E+00    0.24252E-01    0.00000E+00    0.24887E-01    0.00000E+00    0.24288E-01    0.00000E+00    0.37496E-03    0.51423E-03    0.38308E-03    0.00000E+00    0.37496E-02    0.00000E+00    0.51423E-02    0.00000E+00    0.38308E-02    0.36955E-01    0.86598E-01    0.33760E-01    0.10141E+00    0.36776E-01    0.87531E-01    0.30666E-01    0.70742E-01    0.29489E-01    0.88690E-01    0.30598E-01    0.71789E-01
3800  1    0.30041E-03    0.36363E-03    0.30405E-03    0.12223E-03    0.17818E-02    0.11297E-03    0.25066E-02    0.12169E-03    0.18236E-02    0.20115E-01    0.59696E-01    0.17477E-01    0.70804E-01    0.19972E-01    0.60392E-01    0.16862E-01    0.37020E-01    0.14130E-01    0.46590E-01    0.16705E-01    0.37572E-01    0.28863E-03    0.27113E-03    0.28764E-03    0.28863E-03    0.00000E+00    0.27113E-03    0.00000E+00    0.28764E-03    0.00000E+00    0.24026E-01    0.00000E+00    0.23286E-01    0.00000E+00    0.23985E-01    0.00000E+00    0.21276E-01    0.00000E+00    0.21892E-01    0.00000E+00    0.21311E-01    0.00000E+00    0.30906E-03    0.42971E-03    0.31609E-03    0.00000E+00    0.30906E-02    0.00000E+00    0.42971E-02    0.00000E+00    0.31609E-02    0.16667E-01    0.78620E-01    0.11675E-01    0.92705E-01    0.16418E-01    0.79510E-01    0.13620E-01    0.64212E-01    0.85848E-02    0.79868E-01    0.13327E-01    0.65125E-01
4000  1    0.22510E-03    0.26406E-03    0.22735E-03    0.94144E-04    0.13096E-02    0.99421E-04    0.16464E-02    0.94448E-04    0.13290E-02    0.21793E-01    0.51178E-01    0.18776E-01    0.57383E-01    0.21631E-01    0.51557E-01    0.18128E-01    0.31294E-01    0.15419E-01    0.37739E-01    0.17972E-01    0.31666E-01    0.22232E-03    0.23861E-03    0.22324E-03    0.22232E-03    0.00000E+00    0.23861E-03    0.00000E+00    0.22324E-03    0.00000E+00    0.21086E-01    0.00000E+00    0.21845E-01    0.00000E+00    0.21130E-01    0.00000E+00    0.17190E-01    0.00000E+00    0.17305E-01    0.00000E+00    0.17196E-01    0.00000E+00    0.22715E-03    0.28224E-03    0.23037E-03    0.00000E+00    0.22715E-02    0.00000E+00    0.28224E-02    0.00000E+00    0.23037E-02    0.22298E-01    0.67402E-01    0.16232E-01    0.75132E-01    0.21990E-01    0.67877E-01    0.18817E-01    0.54280E-01    0.14072E-01    0.64696E-01    0.18541E-01    0.54888E-01
4200  1    0.23676E-03    0.24826E-03    0.23743E-03    0.13878E-03    0.97978E-03    0.13080E-03    0.11745E-02    0.13832E-03    0.99102E-03    0.25914E-01    0.44267E-01    0.24302E-01    0.48467E-01    0.25824E-01    0.44520E-01    0.21331E-01    0.26997E-01    0.19163E-01    0.31836E-01    0.21205E-01    0.27276E-01    0.32773E-03    0.31393E-03    0.32695E-03    0.32773E-03    0.00000E+00    0.31393E-03    0.00000E+00    0.32695E-03    0.00000E+00    0.25602E-01    0.00000E+00    0.25057E-01    0.00000E+00    0.25571E-01    0.00000E+00    0.20115E-01    0.00000E+00    0.17813E-01    0.00000E+00    0.19984E-01    0.00000E+00    0.16994E-03    0.20135E-03    0.17178E-03    0.00000E+00    0.16994E-02    0.00000E+00    0.20135E-02    0.00000E+00    0.17178E-02    0.26141E-01    0.58300E-01    0.23747E-01    0.63459E-01    0.26007E-01    0.58613E-01    0.22224E-01    0.46826E-01    0.20127E-01    0.54577E-01    0.22101E-01    0.47278E-01
4400  1    0.15036E-03    0.21410E-03    0.15403E-03    0.81566E-04    0.68790E-03    0.11130E-03    0.10280E-02    0.83281E-04    0.70752E-03    0.16120E-01    0.37092E-01    0.18104E-01    0.45344E-01    0.16241E-01    0.37617E-01    0.12677E-01    0.22840E-01    0.14711E-01    0.29101E-01    0.12794E-01    0.23201E-01    0.19261E-03    0.26711E-03    0.19685E-03    0.19261E-03    0.00000E+00    0.26711E-03    0.00000E+00    0.19685E-03    0.00000E+00    0.19627E-01    0.00000E+00    0.23113E-01    0.00000E+00    0.19842E-01    0.00000E+00    0.16012E-01    0.00000E+00    0.20231E-01    0.00000E+00    0.16252E-01    0.00000E+00    0.11932E-03    0.17623E-03    0.12264E-03    0.00000E+00    0.11932E-02    0.00000E+00    0.17623E-02    0.00000E+00    0.12264E-02    0.12952E-01    0.48850E-01    0.13426E-01    0.59369E-01    0.12980E-01    0.49525E-01    0.10227E-01    0.39616E-01    0.10767E-01    0.49888E-01    0.10259E-01    0.40215E-01
4600  1    0.12384E-03    0.15405E-03    0.12558E-03    0.69688E-04    0.54151E-03    0.74877E-04    0.79174E-03    0.69987E-04    0.55595E-03    0.17351E-01    0.32909E-01    0.15561E-01    0.39793E-01    0.17253E-01    0.33345E-01    0.14100E-01    0.19587E-01    0.12331E-01    0.23697E-01    0.13998E-01    0.19824E-01    0.16456E-03    0.17970E-03    0.16542E-03    0.16456E-03    0.00000E+00    0.17970E-03    0.00000E+00    0.16542E-03    0.00000E+00    0.18142E-01    0.00000E+00    0.18958E-01    0.00000E+00    0.18189E-01    0.00000E+00    0.14275E-01    0.00000E+00    0.14783E-01    0.00000E+00    0.14304E-01    0.00000E+00    0.93926E-04    0.13573E-03    0.96365E-04    0.00000E+00    0.93926E-03    0.00000E+00    0.13573E-02    0.00000E+00    0.96365E-03    0.16746E-01    0.43342E-01    0.12585E-01    0.52101E-01    0.16532E-01    0.43901E-01    0.13972E-01    0.33974E-01    0.10580E-01    0.40623E-01    0.13774E-01    0.34362E-01
4800  1    0.11173E-03    0.11801E-03    0.11209E-03    0.71548E-04    0.40183E-03    0.63029E-04    0.54980E-03    0.71056E-04    0.41036E-03    0.18684E-01    0.28349E-01    0.15899E-01    0.33160E-01    0.18535E-01    0.28648E-01    0.14690E-01    0.17380E-01    0.11964E-01    0.21609E-01    0.14533E-01    0.17624E-01    0.16896E-03    0.15127E-03    0.16795E-03    0.16896E-03    0.00000E+00    0.15127E-03    0.00000E+00    0.16795E-03    0.00000E+00    0.18382E-01    0.00000E+00    0.17394E-01    0.00000E+00    0.18328E-01    0.00000E+00    0.13785E-01    0.00000E+00    0.12562E-01    0.00000E+00    0.13715E-01    0.00000E+00    0.69697E-04    0.94251E-04    0.71130E-04    0.00000E+00    0.69697E-03    0.00000E+00    0.94251E-03    0.00000E+00    0.71130E-03    0.18903E-01    0.37336E-01    0.14739E-01    0.43417E-01    0.18686E-01    0.37717E-01    0.15355E-01    0.30146E-01    0.11537E-01    0.37044E-01    0.15132E-01    0.30549E-01
5000  2    0.81317E-04    0.12392E-03    0.83775E-04    0.48467E-04    0.32850E-03    0.68759E-04    0.55158E-03    0.49637E-04    0.34137E-03    0.13952E-01    0.25632E-01    0.14908E-01    0.33214E-01    0.14009E-01    0.26129E-01    0.10852E-01    0.15522E-01    0.11087E-01    0.19837E-01    0.10866E-01    0.15771E-01    0.11445E-03    0.16502E-03    0.11732E-03    0.11445E-03    0.00000E+00    0.16502E-03    0.00000E+00    0.11732E-03    0.00000E+00    0.15130E-01    0.00000E+00    0.18167E-01    0.00000E+00    0.15318E-01    0.00000E+00    0.11249E-01    0.00000E+00    0.13664E-01    0.00000E+00    0.11386E-01    0.00000E+00    0.56979E-04    0.94557E-04    0.59171E-04    0.00000E+00    0.56979E-03    0.00000E+00    0.94557E-03    0.00000E+00    0.59171E-03    0.13020E-01    0.33758E-01    0.12053E-01    0.43487E-01    0.12966E-01    0.34401E-01    0.10561E-01    0.26923E-01    0.92460E-02    0.34006E-01    0.10484E-01    0.27337E-01
5200  3    0.40756E-03    0.41855E-03    0.40819E-03    0.36129E-03    0.46266E-03    0.36038E-03    0.58171E-03    0.36124E-03    0.46953E-03    0.42127E-01    0.30419E-01    0.38840E-01    0.34109E-01    0.41944E-01    0.30644E-01    0.35309E-01    0.18958E-01    0.30985E-01    0.21640E-01    0.35060E-01    0.19113E-01    0.85317E-03    0.86491E-03    0.85384E-03    0.85317E-03    0.00000E+00    0.86491E-03    0.00000E+00    0.85384E-03    0.00000E+00    0.41308E-01    0.00000E+00    0.41591E-01    0.00000E+00    0.41324E-01    0.00000E+00    0.35019E-01    0.00000E+00    0.34947E-01    0.00000E+00    0.35015E-01    0.00000E+00    0.80250E-04    0.99722E-04    0.81386E-04    0.00000E+00    0.80250E-03    0.00000E+00    0.99722E-03    0.00000E+00    0.81386E-03    0.42718E-01    0.40062E-01    0.36748E-01    0.44659E-01    0.42393E-01    0.40345E-01    0.35522E-01    0.32883E-01    0.28156E-01    0.37096E-01    0.35092E-01    0.33128E-01
5400  3    0.75119E-04    0.99208E-04    0.76508E-04    0.55437E-04    0.19682E-03    0.60409E-04    0.38799E-03    0.55724E-04    0.20785E-03    0.15247E-01    0.19840E-01    0.15731E-01    0.27856E-01    0.15275E-01    0.20389E-01    0.12496E-01    0.12139E-01    0.12632E-01    0.17483E-01    0.12503E-01    0.12447E-01    0.13091E-03    0.14498E-03    0.13171E-03    0.13091E-03    0.00000E+00    0.14498E-03    0.00000E+00    0.13171E-03    0.00000E+00    0.16181E-01    0.00000E+00    0.17028E-01    0.00000E+00    0.16230E-01    0.00000E+00    0.13158E-01    0.00000E+00    0.13387E-01    0.00000E+00    0.13171E-01    0.00000E+00    0.34139E-04    0.66512E-04    0.36027E-04    0.00000E+00    0.34139E-03    0.00000E+00    0.66512E-03    0.00000E+00    0.36027E-03    0.14523E-01    0.26130E-01    0.14735E-01    0.36472E-01    0.14535E-01    0.26843E-01    0.12009E-01    0.21055E-01    0.12092E-01    0.29971E-01    0.12014E-01    0.21575E-01
5600  4    0.69158E-04    0.11726E-03    0.71934E-04    0.52509E-04    0.16650E-03    0.88884E-04    0.28379E-03    0.54607E-04    0.17326E-03    0.14119E-01    0.18248E-01    0.15889E-01    0.23824E-01    0.14227E-01    0.18615E-01    0.11140E-01    0.10913E-01    0.12825E-01    0.14911E-01    0.11237E-01    0.11144E-01    0.12400E-03    0.21332E-03    0.12907E-03    0.12400E-03    0.00000E+00    0.21332E-03    0.00000E+00    0.12907E-03    0.00000E+00    0.15748E-01    0.00000E+00    0.20655E-01    0.00000E+00    0.16067E-01    0.00000E+00    0.12264E-01    0.00000E+00    0.17247E-01    0.00000E+00    0.12547E-01    0.00000E+00    0.28879E-04    0.48649E-04    0.30032E-04    0.00000E+00    0.28879E-03    0.00000E+00    0.48649E-03    0.00000E+00    0.30032E-03    0.12791E-01    0.24033E-01    0.11315E-01    0.31193E-01    0.12710E-01    0.24508E-01    0.10314E-01    0.18930E-01    0.96667E-02    0.25561E-01    0.10276E-01    0.19316E-01
5800  5    0.71753E-04    0.10239E-03    0.73520E-04    0.55649E-04    0.16103E-03    0.77969E-04    0.24423E-03    0.56937E-04    0.16583E-03    0.15970E-01    0.17946E-01    0.16830E-01    0.22101E-01    0.16021E-01    0.18212E-01    0.12778E-01    0.10327E-01    0.13203E-01    0.13538E-01    0.12802E-01    0.10512E-01    0.13141E-03    0.18712E-03    0.13458E-03    0.13141E-03    0.00000E+00    0.18712E-03    0.00000E+00    0.13458E-03    0.00000E+00    0.16212E-01    0.00000E+00    0.19346E-01    0.00000E+00    0.16406E-01    0.00000E+00    0.12477E-01    0.00000E+00    0.15244E-01    0.00000E+00    0.12634E-01    0.00000E+00    0.27931E-04    0.41868E-04    0.28744E-04    0.00000E+00    0.27931E-03    0.00000E+00    0.41868E-03    0.00000E+00    0.28744E-03    0.15789E-01    0.23635E-01    0.14773E-01    0.28937E-01    0.15732E-01    0.23977E-01    0.12999E-01    0.17912E-01    0.11746E-01    0.23208E-01    0.12926E-01    0.18221E-01
6000  6    0.15882E-03    0.24945E-03    0.16405E-03    0.13064E-03    0.28181E-03    0.20879E-03    0.40656E-03    0.13514E-03    0.28901E-03    0.25500E-01    0.23741E-01    0.29767E-01    0.28515E-01    0.25766E-01    0.24042E-01    0.21987E-01    0.14878E-01    0.26510E-01    0.18368E-01    0.22248E-01    0.15079E-01    0.30849E-03    0.50110E-03    0.31943E-03    0.30849E-03    0.00000E+00    0.50110E-03    0.00000E+00    0.31943E-03    0.00000E+00    0.24839E-01    0.00000E+00    0.31658E-01    0.00000E+00    0.25276E-01    0.00000E+00    0.21320E-01    0.00000E+00    0.27185E-01    0.00000E+00    0.21653E-01    0.00000E+00    0.48880E-04    0.69696E-04    0.50094E-04    0.00000E+00    0.48880E-03    0.00000E+00    0.69696E-03    0.00000E+00    0.50094E-03    0.25975E-01    0.31267E-01    0.28340E-01    0.37335E-01    0.26119E-01    0.31653E-01    0.22477E-01    0.25806E-01    0.26028E-01    0.31488E-01    0.22684E-01    0.26137E-01
