    1.7734002773E-01    1.5282147212E-01    2.3533986852E-02    2.5611811434E-01    2.3860806982E-01
    4.6248901215E-01    8.9247829052E-01    7.4363351864E-02    3.0962547405E-01    3.0581471315E-01
    7.8428808276E-01    6.0662341127E-01    3.8661903924E-02    5.5273832321E-01    5.6997024710E-01
    5.0961276478E-01    1.0163765115E-01    2.8451916232E-02    2.8367910570E-01    3.0507459000E-01
    9.4814323752E-01    5.6767692072E-01    8.6290371569E-02    1.3674522080E-01    1.4559781406E-01
    3.3060963528E-02    2.1144277228E-01    3.0066945648E-02    7.3019186690E-02    6.2046481725E-02
    6.7385367582E-01    4.3313398682E-02    1.3672904683E-02    1.1633546157E-01    1.1436438427E-01
    5.9899930933E-01    1.2078189388E-01    1.4146104264E-02    3.3296277700E-01    3.4774723582E-01
    5.2626033457E-01    5.2173347868E-01    5.3476497593E-02    9.5821746301E-01    9.4316045408E-01
    7.0745846754E-01    4.4599773887E-01    1.0128644733E-02    7.6762613334E-01    7.7581528085E-01
    8.8832506715E-01    1.8453225517E-01    8.1782031084E-02    1.7889372638E-01    1.7366902484E-01
    3.6460904562E-01    9.0577626226E-01    7.9360239217E-02    2.5951206433E-01    2.4569834227E-01
    1.8723214033E-01    8.1870565401E-01    8.9884133020E-02    2.9168912869E-01    2.7381614788E-01
    9.4012582385E-01    5.3548107315E-01    2.0878503434E-03    1.6446434953E-01    1.8544999395E-01
    2.4230645190E-01    7.1894538835E-01    2.7093891926E-02    5.1823002000E-01    5.1889963319E-01
    5.1096525236E-01    1.0195405298E-01    6.6111947275E-02    2.7782339038E-01    2.9478652888E-01
    3.4850065981E-01    5.5759301870E-02    1.1253980101E-03    1.4338809447E-01    1.5473691496E-01
    9.7108278128E-01    7.1308910955E-01    6.6040108329E-02    7.0696516709E-02    6.6651833445E-02
    7.9513119971E-01    2.0981934469E-01    4.9759337154E-03    3.6863795422E-01    3.6573003401E-01
    2.8393094165E-01    9.3103286820E-01    2.7214832948E-02    1.8938219952E-01    1.6288654650E-01
    8.8587361015E-01    3.6622531364E-01    7.7429915472E-02    2.8662164878E-01    2.9679983592E-01
    4.3226468940E-01    3.5238697747E-01    2.6341234453E-04    8.8535771736E-01    8.7398493163E-01
    3.3756337281E-01    9.2336427002E-01    7.4330154192E-02    2.1156096016E-01    1.9334326024E-01
    7.8699204571E-01    4.0756302001E-01    9.1581042528E-02    5.3192063029E-01    5.4300518976E-01
    9.7769776189E-01    7.2535649171E-01    9.8268643927E-02    5.3385804089E-02    4.8267135961E-02
    5.8165889855E-01    9.5742572598E-01    2.3573606096E-02    1.2790865330E-01    1.2602206089E-01
    8.8783739310E-01    8.9353937205E-02    3.3986064556E-02    1.0589388666E-01    9.2459266904E-02
    5.2341583428E-01    3.3943742228E-01    5.8338268539E-02    8.3090172817E-01    8.2423582919E-01
    6.9133926977E-01    2.1917230309E-02    6.5278719688E-02    5.8820575588E-02    5.3200068364E-02
    1.9855871822E-01    8.7018017082E-01    6.7772102828E-02    2.4199213095E-01    2.1668740191E-01
    1.1529499503E-01    3.2860737506E-01    4.5563687314E-03    2.9106453294E-01    3.0283973340E-01
    8.8662140065E-01    1.1056015092E-01    5.9000263977E-02    1.2165517633E-01    1.1198245858E-01
    1.3170632709E-01    4.1150220938E-01    9.4765786126E-04    3.6028930342E-01    3.8626110187E-01
    3.0647175554E-01    5.6891348163E-01    5.0623782267E-02    7.5967840800E-01    7.6256991333E-01
    9.0314231501E-01    7.6018423751E-01    2.3096392524E-03    2.0517793109E-01    2.0450631431E-01
    7.5968730412E-01    8.1770050286E-02    2.0660371575E-02    1.8352909588E-01    1.7059193105E-01
    2.8575968842E-01    8.6544755707E-01    8.8312743673E-02    3.1166221923E-01    2.9399434034E-01
    1.2415886725E-01    9.2727504966E-01    2.0813169131E-02    1.2102763882E-01    8.4369574954E-02
    1.0791113182E-01    1.3031541341E-01    4.5020924468E-02    1.4599158217E-01    1.2662315084E-01
    4.6999378298E-01    9.6779852515E-01    6.3063084919E-02    1.0331767324E-01    9.4475953227E-02
    6.7848986335E-01    3.8569428916E-01    9.2918791762E-02    7.2048116099E-01    7.2336673159E-01
    3.8097594536E-01    8.4468039682E-01    5.3908678261E-02    4.2029361364E-01    4.1380881194E-01
    9.4659533606E-01    6.5968293591E-01    6.8287512451E-02    1.3282077092E-01    1.3687154199E-01
    5.0777416413E-01    2.7991248763E-01    5.4422754661E-02    7.3027158548E-01    7.2983461561E-01
    3.4846299692E-01    3.5630376570E-01    4.8225525780E-02    7.6850321510E-01    7.6259089784E-01
    9.2796982426E-01    7.5080377271E-01    6.1641852164E-02    1.5110080384E-01    1.4890711894E-01
    8.3198973919E-01    2.1287755695E-02    1.0151317756E-02    5.4366648390E-02    3.3322266570E-02
    6.0556012390E-01    7.1843206686E-01    1.1663012117E-02    7.1964481464E-01    7.2311901877E-01
    4.0408459885E-01    1.1993328205E-01    7.8138551451E-02    3.1440650350E-01    3.2527434996E-01
    2.9886390060E-01    5.6335608828E-01    6.6799657346E-02    7.3667833555E-01    7.4051652864E-01
    5.5776330012E-01    3.4558648359E-01    4.1874926453E-02    8.4078173504E-01    8.3487311711E-01
    8.6003189919E-01    9.4424993944E-01    3.3775875597E-03    9.2614207302E-02    7.3929347566E-02
    6.1260059709E-01    6.6231072632E-02    8.5539161411E-02    1.7137443882E-01    1.7809405219E-01
    4.2942616820E-02    5.4836206893E-01    3.7198773619E-02    1.1368246560E-01    1.2815738098E-01
    2.1553319085E-01    7.6880729451E-01    9.2205231253E-02    3.8917298356E-01    3.7990777853E-01
    2.7780250209E-01    8.5252756476E-01    2.5207819523E-03    3.5852756514E-01    3.4151773337E-01
    4.6002473085E-02    6.9390958797E-01    8.5315551245E-02    1.1876661552E-01    1.0857350177E-01
    2.3899926973E-01    2.9690047772E-01    2.3334404265E-02    5.3497442418E-01    5.3554561113E-01
    4.2489442644E-01    4.8219726648E-01    4.3007600998E-02    9.4527416997E-01    9.3042826844E-01
    8.2508849529E-02    7.7988588305E-01    3.8509566879E-02    1.7551105445E-01    1.5735707142E-01
    4.8455252527E-01    3.9420958234E-02    9.4166856974E-02    9.9242656122E-02    1.1243248977E-01
    6.4633071435E-01    6.5802709826E-01    3.1575397742E-02    7.6120773677E-01    7.6381186936E-01
    6.1024494249E-01    7.6099493215E-01    7.4298560594E-02    5.9401105517E-01    5.9637671614E-01
    2.6782194785E-01    9.1344419981E-01    6.0078096445E-02    2.1389297930E-01    1.8871953654E-01
    8.7839812468E-01    6.9359538111E-01    8.3868182247E-02    2.7417769955E-01    2.8164332799E-01
    4.3718949519E-01    8.1782209312E-01    6.6031722551E-03    5.2572127954E-01    5.2763149642E-01
    2.8021633802E-01    8.8506759026E-01    3.7966705660E-02    2.8337798509E-01    2.6234016050E-01
    2.0848624325E-01    2.0793241772E-01    9.8789992917E-02    3.4379119136E-01    3.3582089392E-01
    3.5074602055E-01    9.5502375112E-01    5.8899410634E-02    1.3799660023E-01    1.1853289737E-01
    3.0243421232E-01    7.0030676083E-01    8.2595912340E-02    6.0738223025E-01    6.0617962817E-01
    1.3033104446E-01    3.3191238002E-01    2.0481988460E-02    3.2585205054E-01    3.3699296057E-01
    2.3123261084E-01    4.3414639504E-01    3.6583732520E-02    6.1418139618E-01    6.2699521260E-01
    9.4613748438E-01    1.8329362416E-01    7.3616031409E-02    8.7372435950E-02    8.5277242154E-02
    9.1184913731E-01    8.3589021258E-01    3.4157366110E-02    1.3990556478E-01    1.3032903039E-01
    2.5165201308E-01    8.4247949388E-01    2.5891773855E-02    3.4743920490E-01    3.2903600061E-01
    5.3367361514E-01    4.1049012777E-01    1.7854795976E-02    9.5273466017E-01    9.3866358380E-01
    2.9696195008E-01    7.0187244797E-01    6.4554829856E-02    6.0786558286E-01    6.0720524590E-01
    5.1111864601E-01    1.3949070756E-01    6.6682113424E-02    3.8216461961E-01    3.9706146663E-01
    5.7658965433E-01    7.0923733038E-01    1.7113242572E-02    7.5561418951E-01    7.5593988118E-01
    4.7499712606E-01    1.7094833459E-01    8.1671698681E-02    4.5990962082E-01    4.7052783864E-01
    8.6977073028E-01    1.1912542135E-01    1.0078880793E-02    1.6196434540E-01    1.4398693856E-01
    8.7326434993E-01    8.1752634473E-02    3.2666775514E-02    1.1036525853E-01    9.5362470704E-02
    8.8595106916E-01    3.3985370571E-01    6.0937769198E-02    2.8060038946E-01    2.8929128946E-01
    8.1890464318E-02    5.5182855642E-01    8.6180161166E-02    2.1910257273E-01    2.3060025895E-01
    2.1019975695E-01    8.7199487173E-01    4.7282512323E-02    2.5523773370E-01    2.2913267895E-01
    4.6992428809E-01    9.7130961653E-01    9.0286700331E-02    9.3730680994E-02    8.1970356872E-02
    2.3798584254E-01    9.7665564798E-01    2.0303498762E-03    8.9259487139E-02    4.9719911695E-02
    7.4277552784E-02    3.5500745308E-01    5.1484954472E-02    1.8679048665E-01    1.9737197459E-01
    4.0856001399E-02    3.3469803395E-01    1.9216058705E-02    1.0109182528E-01    1.0903761213E-01
    9.2132177386E-02    4.8628076678E-01    1.5427628711E-02    2.5213803740E-01    2.8084323278E-01
    4.7119130126E-01    3.1191475300E-01    1.2950026998E-02    8.2258700173E-01    8.1654450985E-01
    4.2285185351E-01    3.2164417043E-02    6.7344528505E-02    7.6771555486E-02    9.1629993559E-02
    5.4645700764E-01    8.2815917400E-01    4.1625987813E-02    4.8377565342E-01    4.8807652601E-01
    6.7722711703E-01    6.5432845842E-01    8.6668277010E-02    6.8515419555E-01    6.8954290129E-01
    3.2109571179E-01    4.8533865983E-01    8.3418886481E-02    7.7876836101E-01    7.7846569056E-01
    5.3427543226E-01    8.7973198426E-01    5.6126959660E-02    3.4506247433E-01    3.4700583957E-01
    7.0238919818E-01    3.7689935140E-01    6.9440612101E-02    6.9089564978E-01    6.9580220845E-01
    7.6649514793E-01    4.7065733826E-01    6.8248771447E-02    6.1055365426E-01    6.2325995498E-01
    1.8920232433E-01    2.4214699784E-01    3.6783889431E-02    3.7780156566E-01    3.7233169952E-01
    3.5763314943E-01    8.7886102303E-01    6.6276626452E-02    3.2544769489E-01    3.1370567718E-01
    7.2086677321E-01    9.2740890871E-01    8.6683290334E-02    1.6887704159E-01    1.5955340886E-01
    3.7244135710E-01    2.7209450754E-01    5.1985325405E-02    6.6250118739E-01    6.5993118704E-01
    8.2332662154E-01    2.0519423194E-01    6.4998844554E-02    3.0084090038E-01    2.9698632135E-01
    3.7209902194E-01    1.9904211803E-01    6.9841405766E-02    4.9995474579E-01    5.0284326487E-01
    1.6698297457E-01    1.1225578019E-01    2.7515251574E-02    1.8941327363E-01    1.6836098918E-01
    3.6042864435E-01    4.6490026165E-01    1.0091743865E-02    8.9982031822E-01    8.9098201538E-01
    5.8865086852E-02    6.0082021632E-01    1.8127123628E-02    1.5699959764E-01    1.7163295479E-01
    1.9858641427E-01    4.5135910170E-01    3.3759261329E-02    5.3934290693E-01    5.5845855417E-01
    8.0856202618E-01    3.0460354245E-01    1.8678252677E-02    4.4566497642E-01    4.5406676157E-01
    3.0979913551E-01    2.7572047504E-01    6.3295209937E-02    5.9459721806E-01    5.9171732072E-01
    7.6504990830E-01    3.9262844698E-01    6.8447106850E-02    5.8322808501E-01    5.9349725761E-01
    7.7847302321E-01    9.4943407138E-02    4.8078354951E-02    1.9127874871E-01    1.7967284590E-01
    8.5570466664E-01    6.2076322612E-01    9.5500368717E-02    3.5671729591E-01    3.7021580145E-01
    2.5780440997E-01    3.9138597685E-01    9.6066383305E-02    6.1680565245E-01    6.2074026336E-01
    8.7088548316E-02    7.4712671703E-02    4.7152682415E-02    7.6544562978E-02    5.9981471961E-02
    3.6195925565E-01    8.2334204196E-01    1.3053459432E-03    4.8151467286E-01    4.7753911563E-01
    9.9921639878E-02    5.4403289651E-01    1.3834683523E-02    2.7424226219E-01    3.0168555890E-01
    8.1093405631E-01    2.2080961723E-01    4.7677964659E-02    3.4336365343E-01    3.4138427687E-01
    1.8106807480E-01    3.6957849638E-01    9.0417319812E-02    4.4380547723E-01    4.5189107853E-01
    8.5001694365E-01    5.9584681657E-01    3.1720527347E-02    3.9894312707E-01    4.2015709689E-01
    6.7629464649E-01    4.0300070093E-01    9.7190711154E-02    7.3449391411E-01    7.3711403488E-01
    8.5734367742E-01    7.1369570125E-01    4.2071430303E-02    3.1657360883E-01    3.2548031019E-01
    8.7630596094E-01    9.6382088829E-01    8.7478374283E-02    4.4323373791E-02    3.9417505860E-02
    7.1646502006E-01    8.6671566296E-01    8.2651726317E-02    2.9419584158E-01    2.9138100104E-01
    4.0904602711E-01    5.8134111926E-01    1.4970077691E-02    9.2611547918E-01    9.1468205600E-01
    2.4990712295E-01    4.5369519941E-01    1.9076176233E-02    6.7462835627E-01    6.8638862783E-01
    2.5194786839E-01    7.8614081379E-01    3.1243244973E-02    4.3882694271E-01    4.2937149274E-01
    2.1113793016E-01    8.5751191644E-01    9.8363901382E-02    2.6314746186E-01    2.4185393825E-01
    5.5260901511E-01    9.7947035283E-01    7.3488802298E-02    6.8007457901E-02    5.9125084593E-02
    7.0964111428E-02    6.2606341869E-02    5.1343317150E-02    5.2676462467E-02    4.1071657512E-02
    7.7775477839E-01    9.7697732627E-01    2.1055086711E-02    6.4098445779E-02    4.5499531849E-02
    7.5959611700E-01    3.2506328608E-01    3.9128519490E-02    5.5393839130E-01    5.6238842447E-01
    7.8904924236E-01    8.9184090938E-01    7.1496568353E-02    1.9961187926E-01    1.9109066015E-01
    3.1574077177E-01    3.0357376860E-01    5.5752219398E-02    6.4926401098E-01    6.4614486848E-01
    5.7327780602E-01    9.5162912659E-01    1.3286814657E-02    1.4540995939E-01    1.4546375868E-01
    7.7768048827E-01    7.6596232223E-01    9.5435076571E-02    3.8833747657E-01    3.9254999476E-01
    4.3325636153E-01    4.6379197935E-01    3.6017084044E-03    9.8600900061E-01    9.6832790787E-01
    1.0987143969E-01    1.1278309180E-01    6.0213983430E-02    1.2799469241E-01    1.1062040006E-01
    6.0197425092E-01    9.0996586652E-01    4.6782715112E-02    2.5223288071E-01    2.5294141740E-01
    5.0932657992E-02    6.9467289976E-01    5.1216687611E-02    1.3077781485E-01    1.2401791633E-01
    8.3312127347E-01    3.8749142952E-01    3.6579180046E-02    4.3724860280E-01    4.5297983425E-01
    7.5452380321E-01    3.4912534856E-01    6.5732608108E-02    5.7311903390E-01    5.8119246960E-01
    5.1668314609E-02    7.3854838032E-01    4.4825801335E-02    1.2680480914E-01    1.1319098399E-01
    7.6149761657E-01    7.1579971840E-01    8.6942298144E-02    4.7872900565E-01    4.8686517795E-01
    3.3667761772E-01    5.1962586844E-01    1.0375187012E-02    8.6392133464E-01    8.6071629483E-01
    5.2603859526E-01    4.0424296472E-02    3.3441107349E-02    1.0224462758E-01    1.2213375415E-01
    2.0424878924E-01    9.3609846391E-01    8.4200575158E-02    1.3874965770E-01    1.0983378874E-01
    6.0610130815E-01    6.1999068301E-01    9.0902114696E-02    8.0643300528E-01    8.0321728307E-01
    8.0000224151E-01    1.1829589870E-01    8.9606966683E-02    2.0378637125E-01    1.9538093370E-01
    5.7888873607E-01    5.3294354803E-01    5.9745835738E-02    9.1957304296E-01    9.0904284880E-01
    1.2422747222E-01    3.2283303426E-01    3.8240603131E-02    3.0282437226E-01    3.1105362364E-01
    3.6733923232E-02    4.3925934760E-01    8.9616845064E-03    9.1554396363E-02    1.1206139889E-01
    5.1808331207E-01    3.8668499116E-01    1.9270024626E-02    9.3122374038E-01    9.1816054615E-01
    4.9805003418E-01    5.4402478135E-01    6.8322696710E-02    9.3988100188E-01    9.2584749094E-01
    1.7562849544E-01    8.9607978543E-01    9.8300674906E-02    1.7815899110E-01    1.5256465418E-01
    5.5222931644E-01    6.4182674309E-01    7.5144383911E-02    8.3348532636E-01    8.2661258640E-01
    5.5349522288E-01    7.6949118248E-01    6.1556730833E-02    6.1361194662E-01    6.1467434177E-01
    2.0392075535E-01    2.1660284942E-01    9.7157961544E-02    3.4923617544E-01    3.4166971519E-01
    2.2450458320E-01    5.6363061498E-01    9.0207747344E-04    6.1518970968E-01    6.3478892534E-01
    2.1308598293E-01    9.5023062255E-02    6.1450702888E-02    1.8495760538E-01    1.7176641895E-01
    7.2055780041E-01    7.5760680267E-01    5.3490752904E-02    4.9680594233E-01    5.0358868001E-01
    2.2104795542E-01    7.8617974738E-01    9.7245621554E-02    3.7338004424E-01    3.6182639334E-01
    2.1100988142E-01    4.6334148589E-01    7.5168416872E-02    5.5353508937E-01    5.6762188014E-01
    5.1223681615E-01    2.4431307709E-02    6.0570665960E-02    5.5902653619E-02    7.2174968858E-02
    3.7575864280E-01    9.1562878889E-01    5.6781241090E-02    2.4143446526E-01    2.2906105341E-01
    6.1359236177E-01    8.3794338516E-01    1.8850271994E-02    4.4129315951E-01    4.4827985727E-01
    1.5525326459E-01    6.7755974831E-02    7.1801742677E-02    1.0734097269E-01    9.2229335491E-02
    9.4861013521E-01    5.6985458577E-01    3.2996226632E-02    1.3773487085E-01    1.5186333309E-01
    7.2956741117E-01    9.5475786684E-02    9.3812768872E-02    2.0739933695E-01    2.0227653416E-01
    2.0319752227E-01    1.6802987037E-01    5.0177282605E-02    2.9787981770E-01    2.8564626323E-01
    4.5262363830E-01    9.5933616594E-01    2.0903751247E-02    1.2900266768E-01    1.2342071348E-01
    2.2760610623E-01    7.6107315793E-01    8.6003748936E-02    4.1848552694E-01    4.1081686625E-01
    5.8281420305E-01    8.1661973791E-01    4.4986882798E-02    4.9894990564E-01    5.0356726997E-01
    8.8362756140E-02    5.3955117083E-01    9.7468709277E-02    2.3614415026E-01    2.4699460701E-01
    1.6054680071E-01    2.2497615954E-01    1.4220586248E-02    3.1865431737E-01    3.0944984053E-01
    3.9337545964E-01    4.2880323545E-01    2.1275436947E-02    9.1461405349E-01    9.0175876278E-01
    7.7153051660E-02    8.2494083889E-01    7.9306762201E-02    1.3776735992E-01    1.1600203127E-01
    5.2166922517E-01    1.9841524876E-01    7.4796760700E-03    5.6482148158E-01    5.7811453947E-01
    3.4678389233E-01    3.4602356971E-01    3.6911850852E-02    7.6236948389E-01    7.5660491603E-01
    7.7769460243E-02    1.4214116425E-01    2.6322661149E-02    1.2230838925E-01    1.0178551500E-01
    5.5982139017E-01    5.6031878549E-02    5.6840736398E-02    1.4777461462E-01    1.6265262020E-01
    7.3267408264E-01    4.5398656856E-01    6.8019890040E-02    6.8024860805E-01    6.8892624467E-01
    7.4230600570E-01    3.5290026080E-01    5.9824405394E-02    6.0308479636E-01    6.1089222640E-01
    4.9597056856E-01    1.1127350759E-01    1.2927081507E-02    3.1527957386E-01    3.3813039229E-01
    6.9303690247E-01    3.8734429605E-02    7.8839819818E-02    9.6959183074E-02    9.2275061263E-02
    3.6631565593E-01    3.6601092047E-01    5.9921894453E-02    7.9266068321E-01    7.8553027851E-01
    6.1932371595E-02    8.7118700867E-01    2.4358807064E-02    1.0392612821E-01    7.4314498971E-02
    3.7660070945E-01    9.5746082258E-01    1.0830775624E-02    1.3700038529E-01    1.2204404420E-01
    3.7312931825E-01    2.6912380421E-01    1.7330964368E-02    6.7989143493E-01    6.7793717643E-01
    7.8483250187E-01    5.6920533466E-01    3.5112556763E-03    5.8675811180E-01    6.0881083514E-01
    4.0604333924E-01    8.1259850582E-02    5.6836417454E-02    2.1351847865E-01    2.2842085193E-01
    1.0972886901E-01    8.2300038294E-01    5.5632866592E-02    1.9189195938E-01    1.6884761524E-01
    2.4702058827E-01    4.0663066983E-01    8.6695933337E-03    6.5494914808E-01    6.6482552755E-01
    7.8843659867E-01    8.3260528948E-01    8.5098850993E-02    2.8700846416E-01    2.8466926838E-01
    2.5701207914E-01    6.1518577897E-01    1.3802089594E-02    6.5557003673E-01    6.6657700082E-01
    8.2192435076E-01    3.9154749505E-01    9.1948500807E-02    4.4530744960E-01    4.5681077521E-01
    6.7655249204E-02    1.0087317859E-01    1.9970453882E-02    8.6561430782E-02    6.4453793894E-02
    5.3197390050E-01    5.4426043697E-01    9.4664577242E-02    9.0791748056E-01    8.9746404508E-01
    4.6529747031E-01    3.4946736690E-01    6.8425770875E-02    8.3586014011E-01    8.2716917352E-01
    5.8147699747E-01    6.6427184252E-01    5.0713653264E-02    8.0417778624E-01    8.0034603403E-01
    5.3440251566E-01    6.3503179388E-01    8.8279659181E-02    8.3790171612E-01    8.3044352864E-01
    2.9830683830E-01    6.6961349046E-01    2.4871791982E-02    6.7465243467E-01    6.7731930571E-01
    3.0181455221E-01    4.0109656208E-01    7.6138585808E-02    7.1765029005E-01    7.1746351641E-01
    1.6813255492E-01    1.9559278893E-01    5.5958510594E-02    2.8653557152E-01    2.7494800268E-01
    4.8758273439E-01    9.2816738368E-02    5.6546600422E-02    2.5295544088E-01    2.7166648012E-01
    3.0673587931E-01    3.2910653069E-01    5.9310781599E-02    6.6811444438E-01    6.6560257500E-01
    7.2778070210E-01    5.8170449743E-01    7.6325650540E-03    7.1090105992E-01    7.2449935292E-01
    8.9893861318E-01    6.8729375090E-01    5.2959333485E-02    2.3843247664E-01    2.4646109890E-01
    9.1954454642E-01    1.0903111956E-01    6.2033596458E-02    8.3715175892E-02    7.9005269866E-02
    3.1777274844E-01    6.3291157801E-01    1.9113214464E-02    7.5219872744E-01    7.5398219230E-01
    1.1437108181E-01    2.7167712551E-01    4.9525724614E-02    2.5367896465E-01    2.5233925308E-01
    2.2518761317E-02    9.4843307917E-01    9.1289397744E-03    2.7761890175E-02    1.1298969814E-02
    6.2876085154E-01    1.0357945054E-01    8.7819992346E-03    2.8076560711E-01    2.9135458803E-01
    4.4277163193E-01    1.8878075814E-01    2.1279595950E-02    5.2707683555E-01    5.3847379753E-01
    5.3506783610E-01    7.7991479691E-01    3.0752407146E-02    6.1188000239E-01    6.1481794403E-01
    5.7784156079E-01    7.0586128049E-01    5.1289999644E-02    7.3723294638E-01    7.3609163180E-01
    4.9024165322E-01    2.8062163123E-01    7.6976649972E-02    7.1575110734E-01    7.1495980375E-01
    3.5304047641E-01    8.1730646106E-01    7.1618253986E-02    4.6080701664E-01    4.5293249976E-01
    1.5014816929E-01    8.8507120229E-01    3.5650467648E-02    1.8696716667E-01    1.5497573897E-01
    4.8448199722E-01    5.2362011957E-01    5.8936136271E-02    9.5521328025E-01    9.3977748108E-01
    5.1387178441E-01    3.1143279266E-01    2.9491825183E-02    8.0949957535E-01    8.0503780228E-01
    8.6587666010E-01    1.3272657259E-01    1.5878444747E-02    1.7916331386E-01    1.6306821082E-01
    4.1674128642E-01    3.3991994472E-01    5.2190407696E-02    8.1233122853E-01    8.0389004561E-01
    7.7034056229E-01    2.6749536874E-01    8.1762112577E-02    4.5049893283E-01    4.5385981629E-01
    9.5372798541E-01    5.0705928763E-01    9.6762327073E-02    1.2292995571E-01    1.3163017006E-01
    4.1316228553E-01    8.8675095316E-02    8.3104082530E-02    2.3150163678E-01    2.4396800014E-01
    9.2793717034E-01    9.3738728082E-01    5.7203448216E-02    4.4705014450E-02    4.1460444835E-02
    2.1982638137E-01    8.7151550344E-01    8.6061794086E-02    2.5294217221E-01    2.2982418085E-01
    8.6293389481E-01    9.7533755914E-01    6.2875617418E-02    3.9609836148E-02    3.0365162594E-02
    7.8779820944E-01    7.1913845606E-01    9.6327044947E-02    4.2641256498E-01    4.3421119057E-01
    5.5549021617E-01    7.0308370190E-01    8.9287391491E-03    7.8546311625E-01    7.8416884828E-01
    5.3093210824E-01    7.4808088388E-01    1.4080642744E-02    6.9674434035E-01    6.9822994477E-01
    4.0020948554E-01    4.4741075611E-01    1.4259339136E-02    9.3932839173E-01    9.2519387319E-01
    2.3007357948E-01    5.1952821169E-01    5.1545262508E-02    6.1255139280E-01    6.2749233957E-01
    1.2173719801E-01    2.7834231641E-01    1.5648848926E-02    2.8118849136E-01    2.8191970877E-01
    5.2962310942E-01    7.6580998324E-01    9.8146257443E-02    6.0799148988E-01    6.0653174783E-01
    6.1681154751E-01    8.3608618198E-01    1.3539045903E-02    4.4614457647E-01    4.5359836571E-01
    6.6224063801E-01    1.7343272431E-01    6.2584741195E-03    4.4221280843E-01    4.4962980652E-01
    9.7588258258E-01    6.3042405919E-01    5.3244822157E-02    6.3500393803E-02    6.5874664513E-02
    5.3608614689E-01    4.1887839694E-02    1.4743941361E-03    1.0766719300E-01    1.3018317069E-01
    8.3196507811E-01    3.5055421872E-01    3.6644939100E-02    4.2100112853E-01    4.3325703017E-01
    3.8471929828E-01    7.3152040209E-01    9.3049080761E-02    6.4163089473E-01    6.3720187938E-01
    1.5783230759E-01    4.9339349676E-01    8.2098681057E-02    4.2064348601E-01    4.3864976078E-01
    4.4427614604E-01    1.7924112271E-01    4.4327163640E-03    5.0917495885E-01    5.2335876705E-01
    2.7581058069E-01    7.9961639709E-01    4.2677620545E-02    4.4038089185E-01    4.3016276426E-01
    7.5231259416E-01    5.8064603557E-01    6.3068298350E-02    6.2600560568E-01    6.3853294110E-01
    6.8992675715E-01    2.4622223477E-02    6.9603526262E-02    6.4903842020E-02    5.9679532250E-02
    4.9530096676E-01    7.6504735637E-01    5.0991469108E-02    6.4058225331E-01    6.3980591083E-01
    7.3827468033E-01    8.8624963122E-01    2.0677954693E-02    2.5583427428E-01    2.5110980106E-01
    2.3751656060E-01    9.2931478024E-01    2.3903336679E-02    1.7854442454E-01    1.4602401059E-01
    9.6465807798E-01    7.0575719444E-01    4.6469395100E-02    8.6827616184E-02    8.4483187024E-02
    8.8950727260E-01    5.1492606782E-01    6.4867944276E-02    3.0034129042E-01    3.1874582018E-01
    9.2162058110E-01    3.6151026950E-01    3.1092557595E-03    2.0777216243E-01    2.2036916244E-01
    6.2957685369E-01    2.4739263597E-02    5.7984085402E-03    6.5526832792E-02    7.0890804664E-02
    3.9497685446E-01    3.6878646662E-02    7.0387337050E-02    8.9714697926E-02    1.0202394298E-01
    7.4189613642E-01    4.8251129597E-02    9.3458329620E-02    1.0819768472E-01    9.9815635326E-02
    1.2308132441E-01    6.7946942529E-01    9.6667722395E-02    2.8984675071E-01    2.8973450757E-01
    7.1186033415E-02    3.1554788167E-01    5.0524444532E-02    1.7175531075E-01    1.7654622207E-01
    8.7579040949E-01    4.9841290215E-01    9.2362987426E-02    3.3136121463E-01    3.4724169922E-01
    5.8575946346E-01    9.2933382011E-01    1.1008868060E-03    2.0861162665E-01    2.1201158087E-01
    7.0015263421E-01    7.3651818374E-01    7.8254980082E-02    5.4547561411E-01    5.5129622409E-01
    7.5077161416E-01    6.8913878455E-02    5.3171128908E-02    1.5411883480E-01    1.4377964188E-01
    6.9902878165E-02    4.1069480885E-01    2.7737720806E-02    1.8329912343E-01    2.0367495234E-01
    7.3857476975E-01    8.8816517665E-01    8.9104134624E-02    2.3678041116E-01    2.3072195228E-01
    2.4562562011E-01    9.7755592365E-01    7.6463006162E-02    7.5600898654E-02    4.5556584610E-02
    6.6973388297E-01    7.0287732876E-02    5.3754025183E-02    1.7809486569E-01    1.7887151736E-01
    3.0712306094E-01    2.2139359780E-01    5.7526098262E-02    4.9994688856E-01    4.9763771650E-01
    5.3639132217E-01    5.5079492466E-02    5.3995172667E-02    1.4494149078E-01    1.6217424623E-01
    7.1913655273E-01    1.3463685268E-01    6.4457629356E-02    2.9940143681E-01    2.9744687538E-01
    8.0840707515E-01    3.8437013199E-01    6.4818098592E-02    4.8404770204E-01    4.9646727518E-01
    1.4862271283E-01    3.1371700111E-01    5.2142769661E-02    3.5108953513E-01    3.5640201700E-01
    3.6682439165E-01    5.0736309303E-01    1.2160845730E-02    9.1149557094E-01    9.0260386122E-01
    7.0539097490E-01    4.7281472646E-01    6.6835588785E-02    7.3975405011E-01    7.4521929818E-01
    1.3731340777E-01    9.1634852980E-01    7.3211384916E-02    1.2957148338E-01    1.0105103464E-01
    5.2165221574E-01    5.0202483253E-01    6.4795991656E-02    9.5037447613E-01    9.3586258363E-01
    2.1328771954E-01    9.4769486562E-01    5.3926681887E-02    1.2913439564E-01    9.6325157869E-02
    4.0201902153E-01    4.6137710142E-01    4.1399589219E-02    9.2109222685E-01    9.0811675120E-01
    5.1203622712E-01    3.6411201558E-01    5.5030065150E-02    8.7122593951E-01    8.6151599138E-01
    2.4498507663E-01    6.0560343062E-01    1.6315465185E-02    6.3436365183E-01    6.4742290054E-01
    4.4071023542E-01    9.2555687781E-01    3.8081368669E-02    2.2385987543E-01    2.1933483254E-01
    8.7062958537E-01    5.8482162250E-01    9.7510947613E-02    3.3190755619E-01    3.4638587714E-01
    6.3709563946E-01    4.0480218579E-02    6.1923622529E-02    1.0492074858E-01    1.0841447840E-01
    1.1280745126E-01    6.3005268016E-02    5.7158330206E-02    8.0436130791E-02    6.4497911947E-02
    3.2848981543E-01    6.8756906567E-01    6.6672794094E-02    6.6964194020E-01    6.6811802949E-01
    9.5043030361E-01    1.9660662779E-01    3.6337886727E-02    9.2671091484E-02    8.6657851203E-02
    4.6669397291E-01    6.7358047663E-01    8.7821821293E-02    7.8633958311E-01    7.7968965894E-01
    7.8196599935E-01    7.5237946895E-01    1.4284021290E-02    4.2853192382E-01    4.3778112628E-01
    6.7696265791E-01    6.7672411651E-01    5.9612723846E-02    6.7528567187E-01    6.8057663956E-01
    2.6532493130E-01    2.0650931712E-01    1.8245317004E-02    4.4418935461E-01    4.3932119345E-01
    9.1788471161E-01    8.3611570676E-02    4.8688089652E-02    6.8575699298E-02    6.3137501480E-02
    8.0024186224E-01    5.7267852751E-01    3.5837585711E-02    5.3246865810E-01    5.5205550101E-01
    8.3073064870E-01    6.6123836485E-01    9.0996122264E-02    3.9346241016E-01    4.0530525140E-01
    2.4440506854E-01    8.1957584517E-01    2.2891199227E-02    3.7997447253E-01    3.6461852341E-01
    7.7748342744E-01    3.8330324180E-01    3.3803232112E-02    5.6798062256E-01    5.8102190738E-01
    3.6940229966E-01    8.7157438477E-01    2.7409573265E-02    3.5827392196E-01    3.5041173063E-01
    5.4872492350E-01    1.6250117790E-01    9.4915417658E-03    4.6137339814E-01    4.7840833189E-01
    3.7939852896E-01    3.5616506591E-01    3.7363910625E-02    8.1404192590E-01    8.0556799388E-01
    5.6530800268E-01    9.8306123863E-02    8.0019071785E-02    2.6227115033E-01    2.7497933743E-01
    8.8115563621E-02    8.5015165949E-01    1.9815929541E-02    1.5143179581E-01    1.2155930410E-01
    7.1612484277E-01    4.7341357045E-01    5.9290228595E-02    7.2432742835E-01    7.3142516728E-01
    5.4817068078E-01    4.3650002777E-01    9.7084698960E-02    8.8918869938E-01    8.8042964544E-01
    6.6757115125E-02    3.9488053727E-01    1.9953324644E-02    1.7363040735E-01    1.9309940839E-01
    9.2591248075E-01    1.7904512543E-01    9.1529703340E-02    1.1453380940E-01    1.1238252251E-01
    5.7466600485E-01    7.6728897846E-01    1.0421977371E-02    6.3748287524E-01    6.4274622102E-01
    6.4173559130E-02    8.0065215650E-02    9.6406797930E-02    4.7650077640E-02    4.5314952163E-02
    6.6670963505E-01    5.0717218934E-01    8.3414461877E-02    7.9660595660E-01    7.9731963924E-01
    2.2812036283E-01    1.2130761452E-01    6.2392806275E-02    2.4081180999E-01    2.2972618912E-01
    5.0546800621E-01    4.1397975553E-01    8.6435692394E-02    8.9556866324E-01    8.8477275170E-01
    3.6667777702E-01    3.7093578137E-01    6.1930853220E-02    7.9690911983E-01    7.8971112621E-01
    6.3124081687E-01    2.1715051238E-01    6.7157692928E-02    5.3425017562E-01    5.4061726521E-01
    8.9623276366E-01    4.6489286112E-01    1.6387565320E-02    2.9004300685E-01    3.1319828513E-01
    4.3646562595E-01    2.3970202735E-02    4.5376479809E-02    5.2347942959E-02    7.0510222357E-02
    9.0159952448E-01    3.4158326309E-01    2.7288413321E-02    2.5019178442E-01    2.6022425790E-01
    8.0722316551E-01    6.2709791771E-01    3.2207612133E-02    4.8958317407E-01    5.0808591856E-01
    7.0775038009E-01    7.7829450591E-01    7.9471666678E-03    4.9700517838E-01    5.0570274341E-01
    8.4816054934E-01    8.4825025701E-01    2.8062793977E-02    2.1303562459E-01    2.0493178838E-01
    8.6413876546E-01    9.0379930480E-02    8.2474515609E-02    1.1493284526E-01    1.0690488318E-01
    7.7922363932E-01    9.1301259188E-01    5.8256383384E-02    1.7345516172E-01    1.6290043525E-01
    9.6140481150E-01    5.7584715247E-02    5.4281618975E-02    7.1833189594E-03    2.0627052297E-02
    8.0489853642E-01    9.7867183447E-01    1.1623758927E-02    5.8145524215E-02    3.8077179171E-02
    7.4672035966E-01    1.4675118924E-01    5.3582422855E-02    3.0556375361E-01    3.0142746276E-01
    2.6042842632E-02    4.8904795604E-01    5.6398139958E-02    6.7612801527E-02    7.7254271079E-02
    3.9062915095E-01    2.4607387076E-02    8.0019860292E-02    5.6812815598E-02    6.7193359600E-02
    8.1440783214E-02    4.1497656884E-01    9.4326094814E-02    2.1252852960E-01    2.2239826852E-01
    3.9302868825E-01    4.8473146445E-01    6.2132671152E-02    8.9738580034E-01    8.8688702944E-01
    2.0256906816E-01    3.8214977673E-01    6.4746600348E-02    5.0965690062E-01    5.1973084668E-01
    7.8876042108E-01    8.3493573595E-01    2.5229954371E-02    2.9989239836E-01    2.9779197784E-01
    4.7242521424E-01    8.5796394582E-01    1.5573527470E-02    4.1958481863E-01    4.2338207030E-01
    1.6040169979E-01    1.0861987796E-01    7.6575062231E-02    1.6528046585E-01    1.4982893864E-01
    3.7128809552E-02    7.8879121300E-01    4.5710245917E-02    8.9795288484E-02    6.8516517884E-02
    9.1501471211E-01    4.1524808233E-01    5.1393761986E-02    2.2718281602E-01    2.4194308451E-01
    5.8187597194E-01    5.2843879507E-01    1.0990107554E-02    9.6485627095E-01    9.5285180960E-01
    6.6818140569E-01    3.5642563061E-01    5.8517080315E-02    7.3125669966E-01    7.3364468994E-01
    4.2502796377E-01    2.0952461867E-01    2.8252922382E-02    5.7145840377E-01    5.7847919170E-01
    9.0477481204E-01    7.4333534811E-01    1.0134787355E-02    2.0891548733E-01    2.1059621639E-01
    4.6139777714E-01    8.8633672370E-01    1.2228227300E-02    3.4030365855E-01    3.4281376597E-01
    6.8268402088E-01    5.6793660812E-01    7.2086810207E-02    7.6091036959E-01    7.6436227593E-01
    6.3822970286E-01    8.8084753464E-01    2.3989370487E-02    3.2046117105E-01    3.2394711515E-01
    9.0342378497E-01    4.0430634791E-01    1.6315385166E-03    2.6532459467E-01    2.8491064714E-01
    9.6858610659E-01    5.7134657527E-01    4.7818219377E-02    8.2904044493E-02    9.1636408617E-02
    8.6404714815E-01    2.5847677059E-01    8.1207177877E-02    2.7695813721E-01    2.7745510969E-01
    2.8529835199E-01    9.0385069568E-01    4.3632328583E-02    2.4515062047E-01    2.2255089305E-01
    5.8724300563E-01    7.1954613350E-01    7.1095444771E-02    6.9251358092E-01    6.9230454005E-01
    2.8021371146E-02    2.5596065063E-01    5.6304236591E-02    6.5172213812E-02    5.9897894660E-02
    8.8380155740E-01    4.8011571826E-01    7.7047965070E-02    3.1338003483E-01    3.3020843957E-01
    2.8028640913E-01    1.6179282629E-01    4.8288949711E-02    3.6196018881E-01    3.5780787674E-01
    1.2506732768E-01    9.5740765517E-01    7.4015210445E-02    7.2756265284E-02    4.7481102146E-02
    3.1607397895E-01    2.0126961778E-01    7.2744418143E-02    4.6226461159E-01    4.6076298447E-01
    2.6114814028E-01    4.6499407373E-01    2.4269606127E-02    6.9997305927E-01    7.0980701266E-01
    1.4043628626E-01    2.0562639474E-01    7.4312066685E-02    2.4937611091E-01    2.3888343943E-01
    6.2408102410E-01    6.4697022400E-02    4.5752917701E-02    1.7058851289E-01    1.7846837493E-01
    8.1352133348E-01    9.0704850867E-01    3.7684408269E-02    1.6568961274E-01    1.5335918787E-01
    8.5819253970E-01    7.7919783463E-02    1.1719391838E-02    1.2313302170E-01    1.0323217615E-01
    6.1314213535E-01    8.4660597859E-01    6.0907477966E-02    4.0614284424E-01    4.0914501777E-01
    7.5220374331E-01    6.2363297444E-01    2.7818988509E-02    6.1742182659E-01    6.3229024881E-01
    3.8079300023E-01    8.8403622067E-01    1.5316890452E-02    3.3330339706E-01    3.2663496439E-01
    7.5965190501E-02    4.6354428218E-01    1.3584419168E-02    2.0460930540E-01    2.3171645719E-01
    5.6215491210E-01    3.7367023927E-01    6.4804216529E-02    8.5589531926E-01    8.4869100026E-01
    9.4156959695E-01    9.5932524116E-01    1.4365785827E-02    2.7040945949E-02    2.2934099811E-02
    1.0616683870E-01    8.7124832744E-01    1.2183137387E-02    1.6081350442E-01    1.2730035237E-01
    3.7064111233E-01    8.9323674543E-01    7.1537564534E-02    2.9351352846E-01    2.8173375400E-01
    5.0545770804E-01    1.6030609928E-01    2.4429123331E-02    4.5413503383E-01    4.7103037521E-01
    6.9390203163E-01    2.2027192768E-01    8.7097585209E-02    4.7674872703E-01    4.8020369463E-01
    4.3377360819E-01    5.5522307324E-01    1.7088601976E-02    9.6262855448E-01    9.4762854040E-01
    2.2759127423E-02    4.8593007980E-01    4.2804362478E-02    5.6758304809E-02    6.8416945435E-02
    2.3138589917E-01    1.4673824211E-01    5.0569259879E-03    3.0643757913E-01    2.9415393252E-01
    4.0018361634E-01    1.9620700940E-01    9.2482274631E-02    4.9771881494E-01    5.0194070258E-01
    8.5850290906E-01    7.2307252237E-01    6.4205828745E-02    3.0190560376E-01    3.0850071109E-01
    1.1051216113E-01    7.4665728880E-01    2.9401072360E-02    2.4572609587E-01    2.3615426891E-01
    2.4482675158E-01    5.0369541317E-01    7.7360497307E-03    6.7471885620E-01    6.9018511101E-01
    6.2301654841E-01    2.8965771757E-01    9.4450110794E-02    6.6339542893E-01    6.6618029424E-01
    3.8320625475E-02    2.2565717035E-01    7.5844328796E-02    8.0003358369E-02    7.2546368084E-02
    3.0722523300E-01    2.0298229266E-02    4.6199093503E-02    4.8797212359E-02    5.0056677336E-02
    4.7867507946E-01    8.0453589060E-01    9.2630259923E-02    5.2704844242E-01    5.2467674757E-01
    3.5170829340E-01    2.7877866750E-01    1.6005582586E-02    6.7827496703E-01    6.7545478649E-01
    5.0370702977E-01    8.3746334737E-01    5.7027890976E-02    4.6046022333E-01    4.6194282448E-01
    5.2341635720E-02    9.3087628466E-01    2.1141698336E-02    6.0395487481E-02    3.4540959697E-02
    8.7174928150E-01    4.6858288854E-01    5.0351510071E-02    3.5147011136E-01    3.7127352503E-01
    2.4717041608E-01    5.7292278605E-01    5.1803645531E-02    6.3675593174E-01    6.4846619551E-01
    1.4524627482E-01    5.7573347567E-01    3.6986550601E-02    3.9090420698E-01    4.1287091097E-01
    1.2159910568E-01    7.8976174714E-01    4.4498388030E-02    2.3652398636E-01    2.1887955353E-01
    9.4826110012E-01    9.5436274025E-01    2.5099580590E-02    2.3854155492E-02    2.2556674589E-02
    5.0301049796E-01    3.7392332627E-01    4.6702895995E-02    8.9237004694E-01    8.8098031136E-01
    6.5803255207E-02    7.2634697484E-01    5.7182108605E-02    1.5747007279E-01    1.4698012177E-01
    3.2192301346E-02    8.9703240417E-01    1.1780414881E-02    5.8729362171E-02    3.1722071304E-02
    8.4054762464E-01    1.4961618320E-01    9.7970516236E-02    2.0417551463E-01    1.9746375569E-01
    5.9135669612E-01    5.6048799566E-01    4.1315589298E-02    9.1339212474E-01    9.0419857922E-01
    4.0942643020E-01    3.1040223479E-01    8.2620923560E-02    7.3705707390E-01    7.3228864831E-01
    1.1419368312E-01    7.6181184086E-01    5.8640496160E-02    2.3821990550E-01    2.2545329200E-01
    5.2290536522E-01    3.3139531331E-01    7.0413787049E-02    8.0828143007E-01    8.0294591653E-01
    8.0951904328E-01    1.3632602436E-01    1.0700740558E-02    2.4518368420E-01    2.3149833986E-01
    3.8612919401E-01    7.6722298130E-01    2.4442018403E-02    6.1306245934E-01    6.1064198761E-01
    5.5929751201E-01    3.0757857710E-01    6.4522675890E-02    7.6016632379E-01    7.5866136969E-01
    9.2587024399E-01    2.3737292610E-01    8.1773221534E-02    1.4581420398E-01    1.4444872588E-01
    7.2392061706E-01    7.1957635020E-01    3.6506567746E-02    5.5782633412E-01    5.6742539765E-01
    6.9500058749E-01    6.6838483854E-01    2.0599377144E-03    6.9435931494E-01    7.0488456678E-01
    1.1935041825E-01    1.0732925266E-01    2.2289234776E-02    1.4296031436E-01    1.1852307089E-01
    3.4962782958E-01    3.8338932695E-01    5.7541390027E-02    7.9159885001E-01    7.8548661328E-01
    2.5267276542E-01    3.3512744090E-01    5.0057970627E-03    6.1297993536E-01    6.1643924719E-01
    9.4710027613E-02    1.7331454014E-01    3.9904975326E-02    1.6238442970E-01    1.4599040735E-01
    1.4194253844E-01    8.1667920163E-01    7.8551823193E-02    2.3727206219E-01    2.1736280998E-01
    3.4351330453E-02    7.8536995323E-01    6.5595200764E-02    8.3316038317E-02    6.3030647051E-02
    8.7929521486E-01    8.1879111333E-01    6.9468736862E-02    1.9134050655E-01    1.8631668088E-01
    7.1199673469E-01    6.6402834690E-01    9.9670672423E-03    6.6577736026E-01    6.7748901502E-01
    7.9338711515E-01    7.9077152932E-01    6.5222952931E-02    3.4411759813E-01    3.4629669510E-01
    6.3806413532E-01    9.5388287714E-01    1.5590930604E-02    1.3345502635E-01    1.2900530319E-01
    1.9063552255E-01    8.0288644897E-01    3.9296765839E-03    3.4265012483E-01    3.2593845962E-01
    8.0612163740E-01    7.4879143024E-01    1.2209748518E-03    3.9597894023E-01    4.0559307843E-01
    8.6842761411E-01    7.8984410326E-01    9.0066564179E-02    2.2675640158E-01    2.2539267902E-01
    5.1153596458E-02    2.5868103820E-01    1.2855860171E-02    1.1950996236E-01    1.1472460871E-01
    5.8744727615E-01    6.6523977498E-01    6.4654999741E-02    7.8730456621E-01    7.8403684520E-01
    1.0092271228E-01    9.5194749500E-01    2.4645651259E-02    7.8294240350E-02    4.5760330025E-02
    5.7955550410E-01    2.9952826141E-01    5.8577463406E-02    7.3890534895E-01    7.3904915164E-01
    8.7882363852E-01    4.2709875361E-01    4.1221548966E-02    3.2895466746E-01    3.4742970948E-01
    5.2836427707E-01    8.3782595479E-01    7.5430042718E-02    4.5018869049E-01    4.5094030905E-01
    3.4658477761E-01    2.9576255794E-01    7.9097652226E-02    6.6007190141E-01    6.5655227862E-01
    4.7222500482E-01    5.8292344089E-01    9.2204047666E-02    8.8918416537E-01    8.7885300816E-01
    6.3805483378E-01    5.4428243650E-01    5.7827096345E-02    8.5207689746E-01    8.4879303937E-01
    2.1218502624E-01    9.5767367162E-02    2.9576077782E-02    1.9390649339E-01    1.7796281556E-01
    3.0640147946E-01    8.0443666842E-01    6.2913548977E-02    4.5399587276E-01    4.4459750369E-01
    2.1039245750E-01    8.5923714502E-01    3.4747429648E-03    2.8827708421E-01    2.6180877850E-01
    3.7158755671E-01    9.3060512574E-01    9.1678204968E-03    2.0951340682E-01    1.9713305520E-01
    3.9985426525E-01    4.4819584117E-01    5.4175181876E-02    9.0136247903E-01    8.8949473428E-01
    3.1282111995E-01    3.7377273946E-01    5.0662130204E-02    7.3243832648E-01    7.3003117910E-01
    3.5045035864E-01    2.9096043720E-01    8.7782417144E-02    6.5080270725E-01    6.4757891385E-01
    3.5635034377E-01    6.0084747890E-01    4.8480324757E-02    8.1896595223E-01    8.1514737905E-01
    1.5849915485E-01    2.0281263068E-01    3.5691851933E-02    2.8622803653E-01    2.7430424775E-01
    8.6170042073E-01    6.9108025936E-01    2.3410220307E-02    3.2662929819E-01    3.3941260364E-01
    2.2226070231E-01    7.9312914450E-01    6.8850712381E-03    3.9859351891E-01    3.8637871297E-01
    2.6645747115E-01    5.4957697391E-02    4.2629216795E-02    1.2836983905E-01    1.2233835278E-01
    9.7032690706E-01    3.9590196930E-01    8.0194957740E-02    7.5506004147E-02    8.1444005649E-02
    1.0439478677E-01    6.8073351231E-01    3.6860001429E-02    2.5825770314E-01    2.6187260386E-01
    1.2617824833E-01    2.3520690030E-01    1.7606027015E-02    2.6356686392E-01    2.5555663657E-01
    2.4513492045E-01    3.9416811084E-01    6.7646833992E-02    6.0919300253E-01    6.1558666130E-01
    2.8199143922E-01    8.1277133816E-01    3.5095633983E-03    4.3886493663E-01    4.2824637085E-01
    7.7074532778E-02    3.5693243637E-01    7.3039934960E-02    1.9289248342E-01    2.0094298414E-01
    2.5638373854E-01    6.1440465294E-01    6.6670033190E-02    6.2412043746E-01    6.3207619894E-01
    7.6146650240E-01    6.4403082431E-01    9.2600051088E-02    5.4814823294E-01    5.5912183216E-01
    8.7311367721E-01    2.1598169656E-01    3.8331675475E-02    2.3990673304E-01    2.3457755016E-01
    8.4405647300E-01    2.6598536619E-01    3.3453182189E-02    3.3558339654E-01    3.3767504661E-01
    5.6494703659E-01    1.4041459305E-01    8.3317021501E-03    3.9672076576E-01    4.1467690439E-01
    9.1132832660E-01    2.2072612932E-01    1.9239133611E-02    1.7918528516E-01    1.7245663041E-01
    6.3457729606E-01    4.5915336481E-02    8.3016747637E-02    1.1774660113E-01    1.2077789420E-01
    9.7805271889E-01    3.3253330656E-02    1.4106247878E-02   -1.0486595267E-02    7.0849181041E-03
    7.5037319467E-01    3.4084257382E-02    1.5826851449E-02    9.0170619110E-02    7.4313001603E-02
    5.2498753300E-01    2.8112120103E-01    7.3753805192E-02    7.1614017631E-01    7.1628915005E-01
    6.9882143401E-02    4.0365155077E-01    6.2393278378E-02    1.8163050433E-01    1.9546617770E-01
    7.3915985633E-01    2.2348845453E-01    1.8644273598E-02    4.6062398714E-01    4.6334981646E-01
    2.3902323285E-01    6.9978713588E-01    8.2762934469E-02    5.0827181259E-01    5.0894811826E-01
    8.8720937967E-01    7.8967687850E-01    6.1645091084E-02    2.0323845576E-01    2.0037136039E-01
    1.2845858757E-01    1.1774092878E-01    6.4947759921E-02    1.5030802708E-01    1.3315254385E-01
    6.1400223317E-01    5.7994089884E-01    4.6166745976E-02    8.7229004657E-01    8.6676000891E-01
    9.3708412363E-01    7.1559740530E-01    9.8966885193E-02    1.3896692145E-01    1.3878361568E-01
    6.9681531670E-01    6.7767841836E-01    3.1122738163E-02    6.6163980980E-01    6.7026490010E-01
    3.2317841298E-01    3.9313937799E-01    8.1537691375E-02    7.4276822759E-01    7.4017807535E-01
    2.3292686184E-01    1.5772757024E-01    2.3810889738E-04    3.2918585043E-01    3.1763573450E-01
    2.5665822088E-01    4.3544250200E-01    8.7819717138E-02    6.4164853181E-01    6.4825475956E-01
    4.1936426501E-01    6.4605068228E-01    5.0570630039E-02    8.3353235047E-01    8.2569866083E-01
    6.9566411166E-02    3.8185516811E-01    3.7592320847E-02    1.7909341332E-01    1.9469089022E-01
    1.6300895755E-01    5.2418448994E-01    2.5532017598E-02    4.5053090149E-01    4.7644353154E-01
    5.3206885746E-01    4.8144491813E-01    1.4009585763E-02    9.9686287186E-01    9.7960044977E-01
    7.8784013496E-01    3.6937682661E-01    1.7978940007E-02    5.4281773700E-01    5.5695301616E-01
    5.7030822227E-02    9.2656557522E-01    5.7595374291E-02    5.8280394400E-02    3.8497859115E-02
    3.1474675692E-01    9.4181157919E-01    1.9211592275E-02    1.7229895592E-01    1.4900788438E-01
    2.7653116954E-01    8.7068227554E-02    6.7921338054E-02    1.9710807961E-01    1.9288045134E-01
    5.1889741278E-01    4.0038319096E-01    7.2415909878E-02    8.9519354616E-01    8.8424032242E-01
    3.2712660799E-01    1.6549690529E-01    6.5109514116E-02    3.9788507611E-01    3.9885626802E-01
    6.4620429482E-01    5.3031317370E-01    6.4140905596E-02    8.3984989459E-01    8.3755964549E-01
    3.2233801319E-01    7.7072937266E-01    9.4468167929E-02    5.1621715897E-01    5.0968525757E-01
    1.7549423487E-01    2.3998369883E-01    9.3251260338E-02    3.3323823677E-01    3.2703392732E-01
    3.4741948138E-01    8.4022896203E-01    2.7335030565E-02    4.2348632939E-01    4.1553593002E-01
    9.2988696920E-01    6.0079926149E-01    4.2886697852E-02    1.8523033236E-01    1.9902104958E-01
    6.8407620097E-02    8.4475318583E-01    9.1327118409E-02    1.1250439081E-01    9.1322249430E-02
    4.5277135841E-01    9.2663945158E-01    6.6619179091E-02    2.1771791034E-01    2.1154746400E-01
    1.3868372111E-01    3.0390535255E-01    4.8820856572E-02    3.2413547001E-01    3.2824685946E-01
    4.0656726364E-01    4.4492592354E-02    7.1581829066E-02    1.1083384111E-01    1.2426710441E-01
    3.3384228788E-01    2.5028679524E-01    4.1318534380E-02    5.9078165260E-01    5.8897427926E-01
    9.4952497848E-01    8.3197326296E-01    8.1160476075E-02    7.9301790449E-02    7.3415060919E-02
    5.9276522214E-01    6.2185090788E-01    3.8314113702E-02    8.6130159596E-01    8.5553491493E-01
    6.1139494857E-02    8.7348840858E-01    3.3834738601E-02    9.9641799455E-02    7.1462942213E-02
    2.8460158451E-01    5.5010655824E-01    2.6824488660E-03    7.5979735335E-01    7.6797170610E-01
    9.0962119456E-01    4.7585600505E-01    8.4579640013E-02    2.4243875133E-01    2.5695753554E-01
    7.7168535728E-01    5.5483684027E-01    4.8789710493E-02    6.0143328163E-01    6.1715539570E-01
    7.0580788918E-01    2.1662157621E-01    6.4063585811E-03    4.9421055874E-01    4.9904398453E-01
    4.4391268869E-01    3.8292773105E-01    8.0276664310E-02    8.5874418034E-01    8.4869707650E-01
    1.0381039094E-01    4.2913088131E-01    8.1657423329E-02    2.7330994922E-01    2.8827677006E-01
    2.5193164327E-01    8.2098388552E-01    3.3112031171E-02    3.8207815528E-01    3.6712470664E-01
    2.3775786391E-02    2.3004782065E-01    1.0350248209E-02    5.9117553953E-02    4.8856766665E-02
    7.9250817541E-01    6.8671544465E-01    4.0713855172E-03    4.8650083634E-01    5.0322398703E-01
    8.1871526230E-01    5.2094868197E-01    6.4488183256E-02    4.8675911725E-01    5.0488372312E-01
    4.4861872160E-01    2.0172697889E-01    7.8191062979E-02    5.3431784615E-01    5.4106005094E-01
    7.0534845584E-01    5.0593067206E-01    6.2743548497E-02    7.4509845916E-01    7.5091737473E-01
    6.6197433928E-01    4.6614338569E-01    8.1953132321E-02    8.0086681115E-01    8.0089456375E-01
    6.6873769246E-01    9.9556750250E-02    9.6283829433E-02    2.4013723713E-01    2.4139782551E-01
    5.7448178645E-01    7.9638348473E-01    8.9289845057E-02    5.3072577598E-01    5.3168947778E-01
    6.1815736368E-01    7.8037263165E-02    6.3881254153E-02    2.0417447892E-01    2.1236194622E-01
    5.4996368089E-02    8.9604788946E-01    1.8042899231E-02    8.4005345595E-02    5.4178017974E-02
    2.0124422535E-01    9.6017166066E-02    5.7863593940E-02    1.8059399526E-01    1.6581966119E-01
    6.5083193417E-01    3.5512151466E-01    9.9733259679E-02    7.2262333384E-01    7.2430703991E-01
    5.6363435746E-01    8.3325516230E-01    9.5100413336E-02    4.4618251654E-01    4.4632875708E-01
    8.4737990662E-01    4.7270027466E-01    1.0339934719E-02    4.2997071204E-01    4.5494703915E-01
    7.9982354051E-01    3.2253549761E-01    9.3400085217E-02    4.4853189075E-01    4.5520070522E-01
    7.0572245282E-01    8.3643761498E-01    1.8165846937E-02    3.8173987665E-01    3.8542597901E-01
    5.7551503396E-01    1.9270584881E-01    4.0578578939E-02    5.2050515063E-01    5.3143818230E-01
    5.0789221419E-01    6.4364855826E-01    9.0781611451E-02    8.3019406761E-01    8.2251299939E-01
    3.7048268756E-01    7.1658551430E-01    6.5634444166E-02    6.7287254282E-01    6.6906794134E-01
    9.7455838998E-01    1.3946914271E-01    1.1438110272E-02    3.9550933889E-02    3.3494324980E-02
    1.9091426958E-01    5.2494188397E-01    9.3439876256E-03    5.3260175265E-01    5.5755902006E-01
    4.9701037572E-01    2.6503971847E-01    5.7508792466E-02    6.9772944893E-01    6.9886812178E-01
    3.9385061358E-01    8.6569079532E-01    3.5827929879E-02    3.7873193277E-01    3.7352939283E-01
    9.3013444434E-02    5.9850859741E-01    5.9567745100E-03    2.5114020977E-01    2.7277612837E-01
    8.3600706625E-01    3.8953624402E-01    4.4067890023E-02    4.2834457689E-01    4.4361581645E-01
    6.4282301155E-01    3.5970670854E-01    1.4367183153E-02    8.0267951134E-01    8.0343552550E-01
    1.5643210533E-01    5.8840665287E-01    1.5818555105E-04    4.2834082012E-01    4.5374624877E-01
    7.6585099568E-01    3.7044505834E-01    3.1465414088E-02    5.8565352870E-01    5.9737284882E-01
    1.4530457499E-01    6.7042005584E-01    8.6340720917E-02    3.4455854835E-01    3.4814893171E-01
    8.6043896875E-01    3.2128621051E-01    4.1668924502E-02    3.3653195139E-01    3.4488057943E-01
    2.4980119584E-01    8.4471041787E-01    6.5421252091E-02    3.2891682066E-01    3.1052608714E-01
    2.9435292770E-01    3.9619678882E-02    8.4169748982E-02    9.2387983848E-02    9.1225353091E-02
    6.3241731913E-01    7.5180865358E-01    3.9002893147E-02    6.1377621671E-01    6.1882781583E-01
    2.0751781456E-01    3.5525395008E-01    4.4645164367E-02    5.1334515549E-01    5.2157423142E-01
    2.0653571352E-01    6.5103148243E-02    7.6625747059E-02    1.2587446309E-01    1.1379091103E-01
    5.4912644995E-01    7.9529591940E-01    1.0227110495E-02    5.8054864329E-01    5.8659777863E-01
    5.9870848841E-01    3.8253682983E-01    6.6540106703E-02    8.3659880711E-01    8.3173840712E-01
    7.8020466264E-01    1.9031356925E-01    2.9331466663E-02    3.5193347338E-01    3.4829549541E-01
    6.4199069728E-01    6.6986726756E-01    3.4662898018E-02    7.4799807524E-01    7.5058442878E-01
    6.5264293041E-01    4.6916955262E-01    8.9881311253E-02    8.0884333376E-01    8.0808750463E-01
    5.5857978642E-01    7.1688222557E-01    3.8198886065E-02    7.3640619094E-01    7.3535100678E-01
    6.3771199684E-01    9.5602444002E-01    6.7439316842E-02    1.2468084177E-01    1.1697501390E-01
    6.8994029474E-01    4.8281882861E-01    9.5037702231E-02    7.4827852465E-01    7.5202809879E-01
    8.0851763510E-01    7.0005977868E-01    9.6754436276E-02    4.0701462121E-01    4.1609098528E-01
    9.7040794613E-01    3.1802891629E-01    4.2501522234E-02    7.2564502659E-02    7.4864252400E-02
    3.8163245366E-01    3.8277507600E-01    1.8846154448E-02    8.6357811666E-01    8.5316757411E-01
    7.2815425126E-01    2.1464588691E-01    6.2289272428E-02    4.4066681417E-01    4.4266840518E-01
    4.6843439898E-01    6.7782252432E-01    3.5265837153E-02    8.2219517221E-01    8.1494323175E-01
    5.8335955949E-01    6.8471414617E-01    4.1250836566E-02    7.7761962328E-01    7.7555912725E-01
    3.0000405240E-01    1.4305811018E-01    2.1118234209E-02    3.4494890341E-01    3.4423260898E-01
    4.3628277761E-01    6.2563502554E-01    2.0055867282E-02    8.9753578149E-01    8.8695006442E-01
    3.1581913831E-01    6.7215446664E-01    8.7811281270E-02    6.5857403023E-01    6.5814368592E-01
    2.7492155370E-01    2.4675162614E-01    7.0788922001E-02    4.9975737289E-01    4.9615706296E-01
    9.6477836246E-01    8.3434801560E-01    7.8419749450E-02    5.6451007861E-02    5.0818626149E-02
    3.3123491116E-02    1.7283371959E-01    1.1791184195E-02    7.0306069667E-02    5.3048446691E-02
    3.0067802961E-01    2.0064853787E-02    4.0239257580E-02    4.8897486315E-02    4.9054478990E-02
    8.5727245939E-01    4.8746796200E-01    9.0294891678E-02    3.8004815228E-01    3.9624709640E-01
    1.7508112607E-01    5.0937580243E-01    8.8182417342E-02    4.6238502296E-01    4.7893821549E-01
    6.7311585083E-02    7.4277977919E-01    8.5258795372E-03    1.6269186607E-01    1.5047334296E-01
    4.5631734007E-01    6.2981735437E-01    3.1283858708E-02    8.9262620353E-01    8.8170371001E-01
    6.2042188468E-01    5.4302329366E-01    8.6368364174E-02    8.4986338328E-01    8.4557257342E-01
    8.4952153423E-01    6.5107030087E-01    9.8227603781E-02    3.5589178888E-01    3.6758339511E-01
    6.0000079376E-01    1.9420740750E-01    4.7964656729E-02    5.1023210719E-01    5.1972771108E-01
    2.7575281074E-01    9.1168039549E-01    2.3539428794E-02    2.2933906613E-01    2.0391589294E-01
    3.7207319102E-01    5.8466655330E-01    8.0355752860E-02    8.2523065715E-01    8.2025521501E-01
    3.8239172722E-01    4.4983646131E-01    8.8552735820E-02    8.5147522487E-01    8.4388728325E-01
    9.7190766413E-01    4.1931321395E-01    1.5767820374E-02    7.2767127548E-02    8.4006030340E-02
    9.8857082691E-02    7.3939682911E-01    8.4232667428E-02    2.1590875022E-01    2.0536620960E-01
    5.8073821788E-01    8.7090179677E-01    1.8637394246E-02    3.6844944378E-01    3.7496124820E-01
    5.7073766782E-01    1.9847575230E-01    6.2426498721E-02    5.2617743729E-01    5.3551352127E-01
    2.4077205814E-01    9.1701946946E-01    7.7768518434E-02    1.9066099265E-01    1.6382648347E-01
    1.0732632934E-01    8.8634282940E-01    4.9205678333E-02    1.3985018288E-01    1.1014973061E-01
    1.2470113240E-01    8.8057940601E-01    6.2748766704E-02    1.5973504886E-01    1.3150753270E-01
    2.7682497906E-02    3.0422208091E-01    5.1245314663E-02    6.7470120493E-02    6.7441482055E-02
    1.3336609361E-01    1.7597961376E-01    9.3209614851E-02    2.0702951338E-01    1.9485868509E-01
    6.9743137652E-01    2.8666044886E-02    9.6626577055E-02    7.2236097298E-02    6.6526641641E-02
    9.4225925890E-01    2.0451435717E-01    2.0887826139E-02    1.1376059979E-01    1.0589271439E-01
    3.9067530848E-01    1.0919870896E-01    7.6883311628E-02    2.8331683639E-01    2.9357948972E-01
    1.1517207675E-01    6.7856046925E-01    7.6107217768E-02    2.7675330027E-01    2.7804093638E-01
    8.8598895616E-01    3.2583053148E-01    3.8720854076E-02    2.7994457063E-01    2.8815886170E-01
    4.6439824887E-01    8.0915685115E-01    2.5315971000E-02    5.4512225137E-01    5.4690932762E-01
    7.2903830246E-01    8.2932464670E-01    3.2131401521E-02    3.6989819899E-01    3.7223202353E-01
    9.0627626579E-01    6.6852541998E-01    2.6478474034E-02    2.3264160078E-01    2.4401302240E-01
    5.4964538577E-01    7.9300396616E-01    4.5265703145E-04    5.9102619330E-01    5.9780723580E-01
    8.4912040053E-01    8.6401789583E-02    1.8635286705E-02    1.3879621828E-01    1.2015249271E-01
    6.0240432245E-01    3.4276791208E-01    6.5042064273E-04    8.3649882196E-01    8.3475473356E-01
    8.6494631691E-01    8.9407440774E-01    5.1113121869E-02    1.3910467428E-01    1.2786270376E-01
    3.3969505938E-02    8.5736251312E-01    9.0083212793E-02    6.0323172741E-02    4.2223326449E-02
    8.8474052293E-01    6.0821459021E-01    9.0079287989E-02    2.9232135464E-01    3.0555354515E-01
    8.3186700432E-01    4.0319788784E-01    5.4256471541E-03    4.5799251666E-01    4.7828973623E-01
    7.8451170292E-01    1.0497799319E-01    5.8764059142E-02    2.0199832676E-01    1.9144205316E-01
    5.2868286214E-01    1.9938584660E-01    5.4863743430E-02    5.4300676990E-01    5.5307128746E-01
    2.2735578520E-01    2.9686030834E-01    8.4736355835E-03    5.2019778351E-01    5.2174769012E-01
    6.0867960761E-01    7.3090625317E-01    6.4483115411E-02    6.5982053045E-01    6.6156392112E-01
    2.6653852447E-01    9.1742532057E-01    6.0310596582E-02    2.0525340757E-01    1.7954762027E-01
    4.7935142142E-01    2.7000927226E-01    6.3686420616E-02    7.0297002880E-01    7.0294980835E-01
    2.7657272815E-01    1.3135492779E-01    6.0323428160E-03    3.0911757969E-01    3.0442675222E-01
    9.7383266697E-01    6.1571721544E-01    8.0810416649E-02    6.8718209592E-02    7.0864537808E-02
    5.4939678292E-01    8.5883266975E-01    2.0276451200E-02    4.0896279254E-01    4.1553870034E-01
    6.4652873363E-01    7.3811652147E-02    9.1082116561E-02    1.8545286917E-01    1.8819006590E-01
    8.1842611549E-01    5.4034254671E-01    8.0782150533E-02    4.7794481019E-01    4.9461418018E-01
    8.9088268552E-01    5.7494943198E-01    2.9739542137E-03    3.0102792276E-01    3.2589479055E-01
    7.1595566983E-01    2.0282272578E-01    5.4324546218E-02    4.3670533669E-01    4.3900715645E-01
    5.0717919239E-01    8.4549247893E-01    1.1416391323E-02    4.5505324734E-01    4.6121709509E-01
    8.1020253073E-01    7.9256949505E-02    9.7237618406E-02    1.3482580348E-01    1.2572022204E-01
    4.1513819479E-01    9.1139657469E-02    7.1675313759E-02    2.4004755341E-01    2.5384247343E-01
    3.8002245615E-01    4.5182424129E-01    2.9836825542E-02    9.0361926548E-01    8.9250060102E-01
    8.5404511958E-01    8.8863439029E-01    4.2588332552E-02    1.5702343694E-01    1.4547613901E-01
    6.6317613626E-02    7.6669762814E-01    6.9142603769E-02    1.4593117220E-01    1.2925864409E-01
    3.9730562032E-01    7.5188848967E-02    3.6726823530E-02    1.9779964940E-01    2.1404715310E-01
    3.5721412374E-01    9.6173314494E-01    5.0691701649E-02    1.2198847165E-01    1.0279087557E-01
    3.2413465383E-02    4.6855076135E-01    7.6451394812E-02    8.6700250471E-02    9.3806274740E-02
    1.5640922491E-01    2.2061431476E-01    1.6033823839E-04    3.1212737911E-01    3.0141413019E-01
