    2.4783784749E-02    6.9168477683E-01    0.0000000000E+00    7.1452307107E-02    6.4099603491E-02
    5.6372022067E-01    1.1175742351E-01    0.0000000000E+00    3.1687575903E-01    3.3705927730E-01
    8.7978222336E-01    3.5418810347E-01    0.0000000000E+00    3.1613587452E-01    3.3074230229E-01
    9.3379375197E-01    1.6004753572E-02    0.0000000000E+00    1.1687994698E-02    1.0378362481E-02
    3.7960350906E-01    7.4395548733E-01    0.0000000000E+00    6.7086805461E-01    6.6948572151E-01
    6.0514614117E-01    8.9476203087E-02    0.0000000000E+00    2.4785558120E-01    2.6241274034E-01
    3.2103302314E-01    7.0945265076E-01    0.0000000000E+00    6.6899425072E-01    6.6941115421E-01
    9.8300369820E-01    6.6859516423E-01    0.0000000000E+00    4.6574144871E-02    4.6057332022E-02
    2.5272603664E-01    6.0825925834E-02    0.0000000000E+00    1.4639116958E-01    1.3544562018E-01
    7.7518967672E-01    9.2049504272E-01    0.0000000000E+00    1.7390371094E-01    1.6042063164E-01
    4.1808957548E-01    2.3552797167E-02    0.0000000000E+00    4.9693321085E-02    7.1491650112E-02
    8.0582634559E-01    1.3493902720E-01    0.0000000000E+00    2.5018780026E-01    2.3564806694E-01
    5.4019729746E-01    5.7937528387E-01    0.0000000000E+00    9.7529187497E-01    9.6135250670E-01
    5.9652087262E-01    1.1444694117E-01    0.0000000000E+00    3.1967712041E-01    3.3579665329E-01
    4.5500571687E-02    7.4659198903E-01    0.0000000000E+00    1.1716809421E-01    1.0180570197E-01
    2.7786466279E-01    7.3655476217E-01    0.0000000000E+00    5.6480634596E-01    5.6419450895E-01
    8.2501557847E-01    9.9239741485E-01    0.0000000000E+00    3.4099008756E-02    1.2477290566E-02
    1.4608478536E-01    8.8676125509E-01    0.0000000000E+00    1.9097796516E-01    1.5429299629E-01
    9.5688880736E-01    7.7930545192E-02    0.0000000000E+00    3.8881852237E-02    3.2728165094E-02
    2.8746394654E-01    3.1888960858E-01    0.0000000000E+00    6.6215157848E-01    6.6153400881E-01
    1.4480689830E-01    3.6955132717E-02    0.0000000000E+00    7.8918236681E-02    5.0898267354E-02
    9.7497016453E-01    3.3764677633E-01    0.0000000000E+00    6.5052716332E-02    6.8554466468E-02
    9.6791373260E-01    2.9206674668E-02    0.0000000000E+00   -5.1677978122E-04    9.2205274189E-03
    2.6321235765E-01    2.6916365975E-01    0.0000000000E+00    5.5244477529E-01    5.5068109902E-01
    5.4889673174E-02    4.8671134527E-01    0.0000000000E+00    1.4459992017E-01    1.7143814449E-01
    4.8337143333E-01    1.2569444921E-01    0.0000000000E+00    3.6114681273E-01    3.8417331805E-01
    9.9708889163E-01    8.7290522839E-01    0.0000000000E+00    1.3609006885E-02    3.5553164894E-03
    7.8973654681E-01    9.8903565863E-02    0.0000000000E+00    2.0469392538E-01    1.8758959986E-01
    5.1019361472E-01    8.5827378628E-01    0.0000000000E+00    4.2295749465E-01    4.3045911553E-01
    6.6718410573E-01    4.4037852713E-01    0.0000000000E+00    8.4803446109E-01    8.5007838858E-01
    9.0935454229E-01    6.4328104039E-01    0.0000000000E+00    2.3625482235E-01    2.5295364199E-01
    2.0904094181E-02    3.6531534056E-01    0.0000000000E+00    4.8822106555E-02    5.9837521900E-02
    2.7085772445E-01    8.7256216142E-01    0.0000000000E+00    3.1418346883E-01    2.9304764084E-01
    1.5059860767E-01    1.5391645486E-01    0.0000000000E+00    2.3401519957E-01    2.1184733096E-01
    8.0890371782E-02    8.0047401924E-01    0.0000000000E+00    1.7116515786E-01    1.4746512437E-01
    3.6101619504E-01    6.7516653884E-01    0.0000000000E+00    7.7436821351E-01    7.7239910838E-01
    9.2710527123E-01    5.0003333438E-01    0.0000000000E+00    2.0341561479E-01    2.2700914170E-01
    8.6508885077E-01    8.3380047904E-01    0.0000000000E+00    2.1363142706E-01    2.0510705258E-01
    8.4578570862E-01    1.5923360724E-02    0.0000000000E+00    4.5413154301E-02    2.3289140033E-02
    7.4696195845E-01    1.7387127912E-01    0.0000000000E+00    3.7344142884E-01    3.7081110526E-01
    9.1364296203E-01    8.9951105379E-01    0.0000000000E+00    9.9216089346E-02    8.3202634443E-02
    5.8293645970E-01    5.9336921520E-01    0.0000000000E+00    9.3361925010E-01    9.2497634678E-01
    3.5051677466E-01    3.1827808558E-01    0.0000000000E+00    7.5533117276E-01    7.5032721770E-01
    5.0967005160E-01    2.7156814792E-01    0.0000000000E+00    7.5117542954E-01    7.5301228144E-01
    7.4582561497E-01    2.5891857601E-01    0.0000000000E+00    5.1472816217E-01    5.2050504258E-01
    6.0839789723E-01    1.0352216321E-01    0.0000000000E+00    2.8685171913E-01    3.0117257794E-01
    2.6614021542E-01    8.4654175506E-01    0.0000000000E+00    3.6161011129E-01    3.4404089201E-01
    4.8421340332E-01    5.2727941250E-02    0.0000000000E+00    1.3853119427E-01    1.6469043516E-01
    8.8068572494E-01    9.7037888570E-01    0.0000000000E+00    5.1163341396E-02    3.4021117299E-02
    1.3342398988E-03    3.0269066303E-01    0.0000000000E+00    4.8610863807E-03    3.4118014783E-03
    5.9255003667E-01    5.8786592300E-01    0.0000000000E+00    9.2954679881E-01    9.2175936356E-01
    9.5542663260E-01    7.5184696009E-01    0.0000000000E+00    1.0433633008E-01    9.8119524020E-02
    2.8512424448E-01    3.2985934197E-01    0.0000000000E+00    6.7181005408E-01    6.7178359126E-01
    1.1079089579E-01    8.3003894072E-01    0.0000000000E+00    2.0185824762E-01    1.7358520776E-01
    8.8685214670E-01    5.9782871461E-01    0.0000000000E+00    3.0780203706E-01    3.3171813081E-01
    2.2865860177E-01    7.5607008495E-02    0.0000000000E+00    1.7094128004E-01    1.5486099212E-01
    7.0570963674E-01    4.0148021838E-01    0.0000000000E+00    7.5190445966E-01    7.6040937036E-01
    8.3171156945E-02    4.0840636766E-01    0.0000000000E+00    2.2239487477E-01    2.4770573802E-01
    5.5316369009E-01    9.4258836643E-01    0.0000000000E+00    1.7406102783E-01    1.7689142825E-01
    7.1910225307E-01    4.7282517349E-01    0.0000000000E+00    7.5822408212E-01    7.6949519519E-01
    7.9912757340E-01    7.5531383665E-01    0.0000000000E+00    4.0103766280E-01    4.1017089025E-01
    5.7410918086E-01    1.8923959841E-01    0.0000000000E+00    5.3100421582E-01    5.4499400735E-01
    3.5519411475E-01    1.2877109916E-01    0.0000000000E+00    3.4331279739E-01    3.5357076633E-01
    8.8356527990E-01    4.0344439537E-01    0.0000000000E+00    3.2057733941E-01    3.4135720570E-01
    8.9002756087E-02    9.1974580714E-01    0.0000000000E+00    1.0630492801E-01    6.8847179255E-02
    6.6177299092E-01    8.9020194320E-02    0.0000000000E+00    2.3712169805E-01    2.4114586508E-01
    3.5223689960E-01    5.3949143794E-01    0.0000000000E+00    8.9274230862E-01    8.8730196726E-01
    8.4700147564E-01    1.9420536192E-01    0.0000000000E+00    2.7433435995E-01    2.6491633824E-01
    3.0050649354E-01    9.1823441387E-01    0.0000000000E+00    2.2885583765E-01    2.0577502027E-01
    6.8329586265E-01    9.5189107411E-01    0.0000000000E+00    1.3459800681E-01    1.2628316192E-01
    1.7986626498E-01    8.9517479476E-01    0.0000000000E+00    2.0916113626E-01    1.7317049269E-01
    4.3261633231E-01    8.7648543476E-02    0.0000000000E+00    2.4231860767E-01    2.6582011573E-01
    6.0508593785E-01    3.9133327077E-01    0.0000000000E+00    8.9679681609E-01    8.9140560938E-01
    6.6015001019E-01    4.0629004067E-01    0.0000000000E+00    8.3672219057E-01    8.3838783882E-01
    7.3431432620E-01    4.9607299856E-01    0.0000000000E+00    7.2670806033E-01    7.4102272299E-01
    9.1569478234E-01    6.0871147751E-01    0.0000000000E+00    2.2675272735E-01    2.4664851406E-01
    4.2363316969E-01    9.5697832126E-01    0.0000000000E+00    1.3821838267E-01    1.3088616720E-01
    6.9625455101E-01    6.8353678360E-01    0.0000000000E+00    6.7296351573E-01    6.8396796205E-01
    4.7111669806E-01    5.4640378516E-01    0.0000000000E+00    1.0032531340E+00    9.8532226871E-01
    6.2789167786E-01    1.9775251526E-01    0.0000000000E+00    5.2527354173E-01    5.3570620177E-01
    4.3947317633E-01    2.2691276172E-01    0.0000000000E+00    6.3551487663E-01    6.4221772073E-01
    6.5768649981E-01    5.3589416847E-01    0.0000000000E+00    8.7355886178E-01    8.7419721650E-01
    1.2490199845E-01    7.0936738007E-01    0.0000000000E+00    3.0114197885E-01    3.0261967021E-01
    1.5463526119E-01    1.3601931013E-02    0.0000000000E+00    4.5775455213E-02    1.9946090953E-02
    9.8936816386E-01    8.4510618677E-01    0.0000000000E+00    2.8901862567E-02    1.5616523946E-02
    9.3936608752E-01    4.1657159442E-01    0.0000000000E+00    1.6552171087E-01    1.8287100970E-01
    2.0945284589E-01    8.9863671814E-01    0.0000000000E+00    2.2517203532E-01    1.9146795249E-01
    9.7466280614E-01    7.8055371179E-01    0.0000000000E+00    6.2192134119E-02    5.0578186143E-02
    6.2607377134E-01    1.3057574304E-01    0.0000000000E+00    3.5603373342E-01    3.6793291015E-01
    6.8717109356E-01    2.7388315429E-01    0.0000000000E+00    6.2369313984E-01    6.3079076955E-01
    3.0530609416E-02    1.1488725226E-01    0.0000000000E+00    5.5731426212E-02    3.3819753862E-02
    7.0108860372E-01    4.7176201317E-01    0.0000000000E+00    7.9581270827E-01    8.0382865518E-01
    3.4969987723E-01    9.2798656883E-01    0.0000000000E+00    2.1535441577E-01    1.9976724382E-01
    5.9287176901E-01    7.2118402633E-01    0.0000000000E+00    7.3217319675E-01    7.3567356625E-01
    3.8402702516E-01    2.7728640404E-01    0.0000000000E+00    7.1714867742E-01    7.1483268453E-01
    9.3224641957E-01    7.3325831857E-01    0.0000000000E+00    1.5721102916E-01    1.5702301982E-01
    1.4560622190E-01    6.6706643708E-01    0.0000000000E+00    3.6986563769E-01    3.8220132641E-01
    9.0297211879E-01    6.5917223368E-01    0.0000000000E+00    2.4800736207E-01    2.6337529934E-01
    7.1647199312E-01    1.8750746042E-01    0.0000000000E+00    4.2978404495E-01    4.3198806375E-01
    5.3026458857E-01    1.0618798391E-01    0.0000000000E+00    3.0268042063E-01    3.2596715278E-01
    4.1799428706E-01    6.4430925959E-01    0.0000000000E+00    8.7737786134E-01    8.6931102168E-01
    1.2228656155E-01    3.5601190760E-02    0.0000000000E+00    7.0063649379E-02    4.1831284357E-02
    3.1432022818E-01    5.1529962021E-01    0.0000000000E+00    8.3241490524E-01    8.3366905739E-01
    7.6894902208E-01    5.4849320223E-01    0.0000000000E+00    6.3554270286E-01    6.5609683645E-01
    7.1035854500E-01    6.3098296784E-01    0.0000000000E+00    7.1137478673E-01    7.2356268566E-01
    8.4613012644E-02    5.7451007609E-01    0.0000000000E+00    2.3040493408E-01    2.5553584805E-01
    6.9528510639E-01    4.8825643536E-01    0.0000000000E+00    8.1000240119E-01    8.1707797368E-01
    6.9191431159E-01    7.5127215212E-02    0.0000000000E+00    1.9581373422E-01    1.9260559057E-01
    7.0382835620E-02    6.7198721256E-02    0.0000000000E+00    7.2469418356E-02    4.5957046427E-02
    6.7174497007E-01    5.8764445264E-01    0.0000000000E+00    8.2078607333E-01    8.2562168170E-01
    1.7449179809E-02    2.1170622848E-01    0.0000000000E+00    4.7683908416E-02    3.3813225672E-02
    6.5035359459E-01    6.0889288607E-01    0.0000000000E+00    8.3674020557E-01    8.3889997345E-01
    5.9385524689E-01    1.7054855810E-01    0.0000000000E+00    4.7415097658E-01    4.8849199574E-01
    4.8158063637E-02    9.4977546924E-01    0.0000000000E+00    5.0475331072E-02    2.3682254407E-02
    5.9560280883E-01    2.7462682157E-02    0.0000000000E+00    6.9758234951E-02    8.2312137333E-02
    9.4007894598E-01    7.6377643945E-01    0.0000000000E+00    1.3222560390E-01    1.2647712163E-01
    3.7331154883E-01    8.7591619942E-01    0.0000000000E+00    3.5649288822E-01    3.5031877535E-01
    3.8907326101E-01    3.4800182203E-01    0.0000000000E+00    8.4399923269E-01    8.3475354455E-01
    9.9206224059E-02    2.3836624010E-01    0.0000000000E+00    2.1734839696E-01    2.0876244084E-01
    5.4232646766E-01    9.1071194488E-01    0.0000000000E+00    2.6815668365E-01    2.7439865972E-01
    2.5000000000E-02    0.0000000000E+00    2.0000000000E-02   -8.2727964398E-03    0.0000000000E+00
    2.5000000000E-02    1.0000000000E+00    2.0000000000E-02   -2.6300174730E-03    9.4206641359E-18
    0.0000000000E+00    2.5000000000E-02    2.0000000000E-02   -1.0903703584E-02    0.0000000000E+00
    1.0000000000E+00    2.5000000000E-02    2.0000000000E-02   -3.4851275070E-02    9.4206641359E-18
    2.5000000000E-02    0.0000000000E+00    5.0000000000E-02   -1.9310322889E-02    0.0000000000E+00
    2.5000000000E-02    1.0000000000E+00    5.0000000000E-02   -1.1125814437E-02    9.1458184575E-18
    0.0000000000E+00    2.5000000000E-02    5.0000000000E-02   -2.1648851407E-02    0.0000000000E+00
    1.0000000000E+00    2.5000000000E-02    5.0000000000E-02   -4.3364135873E-02    9.1458184575E-18
    2.5000000000E-02    0.0000000000E+00    8.0000000000E-02   -2.9458975781E-02    0.0000000000E+00
    2.5000000000E-02    1.0000000000E+00    8.0000000000E-02   -1.9388487290E-02    8.8789913376E-18
    0.0000000000E+00    2.5000000000E-02    8.0000000000E-02   -3.1410095506E-02    0.0000000000E+00
    1.0000000000E+00    2.5000000000E-02    8.0000000000E-02   -5.1248822118E-02    8.8789913376E-18
    2.5000000000E-02    0.0000000000E+00    1.0000000000E-01   -3.5723713985E-02    0.0000000000E+00
    2.5000000000E-02    1.0000000000E+00    1.0000000000E-01   -2.4782209472E-02    8.7054455370E-18
    0.0000000000E+00    2.5000000000E-02    1.0000000000E-01   -3.7370412842E-02    0.0000000000E+00
    1.0000000000E+00    2.5000000000E-02    1.0000000000E-01   -5.6168790531E-02    8.7054455370E-18
    7.5000000000E-02    0.0000000000E+00    2.0000000000E-02    9.5360685422E-03    0.0000000000E+00
    7.5000000000E-02    1.0000000000E+00    2.0000000000E-02    1.8662052669E-02    2.8030024391E-17
    0.0000000000E+00    7.5000000000E-02    2.0000000000E-02    3.2823002112E-03    0.0000000000E+00
    1.0000000000E+00    7.5000000000E-02    2.0000000000E-02   -1.6317874416E-02    2.8030024391E-17
    7.5000000000E-02    0.0000000000E+00    5.0000000000E-02   -3.4860580180E-04    0.0000000000E+00
    7.5000000000E-02    1.0000000000E+00    5.0000000000E-02    1.0406371543E-02    2.7212254969E-17
    0.0000000000E+00    7.5000000000E-02    5.0000000000E-02   -5.8159869521E-03    0.0000000000E+00
    1.0000000000E+00    7.5000000000E-02    5.0000000000E-02   -2.4071130031E-02    2.7212254969E-17
    7.5000000000E-02    0.0000000000E+00    8.0000000000E-02   -9.4472752321E-03    0.0000000000E+00
    7.5000000000E-02    1.0000000000E+00    8.0000000000E-02    2.4136484207E-03    2.6418343778E-17
    0.0000000000E+00    7.5000000000E-02    8.0000000000E-02   -1.3856300854E-02    0.0000000000E+00
    1.0000000000E+00    7.5000000000E-02    8.0000000000E-02   -3.1208761376E-02    2.6418343778E-17
    7.5000000000E-02    0.0000000000E+00    1.0000000000E-01   -1.5074441952E-02    0.0000000000E+00
    7.5000000000E-02    1.0000000000E+00    1.0000000000E-01   -2.7972588844E-03    2.5901979650E-17
    0.0000000000E+00    7.5000000000E-02    1.0000000000E-01   -1.8644932595E-02    0.0000000000E+00
    1.0000000000E+00    7.5000000000E-02    1.0000000000E-01   -3.5647843732E-02    2.5901979650E-17
    1.2500000000E-01    0.0000000000E+00    2.0000000000E-02    1.8140402106E-02    0.0000000000E+00
    1.2500000000E-01    1.0000000000E+00    2.0000000000E-02    3.2079453749E-02    4.5949192420E-17
    0.0000000000E+00    1.2500000000E-01    2.0000000000E-02    1.0552140096E-02    0.0000000000E+00
    1.0000000000E+00    1.2500000000E-01    2.0000000000E-02   -4.2990559321E-03    4.5949192420E-17
    1.2500000000E-01    0.0000000000E+00    5.0000000000E-02    9.9712579151E-03    0.0000000000E+00
    1.2500000000E-01    1.0000000000E+00    5.0000000000E-02    2.4579506237E-02    4.4608635450E-17
    0.0000000000E+00    1.2500000000E-01    5.0000000000E-02    3.5246855010E-03    0.0000000000E+00
    1.0000000000E+00    1.2500000000E-01    5.0000000000E-02   -1.0983414789E-02    4.4608635450E-17
    1.2500000000E-01    0.0000000000E+00    8.0000000000E-02    2.4926473395E-03    0.0000000000E+00
    1.2500000000E-01    1.0000000000E+00    8.0000000000E-02    1.7365102570E-02    4.3307188918E-17
    0.0000000000E+00    1.2500000000E-01    8.0000000000E-02   -2.3912064928E-03    0.0000000000E+00
    1.0000000000E+00    1.2500000000E-01    8.0000000000E-02   -1.7079248133E-02    4.3307188918E-17
    1.2500000000E-01    0.0000000000E+00    1.0000000000E-01   -2.1173201434E-03    0.0000000000E+00
    1.2500000000E-01    1.0000000000E+00    1.0000000000E-01    1.2670016640E-02    4.2460721060E-17
    0.0000000000E+00    1.2500000000E-01    1.0000000000E-01   -5.7517961979E-03    0.0000000000E+00
    1.0000000000E+00    1.2500000000E-01    1.0000000000E-01   -2.0850358273E-02    4.2460721060E-17
    1.7500000000E-01    0.0000000000E+00    2.0000000000E-02    1.8939815243E-02    0.0000000000E+00
    1.7500000000E-01    1.0000000000E+00    2.0000000000E-02    3.8408047939E-02    6.2736938834E-17
    0.0000000000E+00    1.7500000000E-01    2.0000000000E-02    1.2176269379E-02    0.0000000000E+00
    1.0000000000E+00    1.7500000000E-01    2.0000000000E-02    2.1494494554E-03    6.2736938834E-17
    1.7500000000E-01    0.0000000000E+00    5.0000000000E-02    1.2897632721E-02    0.0000000000E+00
    1.7500000000E-01    1.0000000000E+00    5.0000000000E-02    3.2104296184E-02    6.0906603280E-17
    0.0000000000E+00    1.7500000000E-01    5.0000000000E-02    7.4901490966E-03    0.0000000000E+00
    1.0000000000E+00    1.7500000000E-01    5.0000000000E-02   -3.2145944943E-03    6.0906603280E-17
    1.7500000000E-01    0.0000000000E+00    8.0000000000E-02    7.4609199613E-03    0.0000000000E+00
    1.7500000000E-01    1.0000000000E+00    8.0000000000E-02    2.6100006098E-02    5.9129667338E-17
    0.0000000000E+00    1.7500000000E-01    8.0000000000E-02    3.9426272173E-03    0.0000000000E+00
    1.0000000000E+00    1.7500000000E-01    8.0000000000E-02   -8.0339942881E-03    5.9129667338E-17
    1.7500000000E-01    0.0000000000E+00    1.0000000000E-01    4.1516082095E-03    0.0000000000E+00
    1.7500000000E-01    1.0000000000E+00    1.0000000000E-01    2.2202681792E-02    5.7973938599E-17
    0.0000000000E+00    1.7500000000E-01    1.0000000000E-01    2.1582168321E-03    0.0000000000E+00
    1.0000000000E+00    1.7500000000E-01    1.0000000000E-01   -1.0990898634E-02    5.7973938599E-17
    2.2500000000E-01    0.0000000000E+00    2.0000000000E-02    1.3916686442E-02    0.0000000000E+00
    2.2500000000E-01    1.0000000000E+00    2.0000000000E-02    3.8863189922E-02    7.7979893603E-17
    0.0000000000E+00    2.2500000000E-01    2.0000000000E-02    9.7293312241E-03    0.0000000000E+00
    1.0000000000E+00    2.2500000000E-01    2.0000000000E-02    4.1814360854E-03    7.7979893603E-17
    2.2500000000E-01    0.0000000000E+00    5.0000000000E-02    1.0216427753E-02    0.0000000000E+00
    2.2500000000E-01    1.0000000000E+00    5.0000000000E-02    3.4078785959E-02    7.5704848399E-17
    0.0000000000E+00    2.2500000000E-01    5.0000000000E-02    7.4793363424E-03    0.0000000000E+00
    1.0000000000E+00    2.2500000000E-01    5.0000000000E-02    3.0900380514E-04    7.5704848399E-17
    2.2500000000E-01    0.0000000000E+00    8.0000000000E-02    7.0496482497E-03    0.0000000000E+00
    2.2500000000E-01    1.0000000000E+00    8.0000000000E-02    2.9599810512E-02    7.3496177108E-17
    0.0000000000E+00    2.2500000000E-01    8.0000000000E-02    6.3659522803E-03    0.0000000000E+00
    1.0000000000E+00    2.2500000000E-01    8.0000000000E-02   -3.0806670087E-03    7.3496177108E-17
    2.2500000000E-01    0.0000000000E+00    1.0000000000E-01    5.1981804706E-03    0.0000000000E+00
    2.2500000000E-01    1.0000000000E+00    1.0000000000E-01    2.6705728552E-02    7.2059645365E-17
    0.0000000000E+00    2.2500000000E-01    1.0000000000E-01    6.1871099323E-03    0.0000000000E+00
    1.0000000000E+00    2.2500000000E-01    1.0000000000E-01   -5.1313343109E-03    7.2059645365E-17
    2.7500000000E-01    0.0000000000E+00    2.0000000000E-02    5.3960838603E-03    0.0000000000E+00
    2.7500000000E-01    1.0000000000E+00    2.0000000000E-02    3.4990286655E-02    9.1302724590E-17
    0.0000000000E+00    2.7500000000E-01    2.0000000000E-02    4.9056026301E-03    0.0000000000E+00
    1.0000000000E+00    2.7500000000E-01    2.0000000000E-02    3.0940405448E-03    9.1302724590E-17
    2.7500000000E-01    0.0000000000E+00    5.0000000000E-02    4.0287227687E-03    0.0000000000E+00
    2.7500000000E-01    1.0000000000E+00    5.0000000000E-02    3.1896782100E-02    8.8638988900E-17
    0.0000000000E+00    2.7500000000E-01    5.0000000000E-02    5.0040167124E-03    0.0000000000E+00
    1.0000000000E+00    2.7500000000E-01    5.0000000000E-02    7.8263434157E-04    8.8638988900E-17
    2.7500000000E-01    0.0000000000E+00    8.0000000000E-02    3.1389908015E-03    0.0000000000E+00
    2.7500000000E-01    1.0000000000E+00    8.0000000000E-02    2.9109579292E-02    8.6052967078E-17
    0.0000000000E+00    2.7500000000E-01    8.0000000000E-02    6.2093365097E-03    0.0000000000E+00
    1.0000000000E+00    2.7500000000E-01    8.0000000000E-02   -1.1251448609E-03    8.6052967078E-17
    2.7500000000E-01    0.0000000000E+00    1.0000000000E-01    2.7586579508E-03    0.0000000000E+00
    2.7500000000E-01    1.0000000000E+00    1.0000000000E-01    2.7327543169E-02    8.4371004510E-17
    0.0000000000E+00    2.7500000000E-01    1.0000000000E-01    7.5465258293E-03    0.0000000000E+00
    1.0000000000E+00    2.7500000000E-01    1.0000000000E-01   -2.2436630239E-03    8.4371004510E-17
    3.2500000000E-01    0.0000000000E+00    2.0000000000E-02   -4.2270730276E-03    0.0000000000E+00
    3.2500000000E-01    1.0000000000E+00    2.0000000000E-02    2.8523683916E-02    1.0237737948E-16
    0.0000000000E+00    3.2500000000E-01    2.0000000000E-02   -6.5693147646E-04    0.0000000000E+00
    1.0000000000E+00    3.2500000000E-01    2.0000000000E-02    2.4071984971E-04    1.0237737948E-16
    3.2500000000E-01    0.0000000000E+00    5.0000000000E-02   -3.4992654619E-03    0.0000000000E+00
    3.2500000000E-01    1.0000000000E+00    5.0000000000E-02    2.7119588584E-02    9.9390543319E-17
    0.0000000000E+00    3.2500000000E-01    5.0000000000E-02    1.5289712631E-03    0.0000000000E+00
    1.0000000000E+00    3.2500000000E-01    5.0000000000E-02   -5.5923019363E-04    9.9390543319E-17
    3.2500000000E-01    0.0000000000E+00    8.0000000000E-02   -2.3298567090E-03    0.0000000000E+00
    3.2500000000E-01    1.0000000000E+00    8.0000000000E-02    2.6022193976E-02    9.6490847405E-17
    0.0000000000E+00    3.2500000000E-01    8.0000000000E-02    4.7688126420E-03    0.0000000000E+00
    1.0000000000E+00    3.2500000000E-01    8.0000000000E-02   -1.0485161567E-03    9.6490847405E-17
    3.2500000000E-01    0.0000000000E+00    1.0000000000E-01   -1.3720847510E-03    0.0000000000E+00
    3.2500000000E-01    1.0000000000E+00    1.0000000000E-01    2.5352141999E-02    9.4604869513E-17
    0.0000000000E+00    3.2500000000E-01    1.0000000000E-01    7.4232771421E-03    0.0000000000E+00
    1.0000000000E+00    3.2500000000E-01    1.0000000000E-01   -1.2831526806E-03    9.4604869513E-17
    3.7500000000E-01    0.0000000000E+00    2.0000000000E-02   -1.2765517890E-02    0.0000000000E+00
    3.7500000000E-01    1.0000000000E+00    2.0000000000E-02    2.1210983790E-02    1.1093116352E-16
    0.0000000000E+00    3.7500000000E-01    2.0000000000E-02   -5.5296576482E-03    0.0000000000E+00
    1.0000000000E+00    3.7500000000E-01    2.0000000000E-02   -3.0769199095E-03    1.1093116352E-16
    3.7500000000E-01    0.0000000000E+00    5.0000000000E-02   -1.0387498601E-02    0.0000000000E+00
    3.7500000000E-01    1.0000000000E+00    5.0000000000E-02    2.1318024812E-02    1.0769477270E-16
    0.0000000000E+00    3.7500000000E-01    5.0000000000E-02   -1.6657915875E-03    0.0000000000E+00
    1.0000000000E+00    3.7500000000E-01    5.0000000000E-02   -2.5413446669E-03    1.0769477270E-16
    3.7500000000E-01    0.0000000000E+00    8.0000000000E-02   -7.5803996884E-03    0.0000000000E+00
    3.7500000000E-01    1.0000000000E+00    8.0000000000E-02    2.1737190893E-02    1.0455280283E-16
    0.0000000000E+00    3.7500000000E-01    8.0000000000E-02    3.1821674436E-03    0.0000000000E+00
    1.0000000000E+00    3.7500000000E-01    8.0000000000E-02   -1.7956631147E-03    1.0455280283E-16
    3.7500000000E-01    0.0000000000E+00    1.0000000000E-01   -5.5498038399E-03    0.0000000000E+00
    3.7500000000E-01    1.0000000000E+00    1.0000000000E-01    2.2068671370E-02    1.0250924865E-16
    0.0000000000E+00    3.7500000000E-01    1.0000000000E-01    6.8643166033E-03    0.0000000000E+00
    1.0000000000E+00    3.7500000000E-01    1.0000000000E-01   -1.2704250089E-03    1.0250924865E-16
    4.2500000000E-01    0.0000000000E+00    2.0000000000E-02   -1.8491913266E-02    0.0000000000E+00
    4.2500000000E-01    1.0000000000E+00    2.0000000000E-02    1.4618978889E-02    1.1675345415E-16
    0.0000000000E+00    4.2500000000E-01    2.0000000000E-02   -8.6139878010E-03    0.0000000000E+00
    1.0000000000E+00    4.2500000000E-01    2.0000000000E-02   -5.7310439423E-03    1.1675345415E-16
    4.2500000000E-01    0.0000000000E+00    5.0000000000E-02   -1.5068070486E-02    0.0000000000E+00
    4.2500000000E-01    1.0000000000E+00    5.0000000000E-02    1.5899387051E-02    1.1334719937E-16
    0.0000000000E+00    4.2500000000E-01    5.0000000000E-02   -3.5928424542E-03    0.0000000000E+00
    1.0000000000E+00    4.2500000000E-01    5.0000000000E-02   -4.1554244280E-03    1.1334719937E-16
    4.2500000000E-01    0.0000000000E+00    8.0000000000E-02   -1.1201817085E-02    0.0000000000E+00
    4.2500000000E-01    1.0000000000E+00    8.0000000000E-02    1.7507410698E-02    1.1004032127E-16
    0.0000000000E+00    4.2500000000E-01    8.0000000000E-02    2.3325165742E-03    0.0000000000E+00
    1.0000000000E+00    4.2500000000E-01    8.0000000000E-02   -2.4694220809E-03    1.1004032127E-16
    4.2500000000E-01    0.0000000000E+00    1.0000000000E-01   -8.4660920554E-03    0.0000000000E+00
    4.2500000000E-01    1.0000000000E+00    1.0000000000E-01    1.8630404617E-02    1.0788950988E-16
    0.0000000000E+00    4.2500000000E-01    1.0000000000E-01    6.6871106292E-03    0.0000000000E+00
    1.0000000000E+00    4.2500000000E-01    1.0000000000E-01   -1.3770632443E-03    1.0788950988E-16
    4.7500000000E-01    0.0000000000E+00    2.0000000000E-02   -2.0335492253E-02    0.0000000000E+00
    4.7500000000E-01    1.0000000000E+00    2.0000000000E-02    9.9465437953E-03    1.1970088726E-16
    0.0000000000E+00    4.7500000000E-01    2.0000000000E-02   -9.2237120832E-03    0.0000000000E+00
    1.0000000000E+00    4.7500000000E-01    2.0000000000E-02   -6.8877305261E-03    1.1970088726E-16
    4.7500000000E-01    0.0000000000E+00    5.0000000000E-02   -1.6560026581E-02    0.0000000000E+00
    4.7500000000E-01    1.0000000000E+00    5.0000000000E-02    1.1941534915E-02    1.1620864180E-16
    0.0000000000E+00    4.7500000000E-01    5.0000000000E-02   -3.6308554293E-03    0.0000000000E+00
    1.0000000000E+00    4.7500000000E-01    5.0000000000E-02   -4.6639889380E-03    1.1620864180E-16
    4.7500000000E-01    0.0000000000E+00    8.0000000000E-02   -1.2303529422E-02    0.0000000000E+00
    4.7500000000E-01    1.0000000000E+00    8.0000000000E-02    1.4292769983E-02    1.1281828179E-16
    0.0000000000E+00    4.7500000000E-01    8.0000000000E-02    2.7822910892E-03    0.0000000000E+00
    1.0000000000E+00    4.7500000000E-01    8.0000000000E-02   -2.4194227310E-03    1.1281828179E-16
    4.7500000000E-01    0.0000000000E+00    1.0000000000E-01   -9.2903774927E-03    0.0000000000E+00
    4.7500000000E-01    1.0000000000E+00    1.0000000000E-01    1.5920787631E-02    1.1061317331E-16
    0.0000000000E+00    4.7500000000E-01    1.0000000000E-01    7.4179516906E-03    0.0000000000E+00
    1.0000000000E+00    4.7500000000E-01    1.0000000000E-01   -1.0052868939E-03    1.1061317331E-16
    5.2500000000E-01    0.0000000000E+00    2.0000000000E-02   -1.7996247234E-02    0.0000000000E+00
    5.2500000000E-01    1.0000000000E+00    2.0000000000E-02    7.8750033415E-03    1.1970088726E-16
    0.0000000000E+00    5.2500000000E-01    2.0000000000E-02   -7.1264888263E-03    0.0000000000E+00
    1.0000000000E+00    5.2500000000E-01    2.0000000000E-02   -6.1048251402E-03    1.1970088726E-16
    5.2500000000E-01    0.0000000000E+00    5.0000000000E-02   -1.4571186990E-02    0.0000000000E+00
    5.2500000000E-01    1.0000000000E+00    5.0000000000E-02    1.0060360859E-02    1.1620864180E-16
    0.0000000000E+00    5.2500000000E-01    5.0000000000E-02   -1.5624255620E-03    0.0000000000E+00
    1.0000000000E+00    5.2500000000E-01    5.0000000000E-02   -3.6834247554E-03    1.1620864180E-16
    5.2500000000E-01    0.0000000000E+00    8.0000000000E-02   -1.0605734172E-02    0.0000000000E+00
    5.2500000000E-01    1.0000000000E+00    8.0000000000E-02    1.2643622111E-02    1.1281828179E-16
    0.0000000000E+00    5.2500000000E-01    8.0000000000E-02    4.7382439698E-03    0.0000000000E+00
    1.0000000000E+00    5.2500000000E-01    8.0000000000E-02   -1.3119919610E-03    1.1281828179E-16
    5.2500000000E-01    0.0000000000E+00    1.0000000000E-01   -7.7535240811E-03    0.0000000000E+00
    5.2500000000E-01    1.0000000000E+00    1.0000000000E-01    1.4446719407E-02    1.1061317331E-16
    0.0000000000E+00    5.2500000000E-01    1.0000000000E-01    9.2584307248E-03    0.0000000000E+00
    1.0000000000E+00    5.2500000000E-01    1.0000000000E-01    1.4995562219E-04    1.1061317331E-16
    5.7500000000E-01    0.0000000000E+00    2.0000000000E-02   -1.1959761100E-02    0.0000000000E+00
    5.7500000000E-01    1.0000000000E+00    2.0000000000E-02    8.4840825857E-03    1.1675345415E-16
    0.0000000000E+00    5.7500000000E-01    2.0000000000E-02   -2.5451890528E-03    0.0000000000E+00
    1.0000000000E+00    5.7500000000E-01    2.0000000000E-02   -3.3879968179E-03    1.1675345415E-16
    5.7500000000E-01    0.0000000000E+00    5.0000000000E-02   -9.5136473374E-03    0.0000000000E+00
    5.7500000000E-01    1.0000000000E+00    5.0000000000E-02    1.0334658589E-02    1.1334719937E-16
    0.0000000000E+00    5.7500000000E-01    5.0000000000E-02    2.4227184252E-03    0.0000000000E+00
    1.0000000000E+00    5.7500000000E-01    5.0000000000E-02   -1.2304874644E-03    1.1334719937E-16
    5.7500000000E-01    0.0000000000E+00    8.0000000000E-02   -6.4555384326E-03    0.0000000000E+00
    5.7500000000E-01    1.0000000000E+00    8.0000000000E-02    1.2634101997E-02    1.1004032127E-16
    0.0000000000E+00    5.7500000000E-01    8.0000000000E-02    8.0461515316E-03    0.0000000000E+00
    1.0000000000E+00    5.7500000000E-01    8.0000000000E-02    8.3141628806E-04    1.1004032127E-16
    5.7500000000E-01    0.0000000000E+00    1.0000000000E-01   -4.1643161556E-03    0.0000000000E+00
    5.7500000000E-01    1.0000000000E+00    1.0000000000E-01    1.4277290908E-02    1.0788950988E-16
    0.0000000000E+00    5.7500000000E-01    1.0000000000E-01    1.2078674409E-02    0.0000000000E+00
    1.0000000000E+00    5.7500000000E-01    1.0000000000E-01    2.0671359682E-03    1.0788950988E-16
    6.2500000000E-01    0.0000000000E+00    2.0000000000E-02   -3.4117460415E-03    0.0000000000E+00
    6.2500000000E-01    1.0000000000E+00    2.0000000000E-02    1.1250486431E-02    1.1093116352E-16
    0.0000000000E+00    6.2500000000E-01    2.0000000000E-02    3.8770014815E-03    0.0000000000E+00
    1.0000000000E+00    6.2500000000E-01    2.0000000000E-02    8.0706200662E-04    1.1093116352E-16
    6.2500000000E-01    0.0000000000E+00    5.0000000000E-02   -2.4325939056E-03    0.0000000000E+00
    6.2500000000E-01    1.0000000000E+00    5.0000000000E-02    1.2303045210E-02    1.0769477270E-16
    0.0000000000E+00    6.2500000000E-01    5.0000000000E-02    7.7557138657E-03    0.0000000000E+00
    1.0000000000E+00    6.2500000000E-01    5.0000000000E-02    2.2773310659E-03    1.0769477270E-16
    6.2500000000E-01    0.0000000000E+00    8.0000000000E-02   -7.6869808544E-04    0.0000000000E+00
    6.2500000000E-01    1.0000000000E+00    8.0000000000E-02    1.3857952717E-02    1.0455280283E-16
    0.0000000000E+00    6.2500000000E-01    8.0000000000E-02    1.2212298788E-02    0.0000000000E+00
    1.0000000000E+00    6.2500000000E-01    8.0000000000E-02    3.6347844112E-03    1.0455280283E-16
    6.2500000000E-01    0.0000000000E+00    1.0000000000E-01    6.4100198440E-04    0.0000000000E+00
    6.2500000000E-01    1.0000000000E+00    1.0000000000E-01    1.5039167577E-02    1.0250924865E-16
    0.0000000000E+00    6.2500000000E-01    1.0000000000E-01    1.5434740821E-02    0.0000000000E+00
    1.0000000000E+00    6.2500000000E-01    1.0000000000E-01    4.3989145420E-03    1.0250924865E-16
    6.7500000000E-01    0.0000000000E+00    2.0000000000E-02    5.9302220503E-03    0.0000000000E+00
    6.7500000000E-01    1.0000000000E+00    2.0000000000E-02    1.5129125997E-02    1.0237737948E-16
    0.0000000000E+00    6.7500000000E-01    2.0000000000E-02    1.1141119809E-02    0.0000000000E+00
    1.0000000000E+00    6.7500000000E-01    2.0000000000E-02    5.6268588265E-03    1.0237737948E-16
    6.7500000000E-01    0.0000000000E+00    5.0000000000E-02    5.1371909471E-03    0.0000000000E+00
    6.7500000000E-01    1.0000000000E+00    5.0000000000E-02    1.5033280005E-02    9.9390543319E-17
    0.0000000000E+00    6.7500000000E-01    5.0000000000E-02    1.3542492476E-02    0.0000000000E+00
    1.0000000000E+00    6.7500000000E-01    5.0000000000E-02    6.0677996841E-03    9.9390543319E-17
    6.7500000000E-01    0.0000000000E+00    8.0000000000E-02    5.0914018171E-03    0.0000000000E+00
    6.7500000000E-01    1.0000000000E+00    8.0000000000E-02    1.5487371423E-02    9.6490847405E-17
    0.0000000000E+00    6.7500000000E-01    8.0000000000E-02    1.6447589459E-02    0.0000000000E+00
    1.0000000000E+00    6.7500000000E-01    8.0000000000E-02    6.4071757129E-03    9.6490847405E-17
    6.7500000000E-01    0.0000000000E+00    1.0000000000E-01    5.4061119168E-03    0.0000000000E+00
    6.7500000000E-01    1.0000000000E+00    1.0000000000E-01    1.5969221397E-02    9.4604869513E-17
    0.0000000000E+00    6.7500000000E-01    1.0000000000E-01    1.8606663441E-02    0.0000000000E+00
    1.0000000000E+00    6.7500000000E-01    1.0000000000E-01    6.5076057955E-03    9.4604869513E-17
    7.2500000000E-01    0.0000000000E+00    2.0000000000E-02    1.4035254125E-02    0.0000000000E+00
    7.2500000000E-01    1.0000000000E+00    2.0000000000E-02    1.8699558611E-02    9.1302724590E-17
    0.0000000000E+00    7.2500000000E-01    2.0000000000E-02    1.7978275399E-02    0.0000000000E+00
    1.0000000000E+00    7.2500000000E-01    2.0000000000E-02    9.9159681759E-03    9.1302724590E-17
    7.2500000000E-01    0.0000000000E+00    5.0000000000E-02    1.1360596882E-02    0.0000000000E+00
    7.2500000000E-01    1.0000000000E+00    5.0000000000E-02    1.7249557405E-02    8.8638988900E-17
    0.0000000000E+00    7.2500000000E-01    5.0000000000E-02    1.8637144374E-02    0.0000000000E+00
    1.0000000000E+00    7.2500000000E-01    5.0000000000E-02    9.0973543406E-03    8.8638988900E-17
    7.2500000000E-01    0.0000000000E+00    8.0000000000E-02    9.4761774675E-03    0.0000000000E+00
    7.2500000000E-01    1.0000000000E+00    8.0000000000E-02    1.6383008339E-02    8.6052967078E-17
    0.0000000000E+00    7.2500000000E-01    8.0000000000E-02    1.9729333685E-02    0.0000000000E+00
    1.0000000000E+00    7.2500000000E-01    8.0000000000E-02    8.2142356306E-03    8.6052967078E-17
    7.2500000000E-01    0.0000000000E+00    1.0000000000E-01    8.6006095262E-03    0.0000000000E+00
    7.2500000000E-01    1.0000000000E+00    1.0000000000E-01    1.6014020208E-02    8.4371004510E-17
    0.0000000000E+00    7.2500000000E-01    1.0000000000E-01    2.0653076185E-02    0.0000000000E+00
    1.0000000000E+00    7.2500000000E-01    1.0000000000E-01    7.5291880529E-03    8.4371004510E-17
    7.7500000000E-01    0.0000000000E+00    2.0000000000E-02    1.8789161635E-02    0.0000000000E+00
    7.7500000000E-01    1.0000000000E+00    2.0000000000E-02    2.0348230894E-02    7.7979893603E-17
    0.0000000000E+00    7.7500000000E-01    2.0000000000E-02    2.2948074929E-02    0.0000000000E+00
    1.0000000000E+00    7.7500000000E-01    2.0000000000E-02    1.2338422208E-02    7.7979893603E-17
    7.7500000000E-01    0.0000000000E+00    5.0000000000E-02    1.4305196792E-02    0.0000000000E+00
    7.7500000000E-01    1.0000000000E+00    5.0000000000E-02    1.7492962858E-02    7.5704848399E-17
    0.0000000000E+00    7.7500000000E-01    5.0000000000E-02    2.1727918689E-02    0.0000000000E+00
    1.0000000000E+00    7.7500000000E-01    5.0000000000E-02    1.0156955850E-02    7.5704848399E-17
    7.7500000000E-01    0.0000000000E+00    8.0000000000E-02    1.0629602892E-02    0.0000000000E+00
    7.7500000000E-01    1.0000000000E+00    8.0000000000E-02    1.5234329740E-02    7.3496177108E-17
    0.0000000000E+00    7.7500000000E-01    8.0000000000E-02    2.0875560552E-02    0.0000000000E+00
    1.0000000000E+00    7.7500000000E-01    8.0000000000E-02    7.9694550458E-03    7.3496177108E-17
    7.7500000000E-01    0.0000000000E+00    1.0000000000E-01    8.5820124431E-03    0.0000000000E+00
    7.7500000000E-01    1.0000000000E+00    1.0000000000E-01    1.3957764822E-02    7.2059645365E-17
    0.0000000000E+00    7.7500000000E-01    1.0000000000E-01    2.0478206931E-02    0.0000000000E+00
    1.0000000000E+00    7.7500000000E-01    1.0000000000E-01    6.4554822978E-03    7.2059645365E-17
    8.2500000000E-01    0.0000000000E+00    2.0000000000E-02    1.8201495884E-02    0.0000000000E+00
    8.2500000000E-01    1.0000000000E+00    2.0000000000E-02    1.8454054821E-02    6.2736938834E-17
    0.0000000000E+00    8.2500000000E-01    2.0000000000E-02    2.4541803937E-02    0.0000000000E+00
    1.0000000000E+00    8.2500000000E-01    2.0000000000E-02    1.1504943213E-02    6.2736938834E-17
    8.2500000000E-01    0.0000000000E+00    5.0000000000E-02    1.2128814677E-02    0.0000000000E+00
    8.2500000000E-01    1.0000000000E+00    5.0000000000E-02    1.4287202486E-02    6.0906603280E-17
    0.0000000000E+00    8.2500000000E-01    5.0000000000E-02    2.1429669735E-02    0.0000000000E+00
    1.0000000000E+00    8.2500000000E-01    5.0000000000E-02    7.9840291467E-03    6.0906603280E-17
    8.2500000000E-01    0.0000000000E+00    8.0000000000E-02    6.8568501248E-03    0.0000000000E+00
    8.2500000000E-01    1.0000000000E+00    8.0000000000E-02    1.0706578647E-02    5.9129667338E-17
    0.0000000000E+00    8.2500000000E-01    8.0000000000E-02    1.8627078009E-02    0.0000000000E+00
    1.0000000000E+00    8.2500000000E-01    8.0000000000E-02    4.5317924394E-03    5.9129667338E-17
    8.2500000000E-01    0.0000000000E+00    1.0000000000E-01    3.7522156654E-03    0.0000000000E+00
    8.2500000000E-01    1.0000000000E+00    1.0000000000E-01    8.5574047623E-03    5.7973938599E-17
    0.0000000000E+00    8.2500000000E-01    1.0000000000E-01    1.6907283275E-02    0.0000000000E+00
    1.0000000000E+00    8.2500000000E-01    1.0000000000E-01    2.2228677473E-03    5.7973938599E-17
    8.7500000000E-01    0.0000000000E+00    2.0000000000E-02    1.0567726563E-02    0.0000000000E+00
    8.7500000000E-01    1.0000000000E+00    2.0000000000E-02    1.1550346409E-02    4.5949192420E-17
    0.0000000000E+00    8.7500000000E-01    2.0000000000E-02    2.1284421831E-02    0.0000000000E+00
    1.0000000000E+00    8.7500000000E-01    2.0000000000E-02    6.0898169782E-03    4.5949192420E-17
    8.7500000000E-01    0.0000000000E+00    5.0000000000E-02    3.2319629168E-03    0.0000000000E+00
    8.7500000000E-01    1.0000000000E+00    5.0000000000E-02    6.2858368952E-03    4.4608635450E-17
    0.0000000000E+00    8.7500000000E-01    5.0000000000E-02    1.6377817014E-02    0.0000000000E+00
    1.0000000000E+00    8.7500000000E-01    5.0000000000E-02    1.3667570519E-03    4.4608635450E-17
    8.7500000000E-01    0.0000000000E+00    8.0000000000E-02   -3.3336599094E-03    0.0000000000E+00
    8.7500000000E-01    1.0000000000E+00    8.0000000000E-02    1.5735806623E-03    4.3307188918E-17
    0.0000000000E+00    8.7500000000E-01    8.0000000000E-02    1.1733273884E-02    0.0000000000E+00
    1.0000000000E+00    8.7500000000E-01    8.0000000000E-02   -3.2018494499E-03    4.3307188918E-17
    8.7500000000E-01    0.0000000000E+00    1.0000000000E-01   -7.3076191804E-03    0.0000000000E+00
    8.7500000000E-01    1.0000000000E+00    1.0000000000E-01   -1.3339253375E-03    4.2460721060E-17
    0.0000000000E+00    8.7500000000E-01    1.0000000000E-01    8.7669036261E-03    0.0000000000E+00
    1.0000000000E+00    8.7500000000E-01    1.0000000000E-01   -6.2026346773E-03    4.2460721060E-17
    9.2500000000E-01    0.0000000000E+00    2.0000000000E-02   -5.4201900858E-03    0.0000000000E+00
    9.2500000000E-01    1.0000000000E+00    2.0000000000E-02   -1.5532316946E-03    2.8030024391E-17
    0.0000000000E+00    9.2500000000E-01    2.0000000000E-02    1.1831567949E-02    0.0000000000E+00
    1.0000000000E+00    9.2500000000E-01    2.0000000000E-02   -5.0726454437E-03    2.8030024391E-17
    9.2500000000E-01    0.0000000000E+00    5.0000000000E-02   -1.3632535524E-02    0.0000000000E+00
    9.2500000000E-01    1.0000000000E+00    5.0000000000E-02   -7.6141158613E-03    2.7212254969E-17
    0.0000000000E+00    9.2500000000E-01    5.0000000000E-02    5.3202922420E-03    0.0000000000E+00
    1.0000000000E+00    9.2500000000E-01    5.0000000000E-02   -1.0768129645E-02    2.7212254969E-17
    9.2500000000E-01    0.0000000000E+00    8.0000000000E-02   -2.1122973866E-02    0.0000000000E+00
    9.2500000000E-01    1.0000000000E+00    8.0000000000E-02   -1.3177415535E-02    2.6418343778E-17
    0.0000000000E+00    9.2500000000E-01    8.0000000000E-02   -9.6154532932E-04    0.0000000000E+00
    1.0000000000E+00    9.2500000000E-01    8.0000000000E-02   -1.6217053028E-02    2.6418343778E-17
    9.2500000000E-01    0.0000000000E+00    1.0000000000E-01   -2.5732033198E-02    0.0000000000E+00
    9.2500000000E-01    1.0000000000E+00    1.0000000000E-01   -1.6668044817E-02    2.5901979650E-17
    0.0000000000E+00    9.2500000000E-01    1.0000000000E-01   -5.0325999665E-03    0.0000000000E+00
    1.0000000000E+00    9.2500000000E-01    1.0000000000E-01   -1.9750994043E-02    2.5901979650E-17
    9.7500000000E-01    0.0000000000E+00    2.0000000000E-02   -3.0609612821E-02    0.0000000000E+00
    9.7500000000E-01    1.0000000000E+00    2.0000000000E-02   -2.1693827092E-02    9.4206641359E-18
    0.0000000000E+00    9.7500000000E-01    2.0000000000E-02   -4.9406385459E-03    0.0000000000E+00
    1.0000000000E+00    9.7500000000E-01    2.0000000000E-02   -2.2915909809E-02    9.4206641359E-18
    9.7500000000E-01    0.0000000000E+00    5.0000000000E-02   -3.9290441927E-02    0.0000000000E+00
    9.7500000000E-01    1.0000000000E+00    5.0000000000E-02   -2.8197836813E-02    9.1458184575E-18
    0.0000000000E+00    9.7500000000E-01    5.0000000000E-02   -1.2795122922E-02    0.0000000000E+00
    1.0000000000E+00    9.7500000000E-01    5.0000000000E-02   -2.9287891492E-02    9.1458184575E-18
    9.7500000000E-01    0.0000000000E+00    8.0000000000E-02   -4.7309139681E-02    0.0000000000E+00
    9.7500000000E-01    1.0000000000E+00    8.0000000000E-02   -3.4274738568E-02    8.8789913376E-18
    0.0000000000E+00    9.7500000000E-01    8.0000000000E-02   -2.0434099567E-02    0.0000000000E+00
    1.0000000000E+00    9.7500000000E-01    8.0000000000E-02   -3.5318982281E-02    8.8789913376E-18
    9.7500000000E-01    0.0000000000E+00    1.0000000000E-01   -5.2297400529E-02    0.0000000000E+00
    9.7500000000E-01    1.0000000000E+00    1.0000000000E-01   -3.8133349938E-02    8.7054455370E-18
    0.0000000000E+00    9.7500000000E-01    1.0000000000E-01   -2.5415704894E-02    0.0000000000E+00
    1.0000000000E+00    9.7500000000E-01    1.0000000000E-01   -3.9188209867E-02    8.7054455370E-18
