# DNNF90 training history: one row per validation event
#  1:epoch  2:patience
#  3:cost_train    4:cost_val    5:cost_input   (per point;
#    the composite objective, Loss_term weights applied --
#    the same sum the optimizer descends)
#  6:cost_train_f  7:cost_train_df  8:cost_val_f  9:cost_val_df
# 10:cost_input_f 11:cost_input_df
# 12:rmse_train_f 13:rmse_train_df 14:rmse_val_f 15:rmse_val_df
# 16:rmse_input_f 17:rmse_input_df
# 18:mae_train_f  19:mae_train_df  20:mae_val_f  21:mae_val_df
# 22:mae_input_f  23:mae_input_df
1  0    0.27552E+00    0.35188E+00    0.28825E+00    0.51029E-01    0.22449E+00    0.73008E-01    0.27887E+00    0.54692E-01    0.23355E+00    0.31947E+00    0.66228E+02    0.38212E+00    0.75080E+02    0.33073E+00    0.67784E+02    0.26032E+00    0.48408E+03    0.30056E+00    0.57085E+03    0.26702E+00    0.49854E+03
100  0    0.23510E-01    0.37524E-01    0.25845E-01    0.11295E-02    0.22380E-01    0.22462E-02    0.35278E-01    0.13156E-02    0.24530E-01    0.47528E-01    0.42555E+02    0.67025E-01    0.37012E+02    0.51295E-01    0.41682E+02    0.37992E-01    0.15846E+03    0.49238E-01    0.17359E+03    0.39866E-01    0.16098E+03
200  0    0.18456E-01    0.27985E-01    0.20044E-01    0.50707E-03    0.17949E-01    0.11383E-02    0.26846E-01    0.61228E-03    0.19432E-01    0.31846E-01    0.26219E+02    0.47715E-01    0.23315E+02    0.34994E-01    0.25758E+02    0.23987E-01    0.11396E+03    0.36707E-01    0.13252E+03    0.26107E-01    0.11706E+03
300  0    0.16860E-01    0.26021E-01    0.18386E-01    0.40351E-03    0.16456E-01    0.10308E-02    0.24990E-01    0.50806E-03    0.17878E-01    0.28408E-01    0.16807E+02    0.45405E-01    0.20141E+02    0.31877E-01    0.17407E+02    0.21221E-01    0.10354E+03    0.36904E-01    0.13408E+03    0.23835E-01    0.10863E+03
400  0    0.15591E-01    0.25232E-01    0.17198E-01    0.35939E-03    0.15231E-01    0.10084E-02    0.24224E-01    0.46755E-03    0.16730E-01    0.26810E-01    0.13670E+02    0.44908E-01    0.21370E+02    0.30579E-01    0.15226E+02    0.19354E-01    0.10480E+03    0.34704E-01    0.14790E+03    0.21912E-01    0.11198E+03
500  0    0.14064E-01    0.23901E-01    0.15703E-01    0.28632E-03    0.13777E-01    0.92261E-03    0.22979E-01    0.39237E-03    0.15311E-01    0.23930E-01    0.14690E+02    0.42956E-01    0.24015E+02    0.28013E-01    0.16612E+02    0.16785E-01    0.10326E+03    0.32530E-01    0.14779E+03    0.19410E-01    0.11068E+03
600  0    0.12568E-01    0.22214E-01    0.14176E-01    0.23925E-03    0.12329E-01    0.81775E-03    0.21397E-01    0.33567E-03    0.13840E-01    0.21875E-01    0.13758E+02    0.40441E-01    0.21725E+02    0.25910E-01    0.15375E+02    0.14767E-01    0.10259E+03    0.30568E-01    0.13538E+03    0.17400E-01    0.10805E+03
700  0    0.11279E-01    0.20487E-01    0.12814E-01    0.19962E-03    0.11079E-01    0.72906E-03    0.19758E-01    0.28786E-03    0.12526E-01    0.19981E-01    0.11953E+02    0.38185E-01    0.17000E+02    0.23994E-01    0.12931E+02    0.14068E-01    0.97849E+02    0.28944E-01    0.12276E+03    0.16547E-01    0.10200E+03
800  0    0.10171E-01    0.18946E-01    0.11633E-01    0.17848E-03    0.99925E-02    0.65857E-03    0.18287E-01    0.25850E-03    0.11375E-01    0.18893E-01    0.11558E+02    0.36292E-01    0.14857E+02    0.22737E-01    0.12170E+02    0.13482E-01    0.97084E+02    0.27039E-01    0.11699E+03    0.15741E-01    0.10040E+03
900  0    0.92682E-02    0.17180E-01    0.10587E-01    0.13615E-03    0.91321E-02    0.52301E-03    0.16657E-01    0.20062E-03    0.10386E-01    0.16501E-01    0.11354E+02    0.32342E-01    0.13596E+02    0.20031E-01    0.11757E+02    0.12020E-01    0.93692E+02    0.24331E-01    0.11049E+03    0.14071E-01    0.96492E+02
1000  0    0.83819E-02    0.15678E-01    0.95979E-02    0.13493E-03    0.82470E-02    0.46547E-03    0.15212E-01    0.19002E-03    0.94079E-02    0.16427E-01    0.12585E+02    0.30511E-01    0.14473E+02    0.19495E-01    0.12919E+02    0.11062E-01    0.10173E+03    0.20852E-01    0.12008E+03    0.12694E-01    0.10478E+03
1100  0    0.76211E-02    0.13822E-01    0.86546E-02    0.11608E-03    0.75050E-02    0.36118E-03    0.13461E-01    0.15693E-03    0.84976E-02    0.15237E-01    0.13418E+02    0.26877E-01    0.15899E+02    0.17716E-01    0.13862E+02    0.10460E-01    0.10751E+03    0.18465E-01    0.12896E+03    0.11794E-01    0.11109E+03
1200  0    0.71155E-02    0.12615E-01    0.80321E-02    0.10660E-03    0.70089E-02    0.31551E-03    0.12300E-01    0.14142E-03    0.78907E-02    0.14602E-01    0.13786E+02    0.25120E-01    0.17732E+02    0.16818E-01    0.14519E+02    0.10226E-01    0.11553E+03    0.17060E-01    0.14203E+03    0.11365E-01    0.11995E+03
1300  0    0.68249E-02    0.11694E-01    0.76364E-02    0.11439E-03    0.67106E-02    0.26319E-03    0.11430E-01    0.13919E-03    0.74972E-02    0.15125E-01    0.13184E+02    0.22943E-01    0.16869E+02    0.16684E-01    0.13866E+02    0.11899E-01    0.11498E+03    0.17719E-01    0.14065E+03    0.12869E-01    0.11926E+03
1400  0    0.66182E-02    0.10840E-01    0.73218E-02    0.10652E-03    0.65117E-02    0.22927E-03    0.10610E-01    0.12697E-03    0.71948E-02    0.14596E-01    0.12410E+02    0.21413E-01    0.15310E+02    0.15936E-01    0.12939E+02    0.10550E-01    0.11387E+03    0.16620E-01    0.13499E+03    0.11562E-01    0.11739E+03
1500  0    0.64395E-02    0.10652E-01    0.71415E-02    0.10102E-03    0.63385E-02    0.22471E-03    0.10427E-01    0.12163E-03    0.70199E-02    0.14214E-01    0.11893E+02    0.21200E-01    0.15043E+02    0.15597E-01    0.12473E+02    0.10056E-01    0.11196E+03    0.15062E-01    0.13465E+03    0.10890E-01    0.11574E+03
1600  0    0.62707E-02    0.10187E-01    0.69233E-02    0.85858E-04    0.61848E-02    0.19672E-03    0.99900E-02    0.10434E-03    0.68190E-02    0.13104E-01    0.11946E+02    0.19835E-01    0.14164E+02    0.14445E-01    0.12343E+02    0.91480E-02    0.11421E+03    0.15044E-01    0.13238E+03    0.10131E-01    0.11724E+03
1700  0    0.61015E-02    0.99555E-02    0.67438E-02    0.76075E-04    0.60254E-02    0.23305E-03    0.97224E-02    0.10224E-03    0.66416E-02    0.12335E-01    0.11607E+02    0.21589E-01    0.14175E+02    0.14299E-01    0.12073E+02    0.85336E-02    0.11220E+03    0.16367E-01    0.13173E+03    0.98391E-02    0.11546E+03
1800  0    0.59195E-02    0.98209E-02    0.65698E-02    0.81560E-04    0.58380E-02    0.25085E-03    0.95701E-02    0.10977E-03    0.64600E-02    0.12772E-01    0.11366E+02    0.22398E-01    0.13497E+02    0.14817E-01    0.11748E+02    0.98207E-02    0.10966E+03    0.18011E-01    0.12529E+03    0.11186E-01    0.11226E+03
1900  0    0.57285E-02    0.91166E-02    0.62932E-02    0.78392E-04    0.56501E-02    0.13729E-03    0.89793E-02    0.88208E-04    0.62050E-02    0.12521E-01    0.11600E+02    0.16570E-01    0.12854E+02    0.13282E-01    0.11818E+02    0.81033E-02    0.11273E+03    0.11693E-01    0.12224E+03    0.87015E-02    0.11431E+03
2000  0    0.53418E-02    0.86684E-02    0.58962E-02    0.64945E-04    0.52769E-02    0.12183E-03    0.85466E-02    0.74425E-04    0.58218E-02    0.11397E-01    0.11172E+02    0.15609E-01    0.11852E+02    0.12200E-01    0.11288E+02    0.80545E-02    0.10916E+03    0.11208E-01    0.11428E+03    0.85800E-02    0.11001E+03
2100  0    0.48293E-02    0.76305E-02    0.52962E-02    0.60171E-04    0.47691E-02    0.11177E-03    0.75188E-02    0.68770E-04    0.52274E-02    0.10970E-01    0.11355E+02    0.14951E-01    0.11606E+02    0.11728E-01    0.11398E+02    0.76855E-02    0.11207E+03    0.10832E-01    0.11225E+03    0.82098E-02    0.11210E+03
2200  0    0.42402E-02    0.66313E-02    0.46387E-02    0.53665E-04    0.41865E-02    0.10799E-03    0.65233E-02    0.62719E-04    0.45760E-02    0.10360E-01    0.11114E+02    0.14696E-01    0.10962E+02    0.11200E-01    0.11088E+02    0.82464E-02    0.11119E+03    0.11717E-01    0.10749E+03    0.88248E-02    0.11057E+03
2300  0    0.36633E-02    0.54966E-02    0.39689E-02    0.36747E-04    0.36266E-02    0.84335E-04    0.54123E-02    0.44678E-04    0.39242E-02    0.85728E-02    0.11367E+02    0.12987E-01    0.10735E+02    0.94528E-02    0.11264E+02    0.59376E-02    0.11383E+03    0.90333E-02    0.10628E+03    0.64536E-02    0.11257E+03
2400  0    0.32028E-02    0.45550E-02    0.34281E-02    0.26023E-04    0.31767E-02    0.61360E-04    0.44936E-02    0.31912E-04    0.33962E-02    0.72143E-02    0.11180E+02    0.11078E-01    0.10491E+02    0.79890E-02    0.11068E+02    0.55257E-02    0.11159E+03    0.74079E-02    0.10337E+03    0.58394E-02    0.11022E+03
2500  0    0.28875E-02    0.40529E-02    0.30818E-02    0.22683E-04    0.28649E-02    0.57118E-04    0.39957E-02    0.28422E-04    0.30533E-02    0.67354E-02    0.10913E+02    0.10688E-01    0.10410E+02    0.75395E-02    0.10830E+02    0.45042E-02    0.10824E+03    0.78119E-02    0.10329E+03    0.50555E-02    0.10742E+03
2600  0    0.26567E-02    0.36727E-02    0.28260E-02    0.27506E-04    0.26292E-02    0.81836E-04    0.35909E-02    0.36561E-04    0.27895E-02    0.74171E-02    0.11018E+02    0.12793E-01    0.10633E+02    0.85512E-02    0.10955E+02    0.51585E-02    0.10792E+03    0.87845E-02    0.10533E+03    0.57628E-02    0.10749E+03
2700  0    0.24697E-02    0.34130E-02    0.26269E-02    0.21854E-04    0.24479E-02    0.70766E-04    0.33422E-02    0.30006E-04    0.25969E-02    0.66113E-02    0.10529E+02    0.11897E-01    0.10112E+02    0.77468E-02    0.10461E+02    0.44622E-02    0.10256E+03    0.80355E-02    0.10112E+03    0.50578E-02    0.10232E+03
2800  0    0.23224E-02    0.31252E-02    0.24562E-02    0.32209E-04    0.22901E-02    0.66264E-04    0.30590E-02    0.37885E-04    0.24183E-02    0.80261E-02    0.10666E+02    0.11512E-01    0.10179E+02    0.87046E-02    0.10586E+02    0.59048E-02    0.10298E+03    0.71162E-02    0.10213E+03    0.61067E-02    0.10284E+03
2900  0    0.21644E-02    0.28631E-02    0.22809E-02    0.29406E-04    0.21350E-02    0.31347E-04    0.28317E-02    0.29730E-04    0.22511E-02    0.76689E-02    0.10306E+02    0.79179E-02    0.97091E+01    0.77110E-02    0.10209E+02    0.56904E-02    0.98341E+02    0.58585E-02    0.97917E+02    0.57184E-02    0.98271E+02
3000  0    0.20498E-02    0.27036E-02    0.21587E-02    0.26959E-04    0.20228E-02    0.32563E-04    0.26711E-02    0.27893E-04    0.21309E-02    0.73429E-02    0.10011E+02    0.80701E-02    0.93704E+01    0.74690E-02    0.99069E+01    0.53709E-02    0.96723E+02    0.53923E-02    0.95561E+02    0.53744E-02    0.96529E+02
3100  0    0.19538E-02    0.25277E-02    0.20494E-02    0.19131E-04    0.19346E-02    0.40696E-04    0.24870E-02    0.22725E-04    0.20267E-02    0.61856E-02    0.99819E+01    0.90217E-02    0.92965E+01    0.67417E-02    0.98710E+01    0.40898E-02    0.95465E+02    0.62574E-02    0.94840E+02    0.44511E-02    0.95361E+02
3200  0    0.18692E-02    0.24211E-02    0.19612E-02    0.20264E-04    0.18489E-02    0.32562E-04    0.23886E-02    0.22314E-04    0.19389E-02    0.63662E-02    0.99268E+01    0.80699E-02    0.93289E+01    0.66804E-02    0.98296E+01    0.43078E-02    0.94761E+02    0.57705E-02    0.94085E+02    0.45516E-02    0.94648E+02
3300  0    0.17891E-02    0.21839E-02    0.18549E-02    0.15966E-04    0.17731E-02    0.29633E-04    0.21543E-02    0.18244E-04    0.18367E-02    0.56508E-02    0.96044E+01    0.76985E-02    0.89484E+01    0.60405E-02    0.94983E+01    0.38732E-02    0.90466E+02    0.43702E-02    0.90560E+02    0.39560E-02    0.90482E+02
3400  0    0.17353E-02    0.21700E-02    0.18078E-02    0.17293E-04    0.17180E-02    0.19963E-04    0.21500E-02    0.17738E-04    0.17900E-02    0.58810E-02    0.88581E+01    0.63187E-02    0.82949E+01    0.59562E-02    0.87668E+01    0.42817E-02    0.83987E+02    0.37636E-02    0.84150E+02    0.41953E-02    0.84014E+02
3500  0    0.16828E-02    0.20746E-02    0.17481E-02    0.17585E-04    0.16652E-02    0.38823E-04    0.20357E-02    0.21125E-04    0.17270E-02    0.59305E-02    0.92856E+01    0.88117E-02    0.86434E+01    0.65000E-02    0.91817E+01    0.46018E-02    0.86839E+02    0.58568E-02    0.86575E+02    0.48110E-02    0.86795E+02
3600  0    0.16221E-02    0.19897E-02    0.16833E-02    0.12196E-04    0.16099E-02    0.23581E-04    0.19661E-02    0.14094E-04    0.16693E-02    0.49389E-02    0.87768E+01    0.68674E-02    0.82115E+01    0.53092E-02    0.86852E+01    0.32988E-02    0.82592E+02    0.38536E-02    0.82935E+02    0.33913E-02    0.82649E+02
3700  0    0.15864E-02    0.18876E-02    0.16366E-02    0.16281E-04    0.15701E-02    0.16440E-04    0.18712E-02    0.16308E-04    0.16203E-02    0.57063E-02    0.86720E+01    0.57341E-02    0.81323E+01    0.57110E-02    0.85844E+01    0.39900E-02    0.81233E+02    0.37149E-02    0.81439E+02    0.39441E-02    0.81267E+02
3800  0    0.15482E-02    0.18303E-02    0.15952E-02    0.14123E-04    0.15340E-02    0.26225E-04    0.18041E-02    0.16140E-04    0.15791E-02    0.53148E-02    0.80371E+01    0.72423E-02    0.75778E+01    0.56816E-02    0.79624E+01    0.33423E-02    0.75993E+02    0.46684E-02    0.76442E+02    0.35633E-02    0.76068E+02
3900  1    0.15300E-02    0.18424E-02    0.15821E-02    0.22214E-04    0.15078E-02    0.32832E-04    0.18096E-02    0.23983E-04    0.15581E-02    0.66654E-02    0.83538E+01    0.81034E-02    0.78229E+01    0.69258E-02    0.82677E+01    0.45349E-02    0.78232E+02    0.65082E-02    0.78315E+02    0.48638E-02    0.78245E+02
4000  0    0.14745E-02    0.17574E-02    0.15216E-02    0.12077E-04    0.14624E-02    0.14838E-04    0.17426E-02    0.12537E-04    0.15091E-02    0.49146E-02    0.82011E+01    0.54476E-02    0.77665E+01    0.50074E-02    0.81303E+01    0.31844E-02    0.76903E+02    0.37442E-02    0.77244E+02    0.32777E-02    0.76960E+02
4100  0    0.14687E-02    0.17061E-02    0.15083E-02    0.24379E-04    0.14443E-02    0.35757E-04    0.16703E-02    0.26276E-04    0.14820E-02    0.69827E-02    0.78663E+01    0.84565E-02    0.74094E+01    0.72492E-02    0.77920E+01    0.63915E-02    0.73722E+02    0.71595E-02    0.73871E+02    0.65195E-02    0.73747E+02
4200  1    0.14562E-02    0.17275E-02    0.15014E-02    0.22536E-04    0.14336E-02    0.18079E-04    0.17094E-02    0.21793E-04    0.14796E-02    0.67135E-02    0.80064E+01    0.60132E-02    0.75896E+01    0.66020E-02    0.79385E+01    0.51805E-02    0.74589E+02    0.44872E-02    0.74783E+02    0.50649E-02    0.74621E+02
4300  0    0.14053E-02    0.15905E-02    0.14361E-02    0.15164E-04    0.13901E-02    0.16274E-04    0.15742E-02    0.15349E-04    0.14208E-02    0.55071E-02    0.78332E+01    0.57051E-02    0.73944E+01    0.55406E-02    0.77618E+01    0.38803E-02    0.72918E+02    0.42023E-02    0.73218E+02    0.39340E-02    0.72968E+02
4400  0    0.13954E-02    0.15468E-02    0.14206E-02    0.19133E-04    0.13763E-02    0.10036E-04    0.15368E-02    0.17617E-04    0.14030E-02    0.61860E-02    0.73779E+01    0.44801E-02    0.70249E+01    0.59359E-02    0.73202E+01    0.47178E-02    0.69334E+02    0.33089E-02    0.69520E+02    0.44830E-02    0.69365E+02
4500  1    0.13861E-02    0.15939E-02    0.14207E-02    0.13134E-04    0.13729E-02    0.14370E-04    0.15796E-02    0.13340E-04    0.14074E-02    0.51252E-02    0.73472E+01    0.53609E-02    0.69424E+01    0.51652E-02    0.72813E+01    0.36561E-02    0.69503E+02    0.44213E-02    0.69550E+02    0.37836E-02    0.69511E+02
4600  0    0.13300E-02    0.14463E-02    0.13494E-02    0.95004E-05    0.13205E-02    0.16086E-04    0.14302E-02    0.10598E-04    0.13388E-02    0.43590E-02    0.73633E+01    0.56720E-02    0.68913E+01    0.46039E-02    0.72868E+01    0.29404E-02    0.68658E+02    0.37823E-02    0.67751E+02    0.30807E-02    0.68507E+02
4700  1    0.13223E-02    0.14721E-02    0.13473E-02    0.10482E-04    0.13118E-02    0.14079E-04    0.14580E-02    0.11081E-04    0.13362E-02    0.45786E-02    0.72980E+01    0.53064E-02    0.68350E+01    0.47077E-02    0.72229E+01    0.27285E-02    0.68029E+02    0.38103E-02    0.67374E+02    0.29088E-02    0.67920E+02
4800  0    0.12964E-02    0.14122E-02    0.13157E-02    0.13827E-04    0.12826E-02    0.12139E-04    0.14001E-02    0.13545E-04    0.13022E-02    0.52586E-02    0.72661E+01    0.49273E-02    0.68517E+01    0.52049E-02    0.71987E+01    0.38724E-02    0.68007E+02    0.34708E-02    0.67222E+02    0.38054E-02    0.67876E+02
4900  0    0.12808E-02    0.13904E-02    0.12991E-02    0.14082E-04    0.12667E-02    0.17308E-04    0.13731E-02    0.14619E-04    0.12845E-02    0.53069E-02    0.70691E+01    0.58835E-02    0.66291E+01    0.54073E-02    0.69977E+01    0.34433E-02    0.66064E+02    0.42193E-02    0.65213E+02    0.35727E-02    0.65922E+02
5000  0    0.12703E-02    0.13771E-02    0.12881E-02    0.10353E-04    0.12600E-02    0.86993E-05    0.13684E-02    0.10078E-04    0.12780E-02    0.45505E-02    0.70207E+01    0.41712E-02    0.66151E+01    0.44895E-02    0.69547E+01    0.33982E-02    0.65763E+02    0.30651E-02    0.65181E+02    0.33427E-02    0.65666E+02
5100  1    0.12723E-02    0.13783E-02    0.12900E-02    0.18149E-04    0.12542E-02    0.12217E-04    0.13661E-02    0.17161E-04    0.12728E-02    0.60249E-02    0.68100E+01    0.49431E-02    0.63880E+01    0.58585E-02    0.67415E+01    0.44569E-02    0.63188E+02    0.37987E-02    0.62283E+02    0.43472E-02    0.63037E+02
5200  0    0.12349E-02    0.13771E-02    0.12586E-02    0.20771E-04    0.12141E-02    0.25894E-04    0.13512E-02    0.21624E-04    0.12370E-02    0.64452E-02    0.66211E+01    0.71964E-02    0.62818E+01    0.65764E-02    0.65658E+01    0.55086E-02    0.62574E+02    0.64680E-02    0.61955E+02    0.56685E-02    0.62471E+02
5300  0    0.12128E-02    0.13170E-02    0.12302E-02    0.82881E-05    0.12045E-02    0.12954E-04    0.13040E-02    0.90657E-05    0.12211E-02    0.40714E-02    0.66250E+01    0.50899E-02    0.62248E+01    0.42581E-02    0.65600E+01    0.26486E-02    0.62271E+02    0.35544E-02    0.61354E+02    0.27995E-02    0.62118E+02
5400  1    0.12043E-02    0.13458E-02    0.12279E-02    0.11458E-04    0.11928E-02    0.11653E-04    0.13341E-02    0.11490E-04    0.12164E-02    0.47870E-02    0.65135E+01    0.48277E-02    0.61226E+01    0.47938E-02    0.64500E+01    0.38930E-02    0.61173E+02    0.35519E-02    0.59908E+02    0.38361E-02    0.60962E+02
5500  2    0.12139E-02    0.13207E-02    0.12317E-02    0.13797E-04    0.12001E-02    0.15087E-04    0.13056E-02    0.14012E-04    0.12177E-02    0.52530E-02    0.67542E+01    0.54931E-02    0.62828E+01    0.52938E-02    0.66779E+01    0.44172E-02    0.62843E+02    0.42572E-02    0.61007E+02    0.43905E-02    0.62537E+02
5600  0    0.11770E-02    0.12466E-02    0.11886E-02    0.10210E-04    0.11668E-02    0.10064E-04    0.12366E-02    0.10185E-04    0.11784E-02    0.45188E-02    0.63872E+01    0.44864E-02    0.59918E+01    0.45134E-02    0.63230E+01    0.31277E-02    0.59725E+02    0.35715E-02    0.58682E+02    0.32017E-02    0.59551E+02
5700  1    0.11651E-02    0.12596E-02    0.11809E-02    0.14673E-04    0.11505E-02    0.18622E-04    0.12410E-02    0.15331E-04    0.11655E-02    0.54171E-02    0.64829E+01    0.61028E-02    0.60083E+01    0.55373E-02    0.64062E+01    0.49184E-02    0.60456E+02    0.53172E-02    0.58528E+02    0.49848E-02    0.60134E+02
5800  2    0.11848E-02    0.12689E-02    0.11988E-02    0.17556E-04    0.11673E-02    0.16804E-04    0.12521E-02    0.17431E-04    0.11814E-02    0.59256E-02    0.64858E+01    0.57972E-02    0.60569E+01    0.59044E-02    0.64163E+01    0.43408E-02    0.60309E+02    0.43051E-02    0.58628E+02    0.43348E-02    0.60029E+02
5900  0    0.11632E-02    0.12440E-02    0.11767E-02    0.18027E-04    0.11452E-02    0.26149E-04    0.12179E-02    0.19381E-04    0.11573E-02    0.60045E-02    0.62444E+01    0.72318E-02    0.58407E+01    0.62259E-02    0.61790E+01    0.43803E-02    0.58662E+02    0.60632E-02    0.56993E+02    0.46608E-02    0.58384E+02
6000  1    0.11702E-02    0.12476E-02    0.11831E-02    0.19740E-04    0.11505E-02    0.16556E-04    0.12311E-02    0.19210E-04    0.11639E-02    0.62834E-02    0.59828E+01    0.57543E-02    0.56111E+01    0.61984E-02    0.59225E+01    0.48732E-02    0.56744E+02    0.45423E-02    0.55232E+02    0.48181E-02    0.56492E+02
6100  0    0.11162E-02    0.11464E-02    0.11212E-02    0.88160E-05    0.11073E-02    0.14636E-04    0.11318E-02    0.97861E-05    0.11114E-02    0.41990E-02    0.61205E+01    0.54104E-02    0.56601E+01    0.44240E-02    0.60462E+01    0.30285E-02    0.57704E+02    0.39604E-02    0.55704E+02    0.31838E-02    0.57371E+02
6200  0    0.11123E-02    0.11420E-02    0.11173E-02    0.12264E-04    0.11001E-02    0.14053E-04    0.11279E-02    0.12562E-04    0.11047E-02    0.49525E-02    0.60475E+01    0.53015E-02    0.56269E+01    0.50123E-02    0.59795E+01    0.35190E-02    0.56265E+02    0.43908E-02    0.54673E+02    0.36643E-02    0.56000E+02
6300  1    0.11242E-02    0.12026E-02    0.11372E-02    0.22044E-04    0.11021E-02    0.18564E-04    0.11840E-02    0.21464E-04    0.11158E-02    0.66399E-02    0.57991E+01    0.60933E-02    0.54068E+01    0.65520E-02    0.57356E+01    0.56583E-02    0.55125E+02    0.50743E-02    0.53349E+02    0.55610E-02    0.54829E+02
6400  2    0.10917E-02    0.11556E-02    0.11024E-02    0.10092E-04    0.10816E-02    0.14415E-04    0.11412E-02    0.10813E-04    0.10916E-02    0.44927E-02    0.60770E+01    0.53694E-02    0.56041E+01    0.46503E-02    0.60008E+01    0.31808E-02    0.57177E+02    0.45376E-02    0.54924E+02    0.34069E-02    0.56801E+02
6500  3    0.10857E-02    0.11511E-02    0.10966E-02    0.15743E-04    0.10699E-02    0.25446E-04    0.11257E-02    0.17360E-04    0.10792E-02    0.56112E-02    0.58811E+01    0.71339E-02    0.54689E+01    0.58924E-02    0.58145E+01    0.43118E-02    0.54963E+02    0.59785E-02    0.53145E+02    0.45896E-02    0.54660E+02
6600  0    0.10795E-02    0.11286E-02    0.10877E-02    0.20241E-04    0.10592E-02    0.25059E-04    0.11035E-02    0.21044E-04    0.10666E-02    0.63626E-02    0.58976E+01    0.70795E-02    0.54118E+01    0.64876E-02    0.58194E+01    0.50108E-02    0.55219E+02    0.58908E-02    0.53030E+02    0.51574E-02    0.54854E+02
6700  0    0.10570E-02    0.10730E-02    0.10597E-02    0.81602E-05    0.10489E-02    0.57938E-05    0.10672E-02    0.77658E-05    0.10519E-02    0.40398E-02    0.58654E+01    0.34041E-02    0.54511E+01    0.39410E-02    0.57984E+01    0.31044E-02    0.55045E+02    0.21956E-02    0.53288E+02    0.29529E-02    0.54752E+02
6800  1    0.10500E-02    0.10826E-02    0.10554E-02    0.67837E-05    0.10432E-02    0.14484E-04    0.10681E-02    0.80671E-05    0.10474E-02    0.36834E-02    0.58807E+01    0.53822E-02    0.53973E+01    0.40167E-02    0.58029E+01    0.25163E-02    0.55349E+02    0.34980E-02    0.52817E+02    0.26799E-02    0.54927E+02
6900  0    0.10430E-02    0.10631E-02    0.10463E-02    0.10465E-04    0.10325E-02    0.10016E-04    0.10531E-02    0.10390E-04    0.10359E-02    0.45749E-02    0.57992E+01    0.44756E-02    0.53466E+01    0.45585E-02    0.57263E+01    0.40194E-02    0.54319E+02    0.38972E-02    0.52316E+02    0.39990E-02    0.53985E+02
7000  1    0.10344E-02    0.10742E-02    0.10410E-02    0.80109E-05    0.10264E-02    0.10466E-04    0.10637E-02    0.84201E-05    0.10326E-02    0.40027E-02    0.57513E+01    0.45752E-02    0.53042E+01    0.41037E-02    0.56793E+01    0.29644E-02    0.53954E+02    0.33172E-02    0.51652E+02    0.30232E-02    0.53571E+02
7100  2    0.10349E-02    0.10992E-02    0.10456E-02    0.95288E-05    0.10254E-02    0.18356E-04    0.10808E-02    0.11000E-04    0.10346E-02    0.43655E-02    0.56756E+01    0.60590E-02    0.52480E+01    0.46904E-02    0.56066E+01    0.31069E-02    0.53310E+02    0.45362E-02    0.51159E+02    0.33451E-02    0.52952E+02
7200  0    0.10156E-02    0.10254E-02    0.10172E-02    0.75777E-05    0.10080E-02    0.98177E-05    0.10156E-02    0.79511E-05    0.10092E-02    0.38930E-02    0.56724E+01    0.44312E-02    0.52293E+01    0.39877E-02    0.56010E+01    0.29921E-02    0.53341E+02    0.33272E-02    0.51199E+02    0.30480E-02    0.52984E+02
7300  1    0.10227E-02    0.10977E-02    0.10352E-02    0.77276E-05    0.10149E-02    0.17754E-04    0.10800E-02    0.93987E-05    0.10258E-02    0.39313E-02    0.55243E+01    0.59589E-02    0.51298E+01    0.43356E-02    0.54606E+01    0.31508E-02    0.52260E+02    0.43490E-02    0.50325E+02    0.33505E-02    0.51938E+02
7400  2    0.10120E-02    0.10286E-02    0.10147E-02    0.96040E-05    0.10024E-02    0.10413E-04    0.10182E-02    0.97388E-05    0.10050E-02    0.43827E-02    0.56572E+01    0.45635E-02    0.51856E+01    0.44133E-02    0.55813E+01    0.33711E-02    0.53008E+02    0.37463E-02    0.50479E+02    0.34337E-02    0.52586E+02
7500  3    0.10074E-02    0.10432E-02    0.10134E-02    0.12376E-04    0.99502E-03    0.26585E-04    0.10167E-02    0.14744E-04    0.99862E-03    0.49751E-02    0.57495E+01    0.72917E-02    0.52687E+01    0.54303E-02    0.56722E+01    0.40472E-02    0.53375E+02    0.59203E-02    0.50754E+02    0.43594E-02    0.52938E+02
7600  4    0.10377E-02    0.10907E-02    0.10466E-02    0.15755E-04    0.10220E-02    0.99759E-05    0.10807E-02    0.14791E-04    0.10318E-02    0.56133E-02    0.53582E+01    0.44668E-02    0.49447E+01    0.54390E-02    0.52915E+01    0.44157E-02    0.51035E+02    0.40277E-02    0.48672E+02    0.43510E-02    0.50641E+02
7700  5    0.98234E-03    0.10693E-02    0.99683E-03    0.63329E-05    0.97600E-03    0.10440E-04    0.10589E-02    0.70175E-05    0.98981E-03    0.35589E-02    0.53582E+01    0.45696E-02    0.49516E+01    0.37463E-02    0.52926E+01    0.28273E-02    0.50523E+02    0.31692E-02    0.48467E+02    0.28843E-02    0.50181E+02
7800  6    0.10607E-02    0.11138E-02    0.10696E-02    0.33294E-04    0.10274E-02    0.24114E-04    0.10897E-02    0.31764E-04    0.10378E-02    0.81602E-02    0.53849E+01    0.69446E-02    0.49708E+01    0.79705E-02    0.53181E+01    0.63037E-02    0.50582E+02    0.58613E-02    0.48269E+02    0.62299E-02    0.50196E+02
7900  0    0.98129E-03    0.10212E-02    0.98795E-03    0.97039E-05    0.97158E-03    0.77157E-05    0.10135E-02    0.93726E-05    0.97857E-03    0.44054E-02    0.54000E+01    0.39283E-02    0.49926E+01    0.43296E-02    0.53342E+01    0.31893E-02    0.50784E+02    0.31583E-02    0.48709E+02    0.31841E-02    0.50438E+02
8000  0    0.97153E-03    0.10004E-02    0.97634E-03    0.86774E-05    0.96285E-03    0.83608E-05    0.99206E-03    0.86246E-05    0.96772E-03    0.41659E-02    0.53473E+01    0.40892E-02    0.49628E+01    0.41532E-02    0.52852E+01    0.33089E-02    0.50521E+02    0.31205E-02    0.48282E+02    0.32775E-02    0.50148E+02
8100  0    0.96965E-03    0.99622E-03    0.97408E-03    0.72169E-05    0.96244E-03    0.13603E-04    0.98262E-03    0.82813E-05    0.96580E-03    0.37992E-02    0.52989E+01    0.52160E-02    0.48657E+01    0.40697E-02    0.52292E+01    0.29677E-02    0.50311E+02    0.37570E-02    0.47973E+02    0.30993E-02    0.49921E+02
8200  1    0.96017E-03    0.10039E-02    0.96746E-03    0.56496E-05    0.95452E-03    0.13058E-04    0.99085E-03    0.68843E-05    0.96057E-03    0.33614E-02    0.52266E+01    0.51104E-02    0.48231E+01    0.37106E-02    0.51615E+01    0.26608E-02    0.49925E+02    0.34145E-02    0.47702E+02    0.27864E-02    0.49555E+02
8300  0    0.94886E-03    0.97731E-03    0.95360E-03    0.72701E-05    0.94159E-03    0.35467E-05    0.97376E-03    0.66495E-05    0.94695E-03    0.38131E-02    0.54380E+01    0.26633E-02    0.49828E+01    0.36468E-02    0.53648E+01    0.29396E-02    0.50520E+02    0.21671E-02    0.48138E+02    0.28108E-02    0.50123E+02
8400  1    0.95497E-03    0.99546E-03    0.96172E-03    0.13715E-04    0.94125E-03    0.25776E-04    0.96968E-03    0.15726E-04    0.94599E-03    0.52375E-02    0.53428E+01    0.71800E-02    0.49210E+01    0.56081E-02    0.52749E+01    0.43179E-02    0.49777E+02    0.56247E-02    0.47569E+02    0.45357E-02    0.49409E+02
8500  0    0.94017E-03    0.96608E-03    0.94449E-03    0.69514E-05    0.93322E-03    0.13677E-04    0.95240E-03    0.80724E-05    0.93642E-03    0.37286E-02    0.54306E+01    0.52302E-02    0.49692E+01    0.40181E-02    0.53564E+01    0.28384E-02    0.50627E+02    0.38482E-02    0.48126E+02    0.30067E-02    0.50210E+02
8600  1    0.96131E-03    0.10029E-02    0.96824E-03    0.17039E-04    0.94427E-03    0.41431E-04    0.96142E-03    0.21104E-04    0.94713E-03    0.58376E-02    0.54155E+01    0.91028E-02    0.49570E+01    0.64968E-02    0.53419E+01    0.48199E-02    0.50502E+02    0.66816E-02    0.48121E+02    0.51302E-02    0.50105E+02
8700  2    0.96051E-03    0.10063E-02    0.96815E-03    0.17799E-04    0.94271E-03    0.69802E-05    0.99936E-03    0.15996E-04    0.95215E-03    0.59664E-02    0.54033E+01    0.37364E-02    0.49314E+01    0.56561E-02    0.53276E+01    0.50993E-02    0.50434E+02    0.33086E-02    0.47576E+02    0.48008E-02    0.49957E+02
8800  3    0.92886E-03    0.96643E-03    0.93512E-03    0.73246E-05    0.92154E-03    0.83719E-05    0.95805E-03    0.74992E-05    0.92763E-03    0.38274E-02    0.52525E+01    0.40919E-02    0.48708E+01    0.38728E-02    0.51909E+01    0.27288E-02    0.49732E+02    0.26102E-02    0.47671E+02    0.27090E-02    0.49388E+02
8900  4    0.97508E-03    0.10748E-02    0.99170E-03    0.22271E-04    0.95281E-03    0.23469E-04    0.10513E-02    0.22471E-04    0.96923E-03    0.66741E-02    0.50527E+01    0.68512E-02    0.46996E+01    0.67039E-02    0.49956E+01    0.52083E-02    0.48197E+02    0.61908E-02    0.46262E+02    0.53721E-02    0.47874E+02
9000  0    0.91807E-03    0.95726E-03    0.92461E-03    0.81875E-05    0.90989E-03    0.17989E-04    0.93927E-03    0.98210E-05    0.91478E-03    0.40466E-02    0.52768E+01    0.59981E-02    0.48469E+01    0.44319E-02    0.52076E+01    0.28955E-02    0.49137E+02    0.45839E-02    0.46691E+02    0.31769E-02    0.48729E+02
9100  1    0.91444E-03    0.97368E-03    0.92431E-03    0.15701E-04    0.89874E-03    0.28210E-04    0.94547E-03    0.17785E-04    0.90652E-03    0.56037E-02    0.52145E+01    0.75113E-02    0.47888E+01    0.59641E-02    0.51460E+01    0.49156E-02    0.48741E+02    0.66182E-02    0.46358E+02    0.51994E-02    0.48344E+02
9200  2    0.91794E-03    0.96206E-03    0.92530E-03    0.18322E-04    0.89962E-03    0.19508E-04    0.94256E-03    0.18520E-04    0.90678E-03    0.60534E-02    0.52137E+01    0.62462E-02    0.47612E+01    0.60860E-02    0.51410E+01    0.54070E-02    0.48870E+02    0.58791E-02    0.46174E+02    0.54857E-02    0.48420E+02
9300  3    0.92049E-03    0.96205E-03    0.92741E-03    0.12432E-04    0.90805E-03    0.20818E-04    0.94123E-03    0.13829E-04    0.91358E-03    0.49863E-02    0.51051E+01    0.64526E-02    0.46895E+01    0.52591E-02    0.50382E+01    0.40971E-02    0.48305E+02    0.44746E-02    0.45930E+02    0.41600E-02    0.47909E+02
9400  0    0.89204E-03    0.91935E-03    0.89659E-03    0.36141E-05    0.88843E-03    0.72704E-05    0.91208E-03    0.42235E-05    0.89237E-03    0.26885E-02    0.51146E+01    0.38133E-02    0.46980E+01    0.29064E-02    0.50476E+01    0.20622E-02    0.47720E+02    0.27267E-02    0.45275E+02    0.21730E-02    0.47312E+02
9500  1    0.89734E-03    0.94018E-03    0.90448E-03    0.73531E-05    0.88999E-03    0.69841E-05    0.93320E-03    0.72916E-05    0.89719E-03    0.38349E-02    0.52276E+01    0.37374E-02    0.48147E+01    0.38188E-02    0.51611E+01    0.27165E-02    0.48959E+02    0.29253E-02    0.46561E+02    0.27513E-02    0.48560E+02
9600  2    0.91880E-03    0.93165E-03    0.92095E-03    0.11846E-04    0.90696E-03    0.79382E-05    0.92371E-03    0.11195E-04    0.90975E-03    0.48675E-02    0.51289E+01    0.39845E-02    0.47190E+01    0.47318E-02    0.50629E+01    0.38546E-02    0.48284E+02    0.30572E-02    0.45819E+02    0.37217E-02    0.47874E+02
9700  0    0.88910E-03    0.90648E-03    0.89200E-03    0.84420E-05    0.88066E-03    0.79032E-05    0.89858E-03    0.83522E-05    0.88365E-03    0.41090E-02    0.51982E+01    0.39757E-02    0.47492E+01    0.40871E-02    0.51261E+01    0.33519E-02    0.48742E+02    0.35716E-02    0.46117E+02    0.33885E-02    0.48304E+02
9800  0    0.87667E-03    0.87612E-03    0.87658E-03    0.51534E-05    0.87152E-03    0.81464E-05    0.86798E-03    0.56522E-05    0.87093E-03    0.32104E-02    0.53065E+01    0.40364E-02    0.48484E+01    0.33622E-02    0.52329E+01    0.24026E-02    0.48961E+02    0.27499E-02    0.46340E+02    0.24604E-02    0.48524E+02
9900  1    0.89313E-03    0.92340E-03    0.89817E-03    0.12436E-04    0.88069E-03    0.10731E-04    0.91267E-03    0.12152E-04    0.88602E-03    0.49872E-02    0.51248E+01    0.46326E-02    0.46985E+01    0.49299E-02    0.50562E+01    0.38935E-02    0.47592E+02    0.38429E-02    0.45151E+02    0.38850E-02    0.47185E+02
10000  0    0.89825E-03    0.86409E-03    0.89256E-03    0.13191E-04    0.88506E-03    0.22877E-04    0.84121E-03    0.14805E-04    0.87775E-03    0.51364E-02    0.52895E+01    0.67642E-02    0.48369E+01    0.54416E-02    0.52168E+01    0.42337E-02    0.49107E+02    0.54431E-02    0.46365E+02    0.44352E-02    0.48650E+02
