9800
func 0
Activation_out 0
4
4
6
6
1
 #l=           2
 -2.85947808740940779E-01  2.87267573339225313E-01  2.98016289482263386E-01  3.43820368059758241E-01  2.42217229807146328E-01
  3.23539970089164394E-02 -1.44339769130657880E-01  3.09797385156890093E-01  1.87980843129592456E-01  1.04470115312398845E-01
  7.80083628716456232E-03 -2.65902070018373959E-01  2.17396993230771107E-01 -2.90831660591583163E-01  2.54284588800836930E-01
  3.83445751786246403E-01  3.65902643882825118E-01  3.43299298713196144E-01 -4.29614101257529524E-01  2.91094530058324141E-01
 -2.06510032382999725E-01 -2.60030774580338575E-01 -2.78077829122575892E-01  2.79992408422988170E-01  2.34387061600246777E-01
 -1.19605503726683340E-01 -2.61351843487598712E-01  1.79689438962905984E-01 -2.82846558744930920E-01 -1.61598625890287145E-01
 #l=           3
  8.07337648735155344E-01 -2.42554618895246127E-01  1.90342423349102208E+00 -9.52339754848557596E-01 -4.43757925374461515E-01 -5.91090853189719413E-03  7.71488028929947944E-01
 -2.60441521518298413E-01 -6.37989943821285155E-01  3.27496862844315451E-01  1.23922296160098067E+00 -3.59905213843583482E-01 -8.01022373753503603E-01 -7.67373904386338124E-01
 -4.86779487371048036E-01 -4.58295139394508555E-01 -1.12328184537492659E-01  5.53725140436637342E-01 -8.98946693659145174E-02 -9.75640925283932370E-02 -1.41250879714067934E+00
  6.59818924599432810E-01 -5.41960308552033448E-02 -1.17543581059028379E+00  1.08571882792632102E+00  4.80023707741958905E-02  7.84137846512634851E-01  2.67583211954291356E-01
  2.83058930234352801E-01  8.92091084497695919E-02 -4.91829863308990978E-02  4.25201089549810118E-01  3.40944512896564911E-02  6.83888821731598595E-01  2.32328070562667549E-01
  6.51012315577246370E-01 -2.17547099990628018E-01  1.74939130738552073E+00  7.65751802506503543E-02 -1.04783380398174752E-01  4.78204470050002772E-01 -2.43900380177758086E-01
 #l=           4
  5.00635705734380876E-01  7.04606711912000194E-01  1.02776025083231892E+00  1.19450807869132647E+00 -8.24568445711504561E-01  5.39471121041126267E-01 -7.66006760931412622E-01
