    0.648380490704E+00   -0.668180384154E+00    0.375948071095E+00
    0.859840525910E+00    0.519601431377E-01    0.280048606020E-01
    0.388669930807E+00    0.376951675226E+00    0.276378098122E+00
   -0.312374735885E+00   -0.290198419875E+00    0.607760954160E+00
   -0.375688544003E+00   -0.766689229857E+00    0.784052525208E+00
   -0.121815494046E+00   -0.236178277880E-01    0.350641841962E+00
    0.806473307261E+00    0.934516091574E+00    0.462556502757E+00
   -0.428868308866E+00    0.255379544970E+00    0.681180709468E+00
   -0.216976811097E+00    0.268661159675E-01    0.466696142916E+00
    0.133486175766E+00   -0.286272316156E+00    0.301975453620E+00
    0.251345819105E+00   -0.322604641301E+00    0.280726216982E+00
    0.433211387214E+00   -0.106542334195E+00    0.803398160699E-01
   -0.552603901715E+00    0.354040380267E+00    0.777461643826E+00
   -0.915033666745E+00    0.663134952460E+00    0.101121046580E+01
    0.545902713804E+00   -0.314832714196E+00    0.205279482670E+00
    0.559568731672E+00   -0.272709233729E+00    0.177364315997E+00
    0.103634318557E+00   -0.481975576787E+00    0.441223916899E+00
   -0.587167205352E+00   -0.599086393872E+00    0.844398457617E+00
   -0.435460768283E+00    0.232280913783E+00    0.681542193936E+00
    0.145402123691E+00   -0.282672435901E+00    0.293661709169E+00
    0.956577858313E+00    0.873504160494E+00    0.411593313260E+00
   -0.953040599886E+00    0.389322311240E+00    0.995624118423E+00
   -0.402270736583E+00    0.653070623148E+00    0.764621766079E+00
    0.153984550241E+00    0.495665357794E+00    0.427228614680E+00
    0.280098578693E+00   -0.105954589149E+00    0.984130724947E-01
   -0.861288645187E+00   -0.125381881744E+00    0.930498700568E+00
    0.698603885311E-01    0.514013361560E+00    0.473750287040E+00
    0.796780836736E+00    0.319253880661E+00    0.175470310671E+00
   -0.650958711763E+00    0.311340661130E+00    0.828414293209E+00
    0.449254558468E+00    0.769483910983E+00    0.469987141767E+00
   -0.327401538773E+00    0.274786955006E+00    0.614343275804E+00
   -0.519310814427E+00    0.456523011477E+00    0.778060533815E+00
    0.193964185887E+00   -0.685734591969E+00    0.509251704863E+00
   -0.778032783670E+00   -0.119747788752E+00    0.884654418417E+00
    0.868948029773E+00    0.713240968058E+00    0.357234631745E+00
    0.251489621527E+00   -0.252967445023E+00    0.229365343606E+00
    0.616674343959E+00    0.268396873173E+00    0.167146823304E+00
   -0.766374015546E+00   -0.122477398596E+00    0.878200756111E+00
   -0.576205466467E+00    0.437258936433E+00    0.806082108159E+00
   -0.198646520087E+00    0.323095754531E-01    0.447159614667E+00
    0.899756618181E+00    0.569868927195E+00    0.287475644091E+00
   -0.192983329455E+00    0.482471032821E-01    0.442665957881E+00
   -0.132074185458E+00    0.472393978888E+00    0.557935381297E+00
    0.384039923157E+00   -0.716439606691E+00    0.463054608441E+00
    0.675624445697E-01    0.327258660158E+00    0.365101060560E+00
    0.358648435018E+00    0.671202926851E+00    0.448533949549E+00
    0.811560697801E+00    0.826457304560E+00    0.416377734566E+00
   -0.922985788055E-01    0.933412794706E+00    0.717726845337E+00
   -0.480254127919E+00   -0.201954576223E+00    0.707546204284E+00
    0.363488256988E-01   -0.313593886639E+00    0.373727599833E+00
    0.816653703950E+00   -0.265055209145E+00    0.144804578019E+00
   -0.894993945968E+00   -0.388444786031E+00    0.967121857483E+00
   -0.137124363618E+00   -0.682507810839E+00    0.645473044378E+00
    0.817427441047E+00    0.246195442724E+00    0.134666794014E+00
   -0.681338181324E+00   -0.979877379062E+00    0.968197471295E+00
   -0.396531425178E+00    0.364749800654E+00    0.683852116510E+00
    0.115661751318E+00    0.883283369592E+00    0.622560081398E+00
    0.803154169302E+00    0.981895559333E+00    0.482378818052E+00
   -0.523725493540E+00    0.171402571627E+00    0.733070799392E+00
   -0.548265715340E+00   -0.954188943338E+00    0.907951762172E+00
   -0.962557915555E+00   -0.487793950486E+00    0.101036124931E+01
    0.625793171024E+00   -0.809972791490E+00    0.445962904166E+00
    0.597560621511E+00   -0.990687003071E+00    0.528862944688E+00
    0.672944979365E+00    0.226162067502E+00    0.135991858163E+00
   -0.731548912298E+00    0.467483032103E+00    0.894346213930E+00
   -0.438977901567E-01   -0.996739267435E-01    0.276414702369E+00
   -0.170677336672E+00    0.816536505445E+00    0.708823370151E+00
    0.289706374023E+00   -0.256466436275E+00    0.220466201646E+00
   -0.885249853801E+00    0.631824082926E+00    0.993188716759E+00
    0.649529423929E+00   -0.999673778087E+00    0.520877462945E+00
    0.407557106613E+00    0.713944878295E+00    0.455261279715E+00
   -0.527039042239E+00    0.281191373201E-01    0.726232632223E+00
    0.689061996594E+00   -0.978639659414E+00    0.503898043735E+00
   -0.475637325101E+00   -0.674217302766E+00    0.806456223158E+00
    0.110242358875E+00   -0.424047030592E+00    0.404907773921E+00
   -0.128432380492E+00    0.377934394151E-01    0.362153291274E+00
    0.370961918611E+00   -0.446322592858E+00    0.323571560774E+00
    0.523901117875E+00    0.949694015939E+00    0.529487738640E+00
    0.860459000959E+00    0.879750471305E+00    0.430192123414E+00
    0.644360612121E+00    0.711117424431E+00    0.397031982459E+00
   -0.543711128809E+00   -0.970806249313E+00    0.910056182918E+00
   -0.202816470779E+00   -0.607950712744E+00    0.649501877159E+00
    0.739643697558E+00    0.866389478919E+00    0.446947543361E+00
    0.398359755538E+00    0.910086618071E+00    0.545478177433E+00
   -0.877460063382E+00    0.691403053635E-01    0.937453972183E+00
   -0.187483417038E+00    0.600469154352E+00    0.638960419944E+00
    0.975896825683E+00   -0.346535726084E+00    0.172772111208E+00
    0.841965010041E+00    0.503647740411E+00    0.263760813135E+00
    0.676283119871E+00    0.338343894620E+00    0.199893599997E+00
    0.664319844016E+00    0.907613225779E+00    0.479811980677E+00
    0.818444501986E+00    0.320254286580E+00    0.173819568101E+00
    0.910441096838E+00    0.971229083189E+00    0.458690945042E+00
    0.313175936445E+00    0.555365478102E+00    0.402743973482E+00
    0.565265957115E+00   -0.757861726959E+00    0.435996740426E+00
    0.859194718432E+00    0.832492812090E+00    0.410583735756E+00
    0.459734432759E-01   -0.974582729968E+00    0.681796532637E+00
    0.285563363375E+00    0.103511022975E+00    0.953455297518E-01
   -0.496338236101E+00   -0.598205702726E+00    0.798010765620E+00
    0.111661775581E+00    0.809197922623E+00    0.593802980830E+00
    0.468745876525E+00   -0.989318026952E+00    0.559464911114E+00
   -0.801518480208E+00    0.943052913229E+00    0.100974495599E+01
   -0.510367230901E+00    0.894175319782E+00    0.877479915368E+00
    0.635826633376E+00   -0.719326386354E+00    0.402634171054E+00
   -0.973983533273E+00   -0.620729249692E+00    0.103173410167E+01
   -0.546159989858E+00   -0.888837183625E+00    0.891455788603E+00
   -0.866956728360E+00   -0.213160691246E+00    0.938012288764E+00
    0.296316178710E+00    0.649705092510E+00    0.457039735822E+00
    0.162135494070E+00   -0.601271333328E+00    0.479902363343E+00
   -0.957450259943E+00    0.163686754188E+00    0.982036603866E+00
    0.325981173783E+00   -0.711868426042E+00    0.478003664945E+00
   -0.702336134327E+00   -0.723797955744E+00    0.924899833431E+00
    0.818544528220E+00    0.703507163357E+00    0.361094283969E+00
    0.653417628257E+00    0.418766858260E+00    0.247664419247E+00
   -0.150894520747E+00   -0.156983935497E+00    0.429325076632E+00
   -0.161431094234E+00    0.116470786571E+00    0.424554176520E+00
    0.588214366904E+00    0.946852802509E+00    0.513065445410E+00
    0.105565175620E+00   -0.599317623226E+00    0.501487126647E+00
    0.979545879936E+00   -0.458367041939E+00    0.225764733958E+00
    0.976017718296E+00   -0.383393887864E+00    0.190527053222E+00
    0.583348802432E+00    0.885272468885E+00    0.488283398646E+00
    0.646132924888E+00    0.829649741282E+00    0.450244598135E+00
    0.568919409215E+00    0.551402783937E+00    0.334189194493E+00
   -0.465529846903E+00    0.186199508345E+00    0.695311520161E+00
   -0.943143133032E-02   -0.543259406908E+00    0.525724595574E+00
    0.412359094152E+00    0.905094434707E+00    0.539557375740E+00
    0.967192265975E+00   -0.969745451479E+00    0.448570350477E+00
   -0.708890605125E+00   -0.147250759468E+00    0.846437585180E+00
   -0.472033338772E+00   -0.183147850557E+00    0.699411188465E+00
   -0.172045310803E+00    0.733852036882E+00    0.680365663449E+00
    0.868250684421E-01   -0.226503772218E+00    0.279060717526E+00
   -0.569553474709E+00   -0.198969614530E+00    0.765787529674E+00
   -0.272214276113E+00   -0.262129818917E+00    0.570140285993E+00
   -0.432139718048E+00   -0.291652095770E+00    0.690467081847E+00
    0.905525517593E+00   -0.602816052875E+00    0.301910316324E+00
   -0.580007573007E-01    0.791104222602E+00    0.652391112741E+00
    0.835135169703E+00   -0.753677830528E+00    0.380657877300E+00
    0.737732368183E-01   -0.442112038994E+00    0.432695993688E+00
    0.354770583741E+00    0.219296841776E+00    0.176502795684E+00
   -0.198347174837E+00    0.411827069214E+00    0.572472775527E+00
    0.273440026373E+00   -0.218423067445E+00    0.195612709515E+00
    0.983811701095E+00   -0.843374644307E+00    0.394977704511E+00
   -0.949256735566E+00   -0.637627874069E+00    0.102293336395E+01
   -0.137934890294E+00   -0.652883235236E+00    0.634519441066E+00
    0.869080381287E+00    0.918280395373E+00    0.444552176185E+00
    0.173987999624E+00   -0.488116061682E+00    0.414855365601E+00
   -0.232350959813E+00    0.198905939138E+00    0.518753934584E+00
    0.946763782554E+00   -0.209585422570E+00    0.107052679380E+00
    0.360560295836E+00   -0.565320207438E+00    0.393671771189E+00
    0.982047609954E+00   -0.992831669841E+00    0.455205305647E+00
    0.119636054640E+00    0.876945346888E+00    0.618640551153E+00
    0.164054851300E+00   -0.103798592505E+00    0.122636635819E+00
   -0.991156699155E+00   -0.236988416008E+00    0.100255970915E+01
   -0.868397282205E+00    0.736894536339E+00    0.100182640489E+01
    0.458262297558E+00    0.239133844381E+00    0.171232735965E+00
    0.850944500935E+00    0.370057096136E+00    0.196192061944E+00
    0.348834141851E+00    0.221282384616E+00    0.179255828526E+00
    0.395133923069E+00   -0.419478463982E+00    0.300949484045E+00
   -0.841370788690E+00    0.912400010200E+00    0.102041429802E+01
   -0.572178157862E+00   -0.870228159090E+00    0.898237224674E+00
    0.120428940280E+00    0.422030052403E+00    0.399028482740E+00
    0.551546245092E+00    0.433214140603E+00    0.273672910508E+00
   -0.949042649183E+00    0.317227839672E+00    0.987344964827E+00
   -0.738064760513E+00   -0.177880578905E+00    0.865234772539E+00
    0.369695578600E+00   -0.181703888895E+00    0.145327641196E+00
    0.561017500534E+00    0.442508931279E+00    0.277050236918E+00
    0.151807455709E-02   -0.747376340983E-01    0.191356964277E+00
    0.273967829053E+00    0.476282647426E+00    0.371139905818E+00
   -0.209886060285E+00   -0.130845338739E+00    0.478130283455E+00
   -0.850971095676E+00    0.414460132826E+00    0.948025938571E+00
    0.409241270254E+00    0.751976700427E+00    0.472695561489E+00
   -0.386976695361E+00   -0.982671992894E+00    0.849440821796E+00
    0.223046822510E+00   -0.608890260040E-01    0.638813417268E-01
   -0.887405699083E+00    0.203572236602E+00    0.948119697095E+00
   -0.178755556147E+00   -0.178034392184E+00    0.464243827870E+00
   -0.907692483073E+00    0.466671557535E-01    0.953043499192E+00
    0.239170855036E+00   -0.804874340969E+00    0.547944820704E+00
    0.588043333459E+00    0.728002100742E+00    0.417006551226E+00
   -0.113970502240E+00    0.488155438260E+00    0.554641263570E+00
    0.544292669404E+00   -0.558988924853E+00    0.343449003843E+00
   -0.189379029586E+00   -0.989223421781E-01    0.448908534613E+00
   -0.615136374507E+00    0.213161047966E+00    0.795662914908E+00
    0.787369736826E+00   -0.992093453202E+00    0.489489857477E+00
   -0.361378230862E+00   -0.774579620871E+00    0.779779080665E+00
    0.705123918629E+00   -0.228453233099E+00    0.134322322292E+00
    0.871868612403E+00    0.831502187892E+00    0.408004040320E+00
   -0.753382098025E+00   -0.254248474997E+00    0.879917340387E+00
   -0.707917698609E+00   -0.152367258145E-01    0.841427165758E+00
    0.298638167323E+00    0.199063598641E+00    0.173586326809E+00
   -0.384590457481E+00    0.969963758504E+00    0.844990316472E+00
   -0.520569388069E+00   -0.347816163367E+00    0.757180071857E+00
    0.654606377478E-01   -0.319613407463E+00    0.361100724308E+00
    0.585642986028E+00    0.473076500240E+00    0.289140390300E+00
    0.364901824753E+00   -0.847201084295E+00    0.527987794250E+00
   -0.875524259000E+00    0.112085274335E+00    0.937601722549E+00
    0.992422754660E+00   -0.137870138951E+00    0.690321902218E-01
    0.215053510751E+00   -0.898148320401E-01    0.948727263888E-01
    0.571606262776E+00   -0.190252695985E+00    0.124157755533E+00
    0.942783194584E+00   -0.581531119808E+00    0.287163298070E+00
    0.361559818859E+00   -0.165147834259E+00    0.134036284641E+00
   -0.959993091875E-01   -0.769978626475E+00    0.660279998805E+00
    0.889813954938E+00    0.195947728663E+00    0.103246349744E+00
   -0.643115791907E+00    0.334110129592E+00    0.826995043054E+00
   -0.702822862501E+00   -0.445332105265E-01    0.838765520983E+00
    0.580177491916E+00    0.450134443290E+00    0.277617759926E+00
   -0.590201089707E-01    0.478239766548E+00    0.520042297574E+00
    0.460452246286E+00    0.612726291148E+00    0.391152449990E+00
    0.145173654831E+00    0.259100868720E+00    0.275522917674E+00
   -0.244593006878E+00    0.690403140139E+00    0.698942945777E+00
   -0.761293547604E+00   -0.378648913439E+00    0.897650827627E+00
    0.449298742749E+00    0.790411521724E+00    0.479524535577E+00
    0.762455539556E-01    0.500241830747E+00    0.463558783150E+00
    0.125129837801E+00    0.286275839969E+00    0.306021475150E+00
    0.128181352429E+00    0.128970203735E+00    0.163788144101E+00
   -0.678524374433E+00    0.298231964805E-01    0.823924706035E+00
    0.507861131668E+00    0.928798195322E+00    0.524746434199E+00
    0.788810337935E+00   -0.273934772104E+00    0.152006287057E+00
   -0.713109757397E+00    0.202120676165E+00    0.852733936633E+00
   -0.303469977546E+00    0.852868065853E+00    0.777406007140E+00
   -0.239136255962E+00    0.872203733635E+00    0.756150975147E+00
   -0.440924046296E+00   -0.821967831749E+00    0.828759960442E+00
   -0.678984430655E+00    0.650806312398E+00    0.899860978861E+00
    0.614052180602E+00    0.383711050904E+00    0.234552211574E+00
   -0.556594835398E+00   -0.804885817744E+00    0.876123605188E+00
    0.662194309153E+00   -0.979104801537E+00    0.509811552501E+00
    0.620167773126E+00    0.822915146266E+00    0.452917083016E+00
   -0.638175035270E+00   -0.425124670753E+00    0.838148419815E+00
   -0.890275354173E+00   -0.133511014678E+00    0.946178128278E+00
    0.571692930652E+00   -0.974198356309E+00    0.528139375416E+00
    0.484899785011E+00    0.307218233061E+00    0.211104910296E+00
   -0.733305702572E-01    0.344265297012E-01    0.277795059299E+00
    0.139112973438E+00   -0.803492921241E+00    0.581521156195E+00
    0.711327231861E+00    0.964750239957E+00    0.493613850571E+00
    0.180457639162E+00    0.532242908629E+00    0.436775371885E+00
    0.580705033150E+00   -0.670459937508E+00    0.391328330097E+00
    0.589795300244E+00    0.915005343452E+00    0.499411951335E+00
    0.339206061608E+00    0.120801695175E+00    0.102148556879E+00
   -0.327132473608E+00    0.708826479098E+00    0.744246486603E+00
   -0.124812693385E+00   -0.308670731820E+00    0.478415553427E+00
   -0.524044247109E+00    0.789514885953E+00    0.857802342557E+00
   -0.604457921763E-01   -0.904791036043E+00    0.695432837144E+00
   -0.211816647358E+00   -0.203955180784E+00    0.502923590581E+00
    0.761432797961E+00    0.742028927945E+00    0.388435142565E+00
    0.918978910823E+00   -0.824667601231E+00    0.397345930994E+00
   -0.251418006470E+00    0.335467338681E+00    0.579069385617E+00
   -0.778412469400E+00   -0.815594775969E+00    0.976179390841E+00
   -0.569955713354E+00   -0.107552885811E+00    0.758277814418E+00
    0.905478434087E+00    0.222542630758E+00    0.116074513725E+00
    0.611381799007E+00   -0.690776344388E+00    0.394393806851E+00
    0.953406848641E-03   -0.604136747351E+00    0.549173967337E+00
   -0.703657999389E-01    0.968362947543E+00    0.721554549693E+00
   -0.590509891496E+00    0.857275086533E+00    0.903183756494E+00
   -0.880739912716E+00   -0.970380691010E+00    0.104671239462E+01
   -0.463966082508E+00   -0.927134295578E+00    0.866230975991E+00
    0.698617858027E+00   -0.679992277833E+00    0.371682446085E+00
    0.795028864037E+00   -0.858680000113E+00    0.433119930032E+00
   -0.743300479452E+00    0.484779739943E+00    0.902971868445E+00
    0.689972789165E+00    0.181933209337E+00    0.108589122238E+00
   -0.492425588925E+00   -0.371104070383E+00    0.744657691705E+00
    0.910279926794E+00    0.651443195324E+00    0.323333760328E+00
   -0.279624588991E+00   -0.631623806589E+00    0.696554645027E+00
    0.974017683438E+00    0.301337904185E+00    0.150911217280E+00
    0.453096584952E+00   -0.301874446803E+00    0.213719909854E+00
    0.648170443875E+00    0.957874445591E+00    0.504181046003E+00
   -0.172763162572E+00   -0.907871565724E+00    0.740583050247E+00
   -0.750174560574E+00   -0.181839109663E+00    0.872374084246E+00
   -0.914081752046E+00    0.859124136593E+00    0.104128039712E+01
    0.805221518316E+00   -0.388285666091E+00    0.210628769225E+00
   -0.502577848668E+00   -0.383271033713E+00    0.753200864246E+00
    0.873894922077E+00   -0.976976916470E-01    0.521734271483E-01
    0.104869257823E+00   -0.807667233875E+00    0.595641564166E+00
    0.435883870083E+00   -0.377768288034E+00    0.265443779532E+00
   -0.696821880312E+00    0.813473784708E+00    0.940197570504E+00
    0.955122246945E+00   -0.942922233494E+00    0.439900898347E+00
   -0.665804101796E+00    0.225143717896E+00    0.827237759405E+00
   -0.198934218813E+00   -0.319026151928E+00    0.536145026798E+00
   -0.294721807013E+00   -0.162897236316E+00    0.561901105819E+00
    0.499519676428E+00   -0.981057747744E+00    0.548354999151E+00
   -0.789811450866E+00    0.709936770689E+00    0.962236080151E+00
    0.615499861680E+00    0.258502156716E+00    0.161369806946E+00
   -0.121090287901E+00   -0.499485002011E+00    0.563490778467E+00
    0.155072024292E+00    0.327215751245E+00    0.321737046359E+00
   -0.281879493535E+00    0.920481827744E+00    0.788845463866E+00
    0.966511444246E+00    0.115896826371E+00    0.588385054403E-01
    0.277817711051E-01    0.879370713405E+00    0.652697358900E+00
    0.349454786510E+00    0.387427255188E+00    0.293505422408E+00
    0.153003205395E+00   -0.351674717394E+00    0.339494868745E+00
   -0.354685081659E+00   -0.572298990108E+00    0.716931371839E+00
    0.638317863501E+00   -0.862895620552E+00    0.466375772577E+00
   -0.637084332750E+00   -0.523388808128E+00    0.854865964648E+00
   -0.774855464067E+00   -0.281412534546E+00    0.894212050266E+00
   -0.469571113611E+00   -0.772290228477E+00    0.828677406087E+00
    0.874222375433E+00   -0.911106906419E+00    0.440718421901E+00
    0.932121657490E+00    0.561428865962E+00    0.279303068865E+00
    0.673354900445E+00   -0.255283623849E+00    0.152917778026E+00
   -0.274609645039E+00    0.200953686757E+00    0.554478636701E+00
   -0.805233279846E+00   -0.337874390722E-01    0.897545292812E+00
   -0.527778701430E+00   -0.633076904292E+00    0.822191449283E+00
   -0.996473815328E+00   -0.601796846575E+00    0.103936755300E+01
    0.806077175163E+00    0.699620428949E+00    0.361434370704E+00
    0.489218689678E+00    0.443816199001E+00    0.292674958815E+00
    0.519946227145E+00   -0.121032988719E+00    0.833702248148E-01
    0.938320732209E+00   -0.468267869927E+00    0.234898814552E+00
    0.752915116848E+00    0.838081349967E+00    0.432261469476E+00
   -0.895617313282E+00   -0.162428420490E-01    0.946409505415E+00
   -0.763126477472E+00    0.691789906284E+00    0.946874756991E+00
    0.561151243874E+00   -0.857056527059E+00    0.481284162016E+00
   -0.647173546885E+00   -0.873480199264E+00    0.931203623322E+00
    0.318658433764E+00    0.163248929352E+00    0.140325763455E+00
   -0.339954378862E-02    0.600404238988E+00    0.549460374806E+00
   -0.754535616225E-01    0.945991431615E+00    0.715698736112E+00
    0.555531393203E+00   -0.277626105522E+00    0.180982280538E+00
    0.212135578268E+00    0.297351518283E+00    0.276704414234E+00
    0.954910461360E+00   -0.572293300962E+00    0.281390404027E+00
    0.837807379335E+00    0.980108545962E-01    0.534481814107E-01
    0.180660549830E+00    0.993578245286E+00    0.643897791076E+00
   -0.474279983430E-01   -0.714128891166E+00    0.617709516258E+00
    0.434960084516E+00    0.862483177281E+00    0.515264063448E+00
   -0.308324414003E+00    0.448632271093E+00    0.652951333887E+00
   -0.294969349843E+00    0.890404125562E+00    0.785162397538E+00
   -0.829360951649E+00    0.321675131924E+00    0.927070530769E+00
   -0.979600386457E+00    0.649260872246E+00    0.103798520614E+01
    0.363726665486E+00   -0.646285824826E+00    0.434673069095E+00
   -0.266315568925E+00    0.641383263930E+00    0.693105782462E+00
    0.292843351736E+00    0.715918266900E+00    0.490230931950E+00
   -0.952487076730E+00    0.166356924642E+00    0.979640899213E+00
    0.993407953666E+00    0.689516187521E+00    0.328515358344E+00
   -0.469044068158E+00   -0.186277128163E+00    0.697754855154E+00
    0.732458187813E+00    0.451896394250E+00    0.253164192234E+00
   -0.576721552289E+00   -0.325351882692E-01    0.759723665601E+00
    0.997122713764E+00   -0.647366161142E+00    0.309609147999E+00
    0.100815159877E-01   -0.318092311964E+00    0.392536951158E+00
    0.873335823541E+00    0.108893983624E+00    0.581492525554E-01
    0.717906967037E+00    0.712415892597E+00    0.383074065518E+00
   -0.746493322102E+00   -0.411223489921E+00    0.894080295152E+00
   -0.932345828983E+00    0.514802019528E+00    0.999343855035E+00
    0.836164390213E+00   -0.916900891912E+00    0.449863241342E+00
   -0.787092047010E+00   -0.297332228729E+00    0.902350284247E+00
   -0.907849359152E+00   -0.917047038322E+00    0.104839457421E+01
    0.286175332129E+00    0.495007240556E+00    0.377889716322E+00
   -0.392265402862E+00   -0.726705107605E+00    0.780410674363E+00
    0.397275161696E+00   -0.438550165503E+00    0.311819489891E+00
    0.400522782906E+00    0.971642777000E+00    0.570277590715E+00
    0.506385131646E+00   -0.169158872907E+00    0.117274952954E+00
    0.838457725499E+00    0.725428421210E+00    0.367601171984E+00
    0.100945829971E+00    0.587568193870E-01    0.890363955515E-01
    0.774825965594E+00    0.144665448738E+00    0.818209651089E-01
   -0.328592986786E+00    0.390283329568E+00    0.647604650679E+00
   -0.655101231907E-01   -0.952066153708E-01    0.300896782776E+00
   -0.535307452593E+00   -0.135483117952E+00    0.737391952597E+00
   -0.910912669687E+00    0.472270688070E+00    0.984117326613E+00
   -0.665752865813E+00   -0.904778097877E+00    0.945799651570E+00
   -0.832389794721E+00    0.416357134180E-01    0.912639095569E+00
   -0.877331666245E+00    0.502960940367E+00    0.971753148786E+00
   -0.614963656934E+00   -0.397149335533E+00    0.820676842423E+00
   -0.491780043443E+00    0.700465870449E+00    0.820866069834E+00
   -0.474283025479E+00    0.978869208038E+00    0.883742186598E+00
    0.620213638167E+00   -0.426737233859E+00    0.257514462377E+00
    0.113151707678E+00    0.643203063909E+00    0.519580742216E+00
    0.367964751726E+00    0.573261198113E+00    0.395746209570E+00
   -0.282961888959E+00    0.400814487346E-01    0.533267494164E+00
   -0.634095410339E-01    0.633971126133E-01    0.276654465135E+00
    0.176486185809E+00    0.974621013128E+00    0.637959702137E+00
   -0.723938603597E-01    0.836236145263E+00    0.675188034314E+00
   -0.609636996831E+00    0.398799742545E+00    0.817963190286E+00
    0.958436002515E+00    0.186897289305E+00    0.950070801074E-01
    0.462378884553E+00    0.493077795209E+00    0.326787127487E+00
   -0.647844853108E+00    0.774195502929E+00    0.910313293291E+00
    0.420558797588E+00    0.242512055564E+00    0.180155351210E+00
   -0.382242060375E+00    0.709815297536E+00    0.770854983077E+00
   -0.673736372978E+00   -0.469587130753E+00    0.864573575156E+00
    0.794086221674E+00    0.392952812349E+00    0.214368235100E+00
   -0.787804667449E+00   -0.838700491365E+00    0.984499981976E+00
    0.267526986647E+00    0.161177318253E+00    0.149668086874E+00
   -0.416677100701E+00   -0.575756270483E-01    0.647036798375E+00
   -0.507030336558E+00   -0.653407969614E+00    0.816727127915E+00
    0.646220208072E+00    0.258677510873E+00    0.157877532035E+00
   -0.865016802097E+00    0.184824570148E+00    0.935296369749E+00
   -0.436196122410E+00   -0.451444236714E+00    0.729364532022E+00
   -0.367392775023E+00   -0.713131579735E+00    0.764721696877E+00
    0.436597819916E+00   -0.144325550548E+00    0.107787782377E+00
   -0.825346132359E+00    0.614719007866E+00    0.962927870419E+00
   -0.141909485555E+00    0.482405759249E+00    0.567782972274E+00
   -0.535927156420E+00    0.927500843503E+00    0.896417897290E+00
    0.774079114199E+00   -0.501606155441E+00    0.272316909914E+00
   -0.231085949523E+00    0.192209675735E+00    0.515587460013E+00
    0.367692896808E+00    0.710441567601E+00    0.464898056791E+00
   -0.867893670922E+00   -0.332873704203E+00    0.948006729360E+00
    0.958002569975E+00   -0.149436214573E+00    0.761085606834E-01
   -0.576774119941E+00   -0.860311320884E+00    0.897924445294E+00
    0.210037413325E+00    0.737610935198E+00    0.527681335001E+00
    0.708343443821E+00    0.503659450673E-01    0.299027486584E-01
   -0.632552141577E+00    0.778041338007E+00    0.904235499928E+00
   -0.281945991596E-01   -0.724905359160E+00    0.613859940872E+00
    0.488987118858E+00   -0.902030970728E+00    0.518197765465E+00
   -0.148655815270E-01    0.265182496641E+00    0.374475912572E+00
    0.217249785551E+00   -0.246432982264E+00    0.235873041463E+00
    0.570899548460E+00   -0.955487508498E+00    0.520649362121E+00
    0.474631047863E+00   -0.124139581968E+00    0.893470768375E-01
    0.238780145912E+00    0.837635708495E+00    0.562238719526E+00
   -0.250675924676E+00   -0.683753441503E+00    0.699618535345E+00
