    0.100000000000E+01   -0.774791878492E-01    0.387106006594E-01
   -0.172807354745E+00   -0.100000000000E+01    0.770593508082E+00
   -0.604354618522E+00    0.100000000000E+01    0.941485899215E+00
   -0.100000000000E+01   -0.442987591638E+00    0.102316339355E+01
    0.100000000000E+01    0.483454404703E+00    0.235301045384E+00
    0.356477579593E+00   -0.100000000000E+01    0.593784852283E+00
   -0.386359793752E+00    0.100000000000E+01    0.853932584969E+00
   -0.100000000000E+01    0.235143970554E+00    0.100679550979E+01
    0.100000000000E+01    0.942458402674E+00    0.432508976352E+00
    0.181927306654E+00   -0.100000000000E+01    0.645943788223E+00
   -0.450639331297E+00    0.100000000000E+01    0.879627038921E+00
   -0.100000000000E+01    0.522629566946E+00    0.103158513805E+01
    0.100000000000E+01   -0.431619879665E+00    0.211154012987E+00
   -0.617874044322E+00   -0.100000000000E+01    0.946932011556E+00
   -0.903856639101E+00    0.100000000000E+01    0.106108483344E+01
   -0.100000000000E+01    0.196671818139E+00    0.100477769130E+01
    0.100000000000E+01    0.622394331959E+00    0.298218638536E+00
    0.698300599096E+00   -0.100000000000E+01    0.510578698447E+00
   -0.246502344462E+00    0.100000000000E+01    0.798885484433E+00
   -0.100000000000E+01   -0.476890275031E-02    0.100000284278E+01
    0.100000000000E+01   -0.227104708312E+00    0.112836308355E+00
    0.807428534930E+00   -0.100000000000E+01    0.488799535327E+00
   -0.666064750598E+00    0.100000000000E+01    0.966328463094E+00
   -0.100000000000E+01    0.396888927691E-01    0.100019680418E+01
    0.100000000000E+01   -0.921685629434E+00    0.424243357229E+00
    0.575223606324E-01   -0.100000000000E+01    0.687070114354E+00
    0.475965259345E+00    0.100000000000E+01    0.561929144216E+00
   -0.100000000000E+01   -0.630616188024E+00    0.104456541392E+01
    0.100000000000E+01    0.185131862337E+00    0.921751869678E-01
    0.605936111886E+00   -0.100000000000E+01    0.530716238280E+00
    0.566566213138E+00    0.100000000000E+01    0.539805632598E+00
   -0.100000000000E+01    0.646896869208E+00    0.104666081324E+01
    0.100000000000E+01    0.501076676588E-01    0.250459793760E-01
   -0.417151695242E+00   -0.100000000000E+01    0.866219276664E+00
    0.748981181696E+00    0.100000000000E+01    0.500203855032E+00
   -0.100000000000E+01    0.658762830169E+00    0.104820900203E+01
    0.100000000000E+01    0.218833589277E+00    0.108775171017E+00
   -0.974920457849E+00   -0.100000000000E+01    0.108892440118E+01
   -0.131470104768E+00    0.100000000000E+01    0.755008368999E+00
   -0.100000000000E+01    0.879793018454E+00    0.107979843853E+01
    0.100000000000E+01    0.182383381945E+00    0.908179316126E-01
   -0.829988229157E+00   -0.100000000000E+01    0.103188118641E+01
    0.495442141087E+00    0.100000000000E+01    0.557028256510E+00
   -0.100000000000E+01    0.831853024192E+00    0.107255794846E+01
    0.100000000000E+01    0.316769215945E+00    0.156480395742E+00
    0.606846319992E+00   -0.100000000000E+01    0.530509751849E+00
    0.595280818527E-01    0.100000000000E+01    0.686382600142E+00
   -0.100000000000E+01    0.467489128689E-01    0.100027299625E+01
    0.100000000000E+01    0.512189089302E+00    0.248533711458E+00
   -0.650703283978E+00   -0.100000000000E+01    0.960149143482E+00
   -0.174837939311E+00    0.100000000000E+01    0.771364713025E+00
   -0.100000000000E+01   -0.630594846541E+00    0.104456268943E+01
    0.100000000000E+01    0.327956830550E+00    0.161871421677E+00
   -0.640066350710E+00   -0.100000000000E+01    0.955868161671E+00
    0.160423057957E+00    0.100000000000E+01    0.652825772863E+00
   -0.100000000000E+01   -0.136903660547E+00    0.100232923787E+01
    0.100000000000E+01    0.800855831998E+00    0.374939765695E+00
   -0.572320661836E+00   -0.100000000000E+01    0.928578114610E+00
   -0.886828931193E+00    0.100000000000E+01    0.105437569437E+01
   -0.100000000000E+01   -0.821431777575E+00    0.107100919402E+01
    0.100000000000E+01   -0.842284080581E+00    0.392081936384E+00
    0.529854141747E+00   -0.100000000000E+01    0.548564530694E+00
    0.720208079280E+00    0.100000000000E+01    0.506037181468E+00
   -0.100000000000E+01    0.855285069789E+00    0.107607376690E+01
    0.100000000000E+01    0.909754274894E+00    0.419468182612E+00
    0.138648346636E+00   -0.100000000000E+01    0.659893014769E+00
    0.324180659629E+00    0.100000000000E+01    0.602931764262E+00
   -0.100000000000E+01   -0.265785039487E+00    0.100864219821E+01
    0.100000000000E+01   -0.199828285990E+00    0.994239426184E-01
    0.392837871439E+00   -0.100000000000E+01    0.583761818647E+00
   -0.585082251227E+00    0.100000000000E+01    0.933720549992E+00
   -0.100000000000E+01    0.729023041995E+00    0.105771631692E+01
    0.100000000000E+01   -0.811512611540E+00    0.379373230555E+00
    0.507825785893E-01   -0.100000000000E+01    0.689385968201E+00
   -0.247809444738E+00    0.100000000000E+01    0.799392505372E+00
   -0.100000000000E+01   -0.124326304648E+00    0.100192287095E+01
    0.100000000000E+01   -0.379361075393E+00    0.186466537237E+00
    0.527910287942E+00   -0.100000000000E+01    0.549036040815E+00
   -0.435519102089E+00    0.100000000000E+01    0.873568029831E+00
   -0.100000000000E+01    0.662466658952E+00    0.104869580207E+01
    0.100000000000E+01   -0.846518210382E+00    0.393819873261E+00
    0.860247768068E+00   -0.100000000000E+01    0.478984742618E+00
    0.225087683784E+00    0.100000000000E+01    0.632428481113E+00
   -0.100000000000E+01   -0.916636900623E-01    0.100104753339E+01
    0.100000000000E+01    0.433688408548E+00    0.212124268833E+00
   -0.241426149952E+00   -0.100000000000E+01    0.796918038465E+00
   -0.262486830886E+00    0.100000000000E+01    0.805097109496E+00
   -0.100000000000E+01   -0.523049169465E+00    0.103163225266E+01
    0.100000000000E+01   -0.215062386520E+00    0.106921751453E+00
   -0.820633528720E+00   -0.100000000000E+01    0.102816544922E+01
   -0.995171265828E+00    0.100000000000E+01    0.109680776104E+01
   -0.100000000000E+01   -0.135820413993E+00    0.100229273243E+01
    0.100000000000E+01    0.159692454515E+00    0.795944984380E-01
    0.647840423632E+00   -0.100000000000E+01    0.521378007016E+00
    0.578377213040E+00    0.100000000000E+01    0.537046152397E+00
   -0.100000000000E+01   -0.247793036810E+00    0.100753247194E+01
    0.100000000000E+01    0.810195567018E+00    0.378826208344E+00
    0.176817449100E+00   -0.100000000000E+01    0.647570245842E+00
   -0.242622472994E+00    0.100000000000E+01    0.797381482595E+00
   -0.100000000000E+01    0.434383001234E+00    0.102231843444E+01
    0.100000000000E+01    0.765318200924E-01    0.382379655892E-01
   -0.288536953569E-01   -0.100000000000E+01    0.717380609099E+00
    0.830925845459E+00    0.100000000000E+01    0.484377184186E+00
   -0.100000000000E+01   -0.639951839951E+00    0.104576283311E+01
    0.100000000000E+01   -0.679952080348E+00    0.323473624563E+00
    0.173632379480E+00   -0.100000000000E+01    0.648586844178E+00
    0.378515092331E+00    0.100000000000E+01    0.587675366465E+00
   -0.100000000000E+01    0.504493109747E+00    0.102957529550E+01
    0.100000000000E+01    0.125445389751E+00    0.626001566992E-01
   -0.616639571365E+00   -0.100000000000E+01    0.946434780148E+00
   -0.141037152541E+00    0.100000000000E+01    0.758595385811E+00
   -0.100000000000E+01   -0.108472140962E+00    0.100146540088E+01
    0.100000000000E+01   -0.196445493594E+00    0.977567569140E-01
    0.219815295007E+00   -0.100000000000E+01    0.634057999608E+00
    0.707337483341E+00    0.100000000000E+01    0.508694701410E+00
   -0.100000000000E+01    0.350769768628E+00    0.101482401121E+01
    0.100000000000E+01   -0.823058652952E+00    0.384157937448E+00
    0.585448888486E+00   -0.100000000000E+01    0.535407408018E+00
    0.251896356015E+00    0.100000000000E+01    0.624236183400E+00
   -0.100000000000E+01   -0.701333623446E+00    0.105390247012E+01
    0.719026896308E+00    0.000000000000E+00    0.000000000000E+00
    0.951695064068E+00    0.000000000000E+00    0.000000000000E+00
    0.588194990417E+00    0.000000000000E+00    0.000000000000E+00
    0.150199387486E+00    0.000000000000E+00    0.000000000000E+00
    0.702833855375E+00    0.000000000000E+00    0.000000000000E+00
    0.594192031344E+00    0.000000000000E+00    0.000000000000E+00
    0.325009818061E+00    0.000000000000E+00    0.000000000000E+00
    0.452210340116E+00    0.000000000000E+00    0.000000000000E+00
    0.764460953787E+00    0.000000000000E+00    0.000000000000E+00
    0.310942423519E+00    0.000000000000E+00    0.000000000000E+00
    0.231443560961E+00    0.000000000000E+00    0.000000000000E+00
    0.679940375337E+00    0.000000000000E+00    0.000000000000E+00
    0.276718634160E+00    0.000000000000E+00    0.000000000000E+00
    0.378748277331E+00    0.000000000000E+00    0.000000000000E+00
    0.705300762892E+00    0.000000000000E+00    0.000000000000E+00
    0.525566477877E+00    0.000000000000E+00    0.000000000000E+00
    0.224306697140E-01    0.000000000000E+00    0.000000000000E+00
    0.731178996679E-01    0.000000000000E+00    0.000000000000E+00
    0.422766924477E+00    0.000000000000E+00    0.000000000000E+00
    0.507440950968E+00    0.000000000000E+00    0.000000000000E+00
    0.737360756523E+00    0.000000000000E+00    0.000000000000E+00
    0.920509695732E+00    0.000000000000E+00    0.000000000000E+00
    0.509463058841E+00    0.000000000000E+00    0.000000000000E+00
    0.262563149055E-01    0.000000000000E+00    0.000000000000E+00
    0.258164900378E-01    0.000000000000E+00    0.000000000000E+00
    0.700568568956E+00    0.000000000000E+00    0.000000000000E+00
    0.134917539694E+00    0.000000000000E+00    0.000000000000E+00
    0.552555613680E+00    0.000000000000E+00    0.000000000000E+00
    0.518751249708E+00    0.000000000000E+00    0.000000000000E+00
    0.245456627702E+00    0.000000000000E+00    0.000000000000E+00
