35200
func 0
Activation_out 0
4
2
24
24
1
 #l=           2
 -4.35804549653511322E-04  1.00834385333913707E-03  4.81341216556302378E-03
 -1.33980908102543761E-01 -5.91186685577950288E-01 -5.10413349864056246E-02
 -6.04501980705709485E-01  3.88546728744659717E-02  1.26083758453726991E+00
 -6.12694825314749475E-02  7.26013919181112022E-01 -2.01132248966701255E+00
  6.26000508573673897E-02 -2.71144814401082457E-01 -5.26381334229841305E-02
 -2.54744703838888017E-02  1.05121859840430917E-01  8.23682353605126039E-02
 -3.59482675408169638E-01  7.55128887474853738E-01 -8.60161236794839801E-01
 -4.83791586949172625E-01  2.88908738695704860E-02  1.06671233989698622E+00
 -3.76104440637322956E-01  7.00507892743383098E-01  1.10995662633353298E+00
  1.76921408804678909E-01  6.75473871669059478E-01  1.17121076112347966E+00
 -7.90825183620401211E-04 -6.08518557095960068E-03 -3.77237774943930135E-03
 -6.14385306117475771E-01  1.46051741825026249E+00  9.88679387630682194E-01
  1.82495261279223081E-01 -3.17696215512966285E-01 -6.69617915634309835E-01
 -7.07356830183247798E-01 -8.99104653765888107E-02 -1.14192130291857330E+00
  1.00132616587813694E+00 -9.42962319149987960E-01  2.91423265998550715E-02
 -9.01813064851107238E-01  9.26619395772258381E-01  1.09019610021513369E+00
 -5.93715194681237679E-01 -6.75555009556703334E-01  1.54161617997251588E+00
 -8.85354556951917942E-04 -1.35699308889577889E-03 -5.82482334981697207E-03
 -1.71541721087844518E-01 -2.42998830641562025E-01 -1.14621690867849249E-01
  2.53577203269046703E-01 -5.84694838473630352E-01 -1.72227214755297253E+00
  8.16914316343169550E-02 -4.18414188524056818E-01  1.21597754861046736E+00
  8.27341473664133686E-01 -7.97642712845080926E-01  1.29395078773709371E+00
  4.13054252661566479E-01 -6.98827181460669244E-01  9.07465455379205421E-01
 -6.22989582473874089E-03 -2.77974130652276980E-05  5.91188432397001646E-04
 #l=           3
  9.18564527614737392E-01  3.66501518648824432E-03 -3.43954628103573745E-01  1.24397279138624677E-02 -3.22164624561223245E-01 -2.04411326391362391E-01  1.71703304042265248E-01  1.78527020657335334E-01  2.04269241140071472E-01 -7.36351664509266923E-01  3.12881811169874569E-01 -7.19143426766798328E-04  5.02869694947838831E-03  1.09225460305429720E-01  2.67679931526370873E-01 -4.52343600376217791E-01 -1.00158710108161797E+00 -2.74950960975797798E-01 -1.35305984980185019E-03 -7.11678165397821694E-01  7.24744554740958780E-01  4.40231813783106107E-01  1.06097953416819046E+00  6.43749820114907667E-01 -5.69927666899826724E-04
 -4.39449001978260034E-01 -1.77745823328610796E-02  1.62240325041368938E+00  5.11182689556068492E-01 -1.44662412714651661E-01  1.19643848160996602E+00 -7.46866729594272694E-01  8.20889143415150374E-02  4.27253010374678444E-01  3.82057105437517697E-01  3.69874804847024952E-01 -2.15627564965887837E-03 -1.53324591065473505E-02 -2.40986463542292917E-01  8.02425867038712104E-01  1.87566768140049772E-01  6.05554157402385496E-01 -7.18109398004099897E-01  2.33191380600140143E-02  1.32647480974857035E+00 -2.97486922503903739E-01 -3.96439676138315503E-02 -2.54140900559298999E-01 -2.45134305615143183E-01  4.39727182697182122E-03
 -1.44263300529464594E-01  1.33653670782085066E-01 -2.94876944037786637E-01 -2.36078677642539481E-01  1.02573413214549852E-01  6.04027733751152304E-02 -9.70557065971340734E-03 -4.67671238521141577E-02  2.71640463847885538E-01  1.71783340034501270E-01 -1.59981550265213768E-01  7.07286329418048837E-02 -7.81666379901240077E-02  2.78998285228572285E-01 -1.94231200860938480E-01  2.09742464495114328E-01  8.99982350543221815E-02 -3.52234959881690887E-02 -1.74634409828368559E-01  6.34141571289831424E-02 -5.08196671155988350E-02  1.77527294635848959E-01 -2.75367975377781349E-01  1.07963674665752865E-01  5.82911018294394179E-02
 -2.44157856256864647E-01 -6.56190640248235143E-03 -2.97509637749720723E-01 -2.42385200330617251E-01  8.92255931201739516E-01 -3.24376948749941107E-01  3.86959132061104327E-01  7.09381335536159452E-01 -7.61119135988848200E-02 -3.85069196605836772E-01  3.22532323662873321E-01 -2.04248295299590231E-02 -1.10096126928437865E+00 -1.31631937975235203E-01 -8.37013775381109881E-01  8.41767844108189389E-02 -6.15954866155186243E-01  8.49599223145204530E-01  1.41902511690681320E-02 -2.56392860204008033E-01  8.46074355019485691E-01 -1.41817741587449420E-01 -3.96283371907807241E-02 -5.76277557209079916E-01 -4.25994314853429951E-02
 -1.55899645770145832E-02  1.85678220160099265E-04  1.87741249956166617E-02 -2.18642409345965079E-02 -6.87820083892408812E-02 -3.08943907631535009E-01 -6.63233204360154788E-02  1.28766945549018352E-01  3.71915779990179274E-02 -3.28277436866893993E-02  6.91096129452088287E-02 -1.63926527157938290E-01 -1.10624187322104148E-02  1.32271062260936878E-01 -1.08149941795502962E-02  1.06490054317002203E-01  1.34019799802877815E-01  7.20414955579401772E-02 -7.74891341582176901E-02  7.87331478364473036E-02  2.49022277453900057E-02 -3.07142259554430752E-01  1.74243107877822198E-02  2.44450069168067941E-01 -4.19132091951766872E-02
  6.44587187340310286E-02 -1.47146277268767806E-01 -1.55491894005075154E-01 -2.15153315236670445E-01  8.94752093960919648E-02  2.44891781998529505E-02  2.46813174576523270E-03  1.76583100661026338E-01  3.97705515430998080E-01  1.62465895121682274E-01 -5.37731756234851241E-02  5.36149025505594234E-02  1.53307319748583713E-02  3.09073056856560557E-01  3.34311342499504366E-02 -1.77940591690650574E-01 -1.61902741192311850E-01 -3.64726179704827555E-02  1.57435514317894182E-02  9.60787185043267961E-02  4.76004576442521574E-02  2.10110977663696991E-01 -8.86982439181043317E-03  2.21396411399665316E-01  1.59334746921228412E-02
 -6.67070575799354692E-01 -1.05413470082502594E-02  3.02254918804429951E-01 -2.46687561732997218E-01 -2.47789289888379366E-01 -7.66387377300772471E-02 -2.35218895941465625E-02  2.38571936451847100E-01 -1.05898624681862712E-02  2.41320345167669287E-01  3.08594335835515932E-01 -5.82718949268389128E-04  5.31320431757735523E-02  3.92359301174100769E-02 -6.87404350936036579E-01  1.08203743707997291E-01  2.29410835721993916E-01 -5.46154067347941696E-01  1.07891993363740252E-02  6.87589992025399166E-02 -6.37674750833802872E-01 -2.43467112128254393E-01 -4.55437503703734814E-01 -1.90655615542833723E-01 -1.26302020964443942E-02
 -1.13955557103261815E-01  1.11263661088622609E-01  4.97651230896612728E-02  1.63692241265604499E-01  1.29263922740750336E-02 -1.09938454099238872E-01 -2.23641374949419242E-01 -5.15017694684229421E-02 -1.13686274428894174E-01 -1.18770538541586188E-01  1.50917586931667846E-02 -1.28304440868366815E-01  2.32065613163553140E-02  1.30687708740924030E-01 -1.08169775563895287E-01  1.02283504563692812E-01  7.00248917474525640E-02 -1.19231851093496197E-01  1.28260214826507925E-02 -2.69571992605102784E-01 -6.07692639370471244E-02  5.04728692499132811E-02 -3.08778861834022422E-01  2.69395113698051414E-01  3.23116368584319275E-02
 -5.67952143446541005E-02 -3.42987799328343460E-02 -1.75885014162474873E-01 -8.25518148387779510E-02 -1.48258330201026557E-02  2.00495188078948644E-01 -1.46596680034529692E-01  1.42156875335166244E-01 -3.67744097666741834E-02  1.04041687005414510E-01 -8.14596705055033871E-02 -1.06876017298413242E-01  1.75891606859912520E-03 -2.13897136750999250E-01  1.55537878374008703E-01 -2.65510311909950454E-02 -1.19865117448595696E-01  7.48409852077502463E-02 -1.63500508469296563E-02 -2.12745875028303028E-01  5.82008693536915436E-02  9.03932130018029328E-02  1.44076817721117106E-01 -1.70680208716469939E-02 -5.81755584048054900E-02
  3.63677164278068468E-02 -6.06329267003355918E-02  8.98868797044125034E-02 -1.86023391684088157E-01 -6.49770064777242945E-02 -1.75573005254810066E-01 -1.12571227102509483E-01 -1.61524832849674532E-01  2.26391309527254281E-01  6.08793530943619668E-02  4.64692738482831366E-02  2.47934005770284425E-02 -5.43473135202388324E-02  2.03740211889793937E-01 -1.21801170993253577E-01 -2.80349697096634945E-02  3.03263018793784415E-02  6.37015119878978214E-02  6.07400895699748838E-02  1.13313450431562324E-01 -1.58195941210947898E-02 -2.01337741183340690E-01 -1.48587810179694104E-03 -1.76149590619048391E-01  1.91763003404299859E-01
  5.51951765324331767E-01  1.58418270004829116E-02 -2.53545285839897938E-01  1.63023251710398720E-01 -2.25724460156284140E-01 -2.62066214103162526E-02 -3.55314125271235506E-03 -1.97342614091495366E-01  2.99982064110887792E-01 -1.70799167932528778E-01 -4.09420769259978168E-01  6.24877464005352528E-03 -2.57012474682025649E-01  9.44626163311756972E-02  2.68400862645555405E-01  3.30186974222003937E-01 -3.51443134090640930E-01  1.65165562977446723E-01  1.67286067533429193E-02 -3.98344930414709752E-01  3.55280089036231830E-02  3.32609116334498134E-01 -1.41311389852098873E-01  3.54558285502499959E-01 -3.34516897561361604E-02
  7.45097186867683781E-01 -2.70400141375991485E-02 -2.66611662282338957E-01  5.51310319515466940E-01 -4.84687195293102224E-01 -3.39868767032649066E-01  1.37910711738149255E-01 -5.72564691041502344E-02  6.75033596313631967E-02 -2.53221004063452382E-01 -4.88496536419897209E-01 -2.26775305099024931E-03  2.41796543291020488E-01  2.73134437380451844E-01  5.21613573708441747E-01  9.11927037391332546E-02 -2.16973568209137796E-01  2.38184603824796920E-01  7.81947992290362923E-03 -9.93205062345587641E-02  3.99851949594929590E-01  2.14815626791320075E-01  2.51245142061883753E-01  8.88201927258510660E-02  5.70464926955176806E-03
  6.02743198993048318E-02  1.60342802437904407E-02  1.29317178071642364E-01 -2.16096402383082836E-01 -9.79932505826235506E-02 -1.00471380562802054E-01  2.07149726533133821E-01 -1.45385303183843406E-02  2.67509092290500128E-01 -1.07822339780590096E-01  1.30599468651866724E-01 -7.94729898599067508E-02 -2.97045298692789764E-03  6.16369022905051619E-02 -5.75100343910382207E-04  6.42906436779930451E-02  1.14851114275914143E-01  7.77245035580080568E-02 -1.71077171668510192E-01  1.51749938974805848E-01 -3.12146237564716244E-03 -2.61464378197520442E-01  6.50364882493394969E-02 -1.01906172850870669E-01  1.09837391574289525E-01
 -5.52434520045544247E-02 -9.07566651561477616E-02 -1.40260113121025237E-01  2.52963411112822195E-02  8.11891702960943207E-02 -1.93024309571025010E-01 -9.73431672645715257E-02 -6.37682235229457411E-02 -1.23371242806443335E-01  1.05738964222250709E-01  3.52602926502132707E-02 -1.82702511191321443E-01 -1.14898357634348386E-01  4.22555184969573450E-01 -1.52803508962214368E-01  7.16749785433366954E-02  1.59425679444666846E-01 -1.15447007362160028E-02  1.01968044042220388E-01  1.94979206027597662E-01 -5.94502713478644723E-02  1.45455660110439644E-01 -2.31202667555675451E-01  1.27157954955224473E-01  2.07913848516206451E-02
  1.01009223088282807E-01  1.77883438892453560E-02  3.25460932617611276E-01  1.61956374575365103E-01  1.92324268502075194E-02  4.33307141139062726E-02  2.37977170173773983E-01  7.66512617103434074E-02 -8.63689919407123197E-02 -1.07447687786508331E-01  7.26748483074569351E-02 -4.21274398420533325E-02  1.08473725114321004E-01 -1.57427922935393400E-01  1.40408653961873103E-01 -1.64419356841978476E-01 -1.52262401197690578E-01 -9.66653288011499745E-02  1.35006870348528207E-01 -2.05220555755115608E-01  2.00348290347768000E-02  7.86007413874689337E-02  3.75795795160081339E-02  1.13050071441820152E-01  9.78019440471722401E-02
  4.92115459770478478E-02  1.87885192300880841E-02 -1.59339625809206409E-02 -1.75250526564919545E-01 -2.90604813178444513E-02 -2.44447550482332465E-01 -2.31023777917372025E-01  1.15631709401226246E-01  1.26566188273020325E-01  1.54267025946511510E-01  3.12911705768250531E-03 -4.01289441970405572E-02 -2.43743391741500781E-02  8.44570892666598461E-02  8.47242503079334297E-02 -6.63042451370890601E-02 -8.83031646930263203E-02  9.57380253634301098E-02  1.59001781935946884E-01  1.40455424082170349E-01  7.63416052634703357E-02  5.26709832008414314E-02  2.09374585081800596E-01 -2.01578874545584014E-01  8.90293069022134002E-03
  2.88753539166237971E-02 -8.86422659459365769E-02  1.33226005825736904E-01  5.67429638318386609E-02  3.86772333585676878E-02 -1.28786494008429980E-01 -2.49517660528037477E-01 -8.74365364628036101E-02  7.66400408893972984E-02 -1.64608569149230638E-01  5.48004774167527089E-02 -4.82145626134117752E-02  5.88295972995799138E-02  7.07335040039646368E-02 -1.96767191665678728E-02 -9.08496292205845796E-02 -5.20304063496659919E-02 -6.38254734738496338E-02  1.49838112757340602E-01 -1.26816743611361471E-01 -1.64341037577999186E-02  6.98355129785818429E-02 -5.81450530889026790E-02 -5.53609697669337191E-03  6.10340991113337006E-02
  1.53580149378551370E-02 -6.10812412573970218E-02 -2.83607766152850549E-01  5.23062482635948608E-02  4.93466077191007406E-04 -1.37762458118773478E-02  1.62726274551399319E-01 -1.27571168223920089E-01 -3.88525777909235343E-02  4.11100306129218371E-02 -1.63172747068069862E-01  1.59640712928705159E-02  1.60833734403263498E-02 -5.25113317092753759E-02 -6.89590550166261362E-02  6.70729008395658070E-03 -7.03810083068287518E-02  2.64602529785738401E-02  2.22480852957220249E-03  3.47612456120801383E-01  1.79954410410084996E-02 -8.31075016274770012E-02 -2.36039673536604169E-02 -4.79977523461470185E-02  2.54138682377112457E-02
 -7.40065522512292802E-03  6.94944270596328934E-02 -2.27872249580186037E-01 -7.77919839679843961E-02  4.64051810709052159E-02  2.61862285626838165E-01  1.67896520434864638E-01  2.41041444070021239E-02 -8.48349321866471995E-02  1.33290864158539496E-01 -1.42228162052318613E-01  1.44938085352140866E-01 -6.16082215445315981E-02 -2.55469859124387022E-01 -2.52728730470908255E-02  3.40423809601503938E-02 -8.29914590990899446E-03  2.74012662675957447E-02  1.41534356094786762E-01  2.14564156207379314E-01 -1.43114078158401350E-02  1.73735408462269078E-02 -8.90471190600109347E-02  1.19765727934911179E-01 -8.73722101792318157E-02
 -4.30821784504931471E-01 -6.02826071649527860E-03 -2.15044389173429190E-01 -5.86415376584867531E-01  5.16155561838480131E-02  1.29109140115544918E-01 -2.80265097940134156E-02  3.69150635382305081E-01 -6.56328028430239629E-01  4.47305678704032983E-01  4.61478521544758491E-01  1.21203853669429049E-03  2.84894404269232127E-01 -1.45495606087944096E-01 -8.98131333896493800E-01  1.05621276400664543E+00  6.75379387524954466E-02 -8.75643481413273528E-02  5.26003901651066197E-03  1.62190841953463699E-01  4.65648557572536335E-03  1.03683489351150210E-01 -1.44334343534968934E-01 -3.93382834043315754E-01  3.80995836125622373E-03
 -1.39208838009838212E-02 -7.20957535809289285E-02 -2.90333828796682097E-02  2.91305783875778823E-01 -1.55234213144398892E-01  1.24446001195929294E-02 -7.99663414601480341E-03  7.77985044196181832E-03  1.41974169601433220E-01 -1.63071046121698732E-02  2.49807105708120753E-03 -2.21771393273278966E-01  8.74385393712903275E-02  1.55628407460790597E-01 -1.18487974335999294E-01  2.98348239538487429E-02 -1.35859741055011168E-01 -8.86168064140538392E-02 -6.73963101634425521E-02  1.32488570768293651E-01  3.52917130989992556E-02 -2.70129296364175986E-01  6.87880737870395914E-02 -8.19364725557374662E-02  9.53964917288330078E-02
 -2.08136552962423574E-02 -1.19560680742089961E-01  3.30115268733194786E-02 -1.17014503641975257E-01 -4.09596816475157471E-02 -4.91195170013374802E-02  2.02933205010877638E-01  7.27875737362169983E-02  1.04012589866912197E-01  1.86290749943701650E-01 -1.18826165239770201E-01  1.56463942509417309E-01 -3.64513969730019330E-02  1.04969021848591484E-01 -1.18788012422967354E-01 -1.13860756930239705E-02 -4.76118328101423419E-02  7.79709009867898262E-02  1.74625053560444020E-02 -1.86712012083766685E-02 -2.24295434390300828E-02 -3.32747447479339820E-01 -1.00289251631731080E-02  2.26132852366493664E-01 -7.24610495412222333E-02
 -9.41328833485969609E-03  3.94185094024067997E-02 -1.22801358710579178E-02  9.90863605584765272E-02 -1.97438882191756961E-02  1.12589515146050353E-01  1.72943459871481103E-01  4.31597147913554136E-02 -2.18715343268704177E-01 -2.62512103456701840E-01  2.10007576838205895E-01 -1.86247344713921792E-01 -3.61202175048439267E-02  6.74167213178778479E-02  1.16930133570069164E-01 -2.70207439963751558E-02  1.73415014053806715E-01  6.65712929165197254E-02 -1.10846918376358197E-01 -1.47227591859690671E-01 -2.38275186277300544E-02 -3.08973101956605649E-02  4.64392942499591149E-02  4.19325003287636597E-02  1.48361651638623665E-01
 -7.52679180172179975E-03  2.00057012766016201E-01 -1.07029380581544681E-01  2.29396508988325212E-02  1.12328752803247528E-02  2.99977454113206421E-01 -6.55470927401308884E-02  1.56431431060094842E-02 -1.00120513941678840E-01  2.38414718577146523E-02  2.67070267829406308E-02 -1.26620366078070614E-02 -5.13984338986672937E-02 -1.32241454985613904E-01  2.08977021107580006E-02  4.65158833260816140E-02  8.02521626759308410E-02  8.17699751520428904E-03 -2.37279566470209140E-02  1.52047324777920424E-02  1.26877581906591312E-02  1.97162170059655799E-02 -5.00937168396133267E-02  1.23034760024317950E-02 -1.68211377419597130E-01
 #l=           4
  3.72446184136799696E-01  5.59125424570916296E-01  2.95684093177444984E-01  1.35883690634254007E-03 -1.66351427933723386E-02  3.46245856919297473E-04  6.64928456467672973E-04 -1.35224235061088466E-01 -1.55650916345718288E-03  2.11899050635569897E-03 -4.12495195299153548E-03  8.59098853231762133E-02  9.81403858898961534E-02 -2.46900333209979514E-03 -1.82598092891025693E-03 -1.48061655288352382E-03 -6.03099310525366658E-04 -1.72896642812615494E-03  1.37587442112527356E-03  2.17877303863974435E-03 -3.71794832429327482E-01 -1.88624026317899278E-04 -1.15454075390903493E-03  8.78277813116654527E-04  1.77592263204790195E-03
