    6.4838049070E-01   -6.6818038415E-01    3.5438101712E-01    3.7594807110E-01
    8.5984052591E-01    5.1960143138E-02    2.2182509459E-02    2.8004860602E-02
    3.8866993081E-01    3.7695167523E-01    3.9011931672E-01    2.7637809812E-01
   -3.1237473588E-01   -2.9019841988E-01    7.0117745582E-01    6.0776095416E-01
   -3.7568854400E-01   -7.6668922986E-01    7.7108308480E-01    7.8405252521E-01
   -1.2181549405E-01   -2.3617827788E-02    6.0612750772E-01    3.5064184196E-01
    8.0647330726E-01    9.3451609157E-01    4.2311726459E-01    4.6255650276E-01
   -4.2886830887E-01    2.5537954497E-01    7.4866528808E-01    6.8118070947E-01
   -2.1697681110E-01    2.6866115967E-02    6.4921796425E-01    4.6669614292E-01
    1.3348617577E-01   -2.8627231616E-01    5.0221896329E-01    3.0197545362E-01
    2.5134581910E-01   -3.2260464130E-01    4.5080519122E-01    2.8072621698E-01
    4.3321138721E-01   -1.0654233420E-01    3.2364380064E-01    8.0339816070E-02
   -5.5260390171E-01    3.5404038027E-01    8.0637355876E-01    7.7746164383E-01
   -9.1503366674E-01    6.6313495246E-01    9.8010663480E-01    1.0112104658E+00
    5.4590271380E-01   -3.1483271420E-01    2.9281016613E-01    2.0527948267E-01
    5.5956873167E-01   -2.7270923373E-01    2.7478635003E-01    1.7736431600E-01
    1.0363431856E-01   -4.8197557679E-01    5.4129144381E-01    4.4122391690E-01
   -5.8716720535E-01   -5.9908639387E-01    8.4354995434E-01    8.4439845762E-01
   -4.3546076828E-01    2.3228091378E-01    7.5017272853E-01    6.8154219394E-01
    1.4540212369E-01   -2.8267243590E-01    4.9620696993E-01    2.9366170917E-01
    9.5657785831E-01    8.7350416049E-01    3.5832434876E-01    4.1159331326E-01
   -9.5304059989E-01    3.8932231124E-01    9.5674402342E-01    9.9562411842E-01
   -4.0227073658E-01    6.5307062315E-01    7.7387497434E-01    7.6462176608E-01
    1.5398455024E-01    4.9566535779E-01    5.1895877242E-01    4.2722861468E-01
    2.8009857869E-01   -1.0595458915E-01    4.1030820831E-01    9.8413072495E-02
   -8.6128864519E-01   -1.2538188174E-01    9.0880939931E-01    9.3049870057E-01
    6.9860388531E-02    5.1401336156E-01    5.5796367650E-01    4.7375028704E-01
    7.9678083674E-01    3.1925388066E-01    1.3874181077E-01    1.7547031067E-01
   -6.5095871176E-01    3.1134066113E-01    8.4208501257E-01    8.2841429321E-01
    4.4925455847E-01    7.6948391098E-01    4.5815901788E-01    4.6998714177E-01
   -3.2740153877E-01    2.7478695501E-01    7.0656638544E-01    6.1434327580E-01
   -5.1931081443E-01    4.5652301148E-01    8.0177241869E-01    7.7806053381E-01
    1.9396418589E-01   -6.8573459197E-01    5.3937783951E-01    5.0925170486E-01
   -7.7803278367E-01   -1.1974778875E-01    8.7986347630E-01    8.8465441842E-01
    8.6894802977E-01    7.1324096806E-01    2.8812594590E-01    3.5723463174E-01
    2.5148962153E-01   -2.5296744502E-01    4.4099109924E-01    2.2936534361E-01
    6.1667434396E-01    2.6839687317E-01    2.4137927974E-01    1.6714682330E-01
   -7.6637401555E-01   -1.2247739860E-01    8.7580268300E-01    8.7820075611E-01
   -5.7620546647E-01    4.3725893643E-01    8.2303745221E-01    8.0608210816E-01
   -1.9864652009E-01    3.2309575453E-02    6.4097194210E-01    4.4715961467E-01
    8.9975661818E-01    5.6986892720E-01    1.9284625515E-01    2.8747564409E-01
   -1.9298332945E-01    4.8247103282E-02    6.3850781409E-01    4.4266595788E-01
   -1.3207418546E-01    4.7239397889E-01    6.3972809671E-01    5.5793538130E-01
    3.8403992316E-01   -7.1643960669E-01    4.7555929900E-01    4.6305460844E-01
    6.7562444570E-02    3.2725866016E-01    5.3548329608E-01    3.6510106056E-01
    3.5864843502E-01    6.7120292685E-01    4.6731157168E-01    4.4853394955E-01
    8.1156069780E-01    8.2645730456E-01    3.6751179729E-01    4.1637773457E-01
   -9.2298578806E-02    9.3341279471E-01    6.7276227624E-01    7.1772684534E-01
   -4.8025412792E-01   -2.0195457622E-01    7.6768365223E-01    7.0754620428E-01
    3.6348825699E-02   -3.1359388664E-01    5.4971397472E-01    3.7372759983E-01
    8.1665370395E-01   -2.6505520915E-01    9.9555224589E-02    1.4480457802E-01
   -8.9499394597E-01   -3.8844478603E-01    9.4056398765E-01    9.6712185748E-01
   -1.3712436362E-01   -6.8250781084E-01    6.6568229013E-01    6.4547304438E-01
    8.1742744105E-01    2.4619544272E-01    9.9496822126E-02    1.3466679401E-01
   -6.8133818132E-01   -9.7987737906E-01    9.2923314487E-01    9.6819747130E-01
   -3.9653142518E-01    3.6474980065E-01    7.4263634507E-01    6.8385211651E-01
    1.1566175132E-01    8.8328336959E-01    5.9167857126E-01    6.2256008140E-01
    8.0315416930E-01    9.8189555933E-01    4.4675560865E-01    4.8237881805E-01
   -5.2372549354E-01    1.7140257163E-01    7.8396075362E-01    7.3307079939E-01
   -5.4826571534E-01   -9.5418894334E-01    8.6267986200E-01    9.0795176217E-01
   -9.6255791556E-01   -4.8779395049E-01    9.7730128372E-01    1.0103612493E+00
    6.2579317102E-01   -8.0997279149E-01    4.2190386464E-01    4.4596290417E-01
    5.9756062151E-01   -9.9068700307E-01    5.0527027021E-01    5.2886294469E-01
    6.7294497936E-01    2.2616206750E-01    1.9583009943E-01    1.3599185816E-01
   -7.3154891230E-01    4.6748303210E-01    8.8673641730E-01    8.9434621393E-01
   -4.3897790157E-02   -9.9673926743E-02    5.7184005335E-01    2.7641470237E-01
   -1.7067733667E-01    8.1653650545E-01    6.9392920465E-01    7.0882337015E-01
    2.8970637402E-01   -2.5646643627E-01    4.2206699125E-01    2.2046620165E-01
   -8.8524985380E-01    6.3182408293E-01    9.6443338359E-01    9.9318871676E-01
    6.4952942393E-01   -9.9967377809E-01    4.9891890582E-01    5.2087746295E-01
    4.0755710661E-01    7.1394487829E-01    4.5888447739E-01    4.5526127972E-01
   -5.2703904224E-01    2.8119137320E-02    7.8222616677E-01    7.2623263222E-01
    6.8906199659E-01   -9.7863965941E-01    4.8109896347E-01    5.0389804374E-01
   -4.7563732510E-01   -6.7421730277E-01    8.0430769302E-01    8.0645622316E-01
    1.1024235888E-01   -4.2404703059E-01    5.3014894421E-01    4.0490777392E-01
   -1.2843238049E-01    3.7793439415E-02    6.0893673528E-01    3.6215329127E-01
    3.7096191861E-01   -4.4632259286E-01    4.1567789451E-01    3.2357156077E-01
    5.2390111788E-01    9.4969401594E-01    4.8556966734E-01    5.2948773864E-01
    8.6045900096E-01    8.7975047130E-01    3.8359000627E-01    4.3019212341E-01
    6.4436061212E-01    7.1111742443E-01    3.7069584034E-01    3.9703198246E-01
   -5.4371112881E-01   -9.7080624931E-01    8.6185606049E-01    9.1005618292E-01
   -2.0281647078E-01   -6.0795071274E-01    6.8374359301E-01    6.4950187716E-01
    7.3964369756E-01    8.6638947892E-01    4.0537705759E-01    4.4694754336E-01
    3.9835975554E-01    9.1008661807E-01    5.0747223313E-01    5.4547817743E-01
   -8.7746006338E-01    6.9140305363E-02    9.1182497208E-01    9.3745397218E-01
   -1.8748341704E-01    6.0046915435E-01    6.7763181214E-01    6.3896041994E-01
    9.7589682568E-01   -3.4653572608E-01    6.2731758441E-03    1.7277211121E-01
    8.4196501004E-01    5.0364774041E-01    1.8905778748E-01    2.6376081313E-01
    6.7628311987E-01    3.3834389462E-01    2.2333116753E-01    1.9989360000E-01
    6.6431984402E-01    9.0761322578E-01    4.4027275259E-01    4.7981198068E-01
    8.1844450199E-01    3.2025428658E-01    1.2389325892E-01    1.7381956810E-01
    9.1044109684E-01    9.7122908319E-01    4.2608356022E-01    4.5869094504E-01
    3.1317593645E-01    5.5536547810E-01    4.6079378696E-01    4.0274397348E-01
    5.6526595712E-01   -7.5786172696E-01    4.2232351293E-01    4.3599674043E-01
    8.5919471843E-01    8.3249281209E-01    3.5784211739E-01    4.1058373576E-01
    4.5973443276E-02   -9.7458272997E-01    6.3258131045E-01    6.8179653264E-01
    2.8556336337E-01    1.0351102298E-01    4.0548678753E-01    9.5345529752E-02
   -4.9633823610E-01   -5.9820570273E-01    8.0527608125E-01    7.9801076562E-01
    1.1166177558E-01    8.0919792262E-01    5.8373538231E-01    5.9380298083E-01
    4.6874587652E-01   -9.8931802695E-01    5.3083167206E-01    5.5946491111E-01
   -8.0151848021E-01    9.4305291323E-01    9.8242508982E-01    1.0097449560E+00
   -5.1036723090E-01    8.9417531978E-01    8.4695253632E-01    8.7747991537E-01
    6.3582663338E-01   -7.1932638635E-01    3.8049202138E-01    4.0263417105E-01
   -9.7398353327E-01   -6.2072924969E-01    1.0031585789E+00    1.0317341017E+00
   -5.4615998986E-01   -8.8883718362E-01    8.5607920659E-01    8.9145578860E-01
   -8.6695672836E-01   -2.1316069125E-01    9.1534212157E-01    9.3801228876E-01
    2.9631617871E-01    6.4970509251E-01    4.8709569068E-01    4.5703973582E-01
    1.6213549407E-01   -6.0127133333E-01    5.3642237696E-01    4.7990236334E-01
   -9.5745025994E-01    1.6368675419E-01    9.4030750905E-01    9.8203660387E-01
    3.2598117378E-01   -7.1186842604E-01    4.9582889305E-01    4.7800366495E-01
   -7.0233613433E-01   -7.2379795574E-01    9.0709164151E-01    9.2489983343E-01
    8.1854452822E-01    7.0350716336E-01    3.0197515486E-01    3.6109428397E-01
    6.5341762826E-01    4.1876685826E-01    2.6159747231E-01    2.4766441925E-01
   -1.5089452075E-01   -1.5698393550E-01    6.2320020412E-01    4.2932507663E-01
   -1.6143109423E-01    1.1647078657E-01    6.2541910549E-01    4.2455417652E-01
    5.8821436690E-01    9.4685280251E-01    4.7068746427E-01    5.1306544541E-01
    1.0556517562E-01   -5.9931762323E-01    5.5865138415E-01    5.0148712665E-01
    9.7954587994E-01   -4.5836704194E-01    6.5759072104E-02    2.2576473396E-01
    9.7601771830E-01   -3.8339388786E-01    2.5704086685E-02    1.9052705322E-01
    5.8334880243E-01    8.8527246888E-01    4.5180892435E-01    4.8828339865E-01
    6.4613292489E-01    8.2964974128E-01    4.1517014829E-01    4.5024459814E-01
    5.6891940921E-01    5.5140278394E-01    3.4683643667E-01    3.3418919449E-01
   -4.6552984690E-01    1.8619950834E-01    7.6059809377E-01    6.9531152016E-01
   -9.4314313303E-03   -5.4325940691E-01    5.9693557747E-01    5.2572459557E-01
    4.1235909415E-01    9.0509443471E-01    5.0251535824E-01    5.3955737574E-01
    9.6719226597E-01   -9.6974545148E-01    4.1116608879E-01    4.4857035048E-01
   -7.0889060513E-01   -1.4725075947E-01    8.5573624054E-01    8.4643758518E-01
   -4.7203333877E-01   -1.8314785056E-01    7.6348271436E-01    6.9941118847E-01
   -1.7204531080E-01    7.3385203688E-01    6.8601043905E-01    6.8036566345E-01
    8.6825068442E-02   -2.2650377222E-01    5.1819081352E-01    2.7906071753E-01
   -5.6955347471E-01   -1.9896961453E-01    8.0397651154E-01    7.6578752967E-01
   -2.7221427611E-01   -2.6212981892E-01    6.8211550245E-01    5.7014028599E-01
   -4.3213971805E-01   -2.9165209577E-01    7.5228279161E-01    6.9046708185E-01
    9.0552551759E-01   -6.0281605287E-01    1.9720973370E-01    3.0191031632E-01
   -5.8000757301E-02    7.9110422260E-01    6.4605499975E-01    6.5239111274E-01
    8.3513516970E-01   -7.5367783053E-01    3.1721550617E-01    3.8065787730E-01
    7.3773236818E-02   -4.4211203899E-01    5.4843500957E-01    4.3269599369E-01
    3.5477058374E-01    2.1929684178E-01    3.8119025283E-01    1.7650279568E-01
   -1.9834717484E-01    4.1182706921E-01    6.6199712371E-01    5.7247277553E-01
    2.7344002637E-01   -2.1842306745E-01    4.2540462523E-01    1.9561270952E-01
    9.8381170110E-01   -8.4337464431E-01    3.1731180286E-01    3.9497770451E-01
   -9.4925673557E-01   -6.3762787407E-01    9.9651969062E-01    1.0229333640E+00
   -1.3793489029E-01   -6.5288323524E-01    6.6256682397E-01    6.3451944107E-01
    8.6908038129E-01    9.1828039537E-01    4.0302009274E-01    4.4455217618E-01
    1.7398799962E-01   -4.8811606168E-01    5.1223976628E-01    4.1485536560E-01
   -2.3235095981E-01    1.9890593914E-01    6.6060672610E-01    5.1875393458E-01
    9.4676378255E-01   -2.0958542257E-01   -2.7282559115E-02    1.0705267938E-01
    3.6056029584E-01   -5.6532020744E-01    4.4723689633E-01    3.9367177119E-01
    9.8204760995E-01   -9.9283166984E-01    4.2370863851E-01    4.5520530565E-01
    1.1963605464E-01    8.7694534689E-01    5.8953890551E-01    6.1864055115E-01
    1.6405485130E-01   -1.0379859250E-01    4.7097359500E-01    1.2263663582E-01
   -9.9115669916E-01   -2.3698841601E-01    9.5754254185E-01    1.0025597092E+00
   -8.6839728221E-01    7.3689453634E-01    9.7444248897E-01    1.0018264049E+00
    4.5826229756E-01    2.3913384438E-01    3.2793571260E-01    1.7123273596E-01
    8.5094450093E-01    3.7005709614E-01    1.2100350858E-01    1.9619206194E-01
    3.4883414185E-01    2.2128238462E-01    3.8462487243E-01    1.7925582853E-01
    3.9513392307E-01   -4.1947846398E-01    3.9813110918E-01    3.0094948404E-01
   -8.4137078869E-01    9.1240001020E-01    9.9412533002E-01    1.0204142980E+00
   -5.7217815786E-01   -8.7022815909E-01    8.6613049730E-01    8.9823722467E-01
    1.2042894028E-01    4.2203005240E-01    5.2320715105E-01    3.9902848274E-01
    5.5154624509E-01    4.3321414060E-01    3.2054147586E-01    2.7367291051E-01
   -9.4904264918E-01    3.1722783967E-01    9.4834658386E-01    9.8734496483E-01
   -7.3806476051E-01   -1.7788057891E-01    8.6783359908E-01    8.6523477254E-01
    3.6969557860E-01   -1.8170388889E-01    3.6902077658E-01    1.4532764120E-01
    5.6101750053E-01    4.4250893128E-01    3.1823343126E-01    2.7705023692E-01
    1.5180745571E-03   -7.4737634098E-02    5.4949823365E-01    1.9135696428E-01
    2.7396782905E-01    4.7628264743E-01    4.6277414327E-01    3.7113990582E-01
   -2.0988606029E-01   -1.3084533874E-01    6.4860797104E-01    4.7813028346E-01
   -8.5097109568E-01    4.1446013283E-01    9.2483759886E-01    9.4802593857E-01
    4.0924127025E-01    7.5197670043E-01    4.6759688230E-01    4.7269556149E-01
   -3.8697669536E-01   -9.8267199289E-01    7.9171892994E-01    8.4944082180E-01
    2.2304682251E-01   -6.0889026004E-02    4.3800051004E-01    6.3881341727E-02
   -8.8740569908E-01    2.0357223660E-01    9.2004388942E-01    9.4811969709E-01
   -1.7875555615E-01   -1.7803439218E-01    6.3662074872E-01    4.6424382787E-01
   -9.0769248307E-01    4.6667155754E-02    9.2128571359E-01    9.5304349919E-01
    2.3917085504E-01   -8.0487434097E-01    5.4653058223E-01    5.4794482070E-01
    5.8804333346E-01    7.2800210074E-01    3.9728703113E-01    4.1700655123E-01
   -1.1397050224E-01    4.8815543826E-01    6.3370169143E-01    5.5464126357E-01
    5.4429266940E-01   -5.5898892485E-01    3.6253091822E-01    3.4344900384E-01
   -1.8937902959E-01   -9.8922342178E-02    6.3843729851E-01    4.4890853461E-01
   -6.1513637451E-01    2.1316104797E-01    8.2223259884E-01    7.9566291491E-01
    7.8736973683E-01   -9.9209345320E-01    4.6733007788E-01    4.8948985748E-01
   -3.6137823086E-01   -7.7457962087E-01    7.6581929191E-01    7.7977908067E-01
    7.0512391863E-01   -2.2845323310E-01    1.6997636119E-01    1.3432232229E-01
    8.7186861240E-01    8.3150218789E-01    3.5390968286E-01    4.0800404032E-01
   -7.5338209803E-01   -2.5424847500E-01    8.7780242951E-01    8.7991734039E-01
   -7.0791769861E-01   -1.5236725815E-02    8.5238306930E-01    8.4142716576E-01
    2.9863816732E-01    1.9906359864E-01    4.0806500936E-01    1.7358632681E-01
   -3.8459045748E-01    9.6996375850E-01    7.9828565204E-01    8.4499031647E-01
   -5.2056938807E-01   -3.4781616337E-01    7.9284463684E-01    7.5718007186E-01
    6.5460637748E-02   -3.1961340746E-01    5.3719907323E-01    3.6110072431E-01
    5.8564298603E-01    4.7307650024E-01    3.1457843954E-01    2.8914039030E-01
    3.6490182475E-01   -8.4720108429E-01    5.1641307107E-01    5.2798779425E-01
   -8.7552425900E-01    1.1208527433E-01    9.1219713103E-01    9.3760172255E-01
    9.9242275466E-01   -1.3787013895E-01   -9.3913306926E-02    6.9032190222E-02
    2.1505351075E-01   -8.9814832040E-02    4.4380127095E-01    9.4872726389E-02
    5.7160626278E-01   -1.9025269598E-01    2.5036372154E-01    1.2415775553E-01
    9.4278319458E-01   -5.8153111981E-01    1.6364131435E-01    2.8716329807E-01
    3.6155981886E-01   -1.6514783426E-01    3.7145329833E-01    1.3403628464E-01
   -9.5999309188E-02   -7.6997862648E-01    6.5969344717E-01    6.6027999880E-01
    8.8981395494E-01    1.9594772866E-01    2.5667019847E-02    1.0324634974E-01
   -6.4311579191E-01    3.3411012959E-01    8.4072963726E-01    8.2699504305E-01
   -7.0282286250E-01   -4.4533210527E-02    8.5078945391E-01    8.3876552098E-01
    5.8017749192E-01    4.5013444329E-01    3.1053787867E-01    2.7761775993E-01
   -5.9020108971E-02    4.7823976655E-01    6.0892124436E-01    5.2004229757E-01
    4.6045224629E-01    6.1272629115E-01    4.1204163617E-01    3.9115244999E-01
    1.4517365483E-01    2.5910086872E-01    4.9161682449E-01    2.7552291767E-01
   -2.4459300688E-01    6.9040314014E-01    7.1155410773E-01    6.9894294578E-01
   -7.6129354760E-01   -3.7864891344E-01    8.9069783146E-01    8.9765082763E-01
    4.4929874275E-01    7.9041152172E-01    4.6360283585E-01    4.7952453558E-01
    7.6245553956E-02    5.0024183075E-01    5.5331544000E-01    4.6355878315E-01
    1.2512983780E-01    2.8627583997E-01    5.0416919569E-01    3.0602147515E-01
    1.2818135243E-01    1.2897020374E-01    4.8841233192E-01    1.6378814410E-01
   -6.7852437443E-01    2.9823196481E-02    8.4143434796E-01    8.2392470604E-01
    5.0786113167E-01    9.2879819532E-01    4.8357799427E-01    5.2474643420E-01
    7.8881033793E-01   -2.7393477210E-01    1.2305760521E-01    1.5200628706E-01
   -7.1310975740E-01    2.0212067617E-01    8.5898434373E-01    8.5273393663E-01
   -3.0346997755E-01    8.5286806585E-01    7.5279308041E-01    7.7740600714E-01
   -2.3913625596E-01    8.7220373364E-01    7.2734533543E-01    7.5615097515E-01
   -4.4092404630E-01   -8.2196783175E-01    8.0371199411E-01    8.2875996044E-01
   -6.7898443066E-01    6.5080631240E-01    8.8772598359E-01    8.9986097886E-01
    6.1405218060E-01    3.8371105090E-01    2.7301155736E-01    2.3455221157E-01
   -5.5659483540E-01   -8.0488581774E-01    8.5259377919E-01    8.7612360519E-01
    6.6219430915E-01   -9.7910480154E-01    4.8699112261E-01    5.0981155250E-01
    6.2016777313E-01    8.2291514627E-01    4.2020356344E-01    4.5291708302E-01
   -6.3817503527E-01   -4.2512467075E-01    8.4694354745E-01    8.3814841981E-01
   -8.9027535417E-01   -1.3351101468E-01    9.1876595718E-01    9.4617812828E-01
    5.7169293065E-01   -9.7419835631E-01    5.0397154824E-01    5.2813937542E-01
    4.8489978501E-01    3.0721823306E-01    3.2607270604E-01    2.1110491030E-01
   -7.3330570257E-02    3.4426529701E-02    5.8329329572E-01    2.7779505930E-01
    1.3911297344E-01   -8.0349292124E-01    5.7977725846E-01    5.8152115619E-01
    7.1132723186E-01    9.6475023996E-01    4.5357463104E-01    4.9361385057E-01
    1.8045763916E-01    5.3224290863E-01    5.1330925877E-01    4.3677537188E-01
    5.8070503315E-01   -6.7045993751E-01    3.8411365150E-01    3.9132833010E-01
    5.8979530024E-01    9.1500534345E-01    4.5999466528E-01    4.9941195133E-01
    3.3920606161E-01    1.2080169518E-01    3.7774467622E-01    1.0214855688E-01
   -3.2713247361E-01    7.0882647910E-01    7.4826324245E-01    7.4424648660E-01
   -1.2481269339E-01   -3.0867073182E-01    6.2084642593E-01    4.7841555343E-01
   -5.2404424711E-01    7.8951488595E-01    8.4079331807E-01    8.5780234256E-01
   -6.0445792176E-02   -9.0479103604E-01    6.6051515900E-01    6.9543283714E-01
   -2.1181664736E-01   -2.0395518078E-01    6.5253022059E-01    5.0292359058E-01
    7.6143279796E-01    7.4202892794E-01    3.4171167483E-01    3.8843514257E-01
    9.1897891082E-01   -8.2466760123E-01    3.2810536644E-01    3.9734593099E-01
   -2.5141800647E-01    3.3546733868E-01    6.7808876986E-01    5.7906938562E-01
   -7.7841246940E-01   -8.1559477597E-01    9.5345783057E-01    9.7617939084E-01
   -5.6995571335E-01   -1.0755288581E-01    8.0088852808E-01    7.5827781442E-01
    9.0547843409E-01    2.2254263076E-01    2.0698291664E-02    1.1607451372E-01
    6.1138179901E-01   -6.9077634439E-01    3.7899178812E-01    3.9439380685E-01
    9.5340684864E-04   -6.0413674735E-01    6.0102336530E-01    5.4917396734E-01
   -7.0365799939E-02    9.6836294754E-01    6.6681877005E-01    7.2155454969E-01
   -5.9050989150E-01    8.5727508653E-01    8.7765676617E-01    9.0318375649E-01
   -8.8073991272E-01   -9.7038069101E-01    1.0280728247E+00    1.0467123946E+00
   -4.6396608251E-01   -9.2713429558E-01    8.2218606931E-01    8.6623097599E-01
    6.9861785803E-01   -6.7999227783E-01    3.3756546808E-01    3.7168244609E-01
    7.9502886404E-01   -8.5868000011E-01    3.9067795195E-01    4.3311993003E-01
   -7.4330047945E-01    4.8477973994E-01    8.9303023948E-01    9.0297186844E-01
    6.8997278917E-01    1.8193320934E-01    1.7471811429E-01    1.0858912224E-01
   -4.9242558892E-01   -3.7110407038E-01    7.8291817676E-01    7.4465769170E-01
    9.1027992679E-01    6.5144319532E-01    2.3552099534E-01    3.2333376033E-01
   -2.7962458899E-01   -6.3162380659E-01    7.1787798790E-01    6.9655464503E-01
    9.7401768344E-01    3.0133790419E-01   -6.0598218143E-03    1.5091121728E-01
    4.5309658495E-01   -3.0187444680E-01    3.4282755948E-01    2.1371990985E-01
    6.4817044388E-01    9.5787444559E-01    4.6238662432E-01    5.0418104600E-01
   -1.7276316257E-01   -9.0787156572E-01    7.0132213119E-01    7.4058305025E-01
   -7.5017456057E-01   -1.8183910966E-01    8.7245335985E-01    8.7237408425E-01
   -9.1408175205E-01    8.5912413659E-01    1.0142136802E+00    1.0412803971E+00
    8.0522151832E-01   -3.8828566609E-01    1.5276595506E-01    2.1062876923E-01
   -5.0257784867E-01   -3.8327103371E-01    7.8806875529E-01    7.5320086425E-01
    8.7389492208E-01   -9.7697691647E-02    1.2180116290E-02    5.2173427148E-02
    1.0486925782E-01   -8.0766723387E-01    5.9211712646E-01    5.9564156417E-01
    4.3588387008E-01   -3.7776828803E-01    3.6828504029E-01    2.6544377953E-01
   -6.9682188031E-01    8.1347378471E-01    9.1709800233E-01    9.4019757050E-01
    9.5512224695E-01   -9.4292223349E-01    3.9576842310E-01    4.3990089835E-01
   -6.6580410180E-01    2.2514371790E-01    8.4239207869E-01    8.2723775940E-01
   -1.9893421881E-01   -3.1902615193E-01    6.5402384863E-01    5.3614502680E-01
   -2.9472180701E-01   -1.6289723632E-01    6.8713861469E-01    5.6190110582E-01
    4.9951967643E-01   -9.8105774774E-01    5.2169727657E-01    5.4835499915E-01
   -7.8981145087E-01    7.0993677069E-01    9.3969924089E-01    9.6223608015E-01
    6.1549986168E-01    2.5850215672E-01    2.3980704057E-01    1.6136980695E-01
   -1.2109028790E-01   -4.9948500201E-01    6.3779686008E-01    5.6349077847E-01
    1.5507202429E-01    3.2721575125E-01    4.9499115269E-01    3.2173704636E-01
   -2.8187949354E-01    9.2048182774E-01    7.4944101590E-01    7.8884546387E-01
    9.6651144425E-01    1.1589682637E-01   -6.8030733197E-02    5.8838505440E-02
    2.7781771105E-02    8.7937071340E-01    6.2267232740E-01    6.5269735890E-01
    3.4945478651E-01    3.8742725519E-01    4.1137558995E-01    2.9350542241E-01
    1.5300320540E-01   -3.5167471739E-01    5.0118878825E-01    3.3949486875E-01
   -3.5468508166E-01   -5.7229899011E-01    7.4309284873E-01    7.1693137184E-01
    6.3831786350E-01   -8.6289562055E-01    4.4069594519E-01    4.6637577258E-01
   -6.3708433275E-01   -5.2338880813E-01    8.5615725589E-01    8.5486596465E-01
   -7.7485546407E-01   -2.8141253455E-01    8.8758797369E-01    8.9421205027E-01
   -4.6957111361E-01   -7.7229022848E-01    8.1147524569E-01    8.2867740609E-01
    8.7422237543E-01   -9.1110690642E-01    3.9769101881E-01    4.4071842190E-01
    9.3212165749E-01    5.6142886596E-01    1.7071532564E-01    2.7930306887E-01
    6.7335490045E-01   -2.5528362385E-01    1.9826341471E-01    1.5291777803E-01
   -2.7460964504E-01    2.0095368676E-01    6.7938497938E-01    5.5447863670E-01
   -8.0523327985E-01   -3.3787439072E-02    8.8733889476E-01    8.9754529281E-01
   -5.2777870143E-01   -6.3307690429E-01    8.2214810838E-01    8.2219144928E-01
   -9.9647381533E-01   -6.0179684657E-01    1.0083473583E+00    1.0393675530E+00
    8.0607717516E-01    6.9962042895E-01    3.0477128913E-01    3.6143437070E-01
    4.8921868968E-01    4.4381619900E-01    3.5484094085E-01    2.9267495881E-01
    5.1994622715E-01   -1.2103298872E-01    2.7246640142E-01    8.3370224815E-02
    9.3832073221E-01   -4.6826786993E-01    1.0030584750E-01    2.3489881455E-01
    7.5291511685E-01    8.3808134997E-01    3.8908333860E-01    4.3226146948E-01
   -8.9561731328E-01   -1.6242842049E-02    9.1736635374E-01    9.4640950542E-01
   -7.6312647747E-01    6.9178990628E-01    9.2659587000E-01    9.4687475699E-01
    5.6115124387E-01   -8.5705652706E-01    4.6113085223E-01    4.8128416202E-01
   -6.4717354688E-01   -8.7348019926E-01    9.0086171710E-01    9.3120362332E-01
    3.1865843376E-01    1.6324892935E-01    3.9324786700E-01    1.4032576346E-01
   -3.3995437886E-03    6.0040423899E-01    6.0054493361E-01    5.4946037481E-01
   -7.5453561622E-02    9.4599143161E-01    6.6718755142E-01    7.1569873611E-01
    5.5553139320E-01   -2.7762610552E-01    2.7834680717E-01    1.8098228054E-01
    2.1213557827E-01    2.9735151828E-01    4.6404987744E-01    2.7670441423E-01
    9.5491046136E-01   -5.7229330096E-01    1.5090834236E-01    2.8139040403E-01
    8.3780737934E-01    9.8010854596E-02    4.7323490686E-02    5.3448181411E-02
    1.8066054983E-01    9.9357824529E-01    5.8275307140E-01    6.4389779108E-01
   -4.7427998343E-02   -7.1412889117E-01    6.3458248555E-01    6.1770951626E-01
    4.3496008452E-01    8.6248317728E-01    4.8618696343E-01    5.1526406345E-01
   -3.0832441400E-01    4.4863227109E-01    7.1273925283E-01    6.5295133389E-01
   -2.9496934984E-01    8.9040412556E-01    7.5252959208E-01    7.8516239754E-01
   -8.2936095165E-01    3.2167513192E-01    9.0861807406E-01    9.2707053077E-01
   -9.7960038646E-01    6.4926087225E-01    1.0010300881E+00    1.0379852061E+00
    3.6372666549E-01   -6.4628582483E-01    4.6543864082E-01    4.3467306909E-01
   -2.6631556893E-01    6.4138326393E-01    7.1534989657E-01    6.9310578246E-01
    2.9284335174E-01    7.1591826690E-01    5.0185048468E-01    4.9023093195E-01
   -9.5248707673E-01    1.6635692464E-01    9.3889822519E-01    9.7964089921E-01
    9.9340795367E-01    6.8951618752E-01    2.2455372433E-01    3.2851535834E-01
   -4.6904406816E-01   -1.8627712816E-01    7.6236663587E-01    6.9775485515E-01
    7.3245818781E-01    4.5189639425E-01    2.2873686899E-01    2.5316419223E-01
   -5.7672155229E-01   -3.2535188269E-02    8.0226711479E-01    7.5972366560E-01
    9.9712271376E-01   -6.4736616114E-01    1.7586807997E-01    3.0960914800E-01
    1.0081515988E-02   -3.1809231196E-01    5.6194804597E-01    3.9253695116E-01
    8.7333582354E-01    1.0889398362E-01    1.8674870766E-02    5.8149252555E-02
    7.1790696704E-01    7.1241589260E-01    3.4399994489E-01    3.8307406552E-01
   -7.4649332210E-01   -4.1122348992E-01    8.8818087519E-01    8.9408029515E-01
   -9.3234582898E-01    5.1480201953E-01    9.6481709758E-01    9.9934385504E-01
    8.3616439021E-01   -9.1690089191E-01    4.1197677401E-01    4.4986324134E-01
   -7.8709204701E-01   -2.9733222873E-01    8.9327227173E-01    9.0235028425E-01
   -9.0784935915E-01   -9.1704703832E-01    1.0314288994E+00    1.0483945742E+00
    2.8617533213E-01    4.9500724056E-01    4.6075509086E-01    3.7788971632E-01
   -3.9226540286E-01   -7.2670510760E-01    7.7426706759E-01    7.8041067436E-01
    3.9727516170E-01   -4.3855016550E-01    4.0128561712E-01    3.1181948989E-01
    4.0052278291E-01    9.7164277700E-01    5.1965893727E-01    5.7027759071E-01
    5.0638513165E-01   -1.6915887291E-01    2.8745002740E-01    1.1727495295E-01
    8.3845772550E-01    7.2542842121E-01    3.0605993192E-01    3.6760117198E-01
    1.0094582997E-01    5.8756819387E-02    4.9927354931E-01    8.9036395552E-02
    7.7482596559E-01    1.4466544874E-01    1.0614310105E-01    8.1820965109E-02
   -3.2859298679E-01    3.9028332957E-01    7.1595034260E-01    6.4760465068E-01
   -6.5510123191E-02   -9.5206615371E-02    5.8175193348E-01    3.0089678278E-01
   -5.3530745259E-01   -1.3548311795E-01    7.8775674539E-01    7.3739195260E-01
   -9.1091266969E-01    4.7227068807E-01    9.5211482761E-01    9.8411732661E-01
   -6.6575286581E-01   -9.0477809788E-01    9.1314060302E-01    9.4579965157E-01
   -8.3238979472E-01    4.1635713418E-02    8.9647208741E-01    9.1263909557E-01
   -8.7733166625E-01    5.0296094037E-01    9.4415889974E-01    9.7175314879E-01
   -6.1496365693E-01   -3.9714933553E-01    8.3515860647E-01    8.2067684242E-01
   -4.9178004344E-01    7.0046587045E-01    8.1677913016E-01    8.2086606983E-01
   -4.7428302548E-01    9.7886920804E-01    8.3960062492E-01    8.8374218660E-01
    6.2021363817E-01   -4.2673723386E-01    2.8096237960E-01    2.5751446238E-01
    1.1315170768E-01    6.4320306391E-01    5.5889602187E-01    5.1958074222E-01
    3.6796475173E-01    5.7326119811E-01    4.4127217556E-01    3.9574620957E-01
   -2.8296188896E-01    4.0081448735E-02    6.7868412726E-01    5.3326749416E-01
   -6.3409541034E-02    6.3397112613E-02    5.7889159882E-01    2.7665446514E-01
    1.7648618581E-01    9.7462101313E-01    5.8200693507E-01    6.3795970214E-01
   -7.2393860360E-02    8.3623614526E-01    6.5643432023E-01    6.7518803431E-01
   -6.0963699683E-01    3.9879974255E-01    8.3289669671E-01    8.1796319029E-01
    9.5843600252E-01    1.8689728930E-01   -3.9588158642E-02    9.5007080107E-02
    4.6237888455E-01    4.9307779521E-01    3.8007567908E-01    3.2678712749E-01
   -6.4784485311E-01    7.7419550293E-01    8.9116865155E-01    9.1031329329E-01
    4.2055879759E-01    2.4251205556E-01    3.4932180753E-01    1.8015535121E-01
   -3.8224206038E-01    7.0981529754E-01    7.7164988267E-01    7.7085498308E-01
   -6.7373637298E-01   -4.6958713075E-01    8.6545147153E-01    8.6457357516E-01
    7.9408622167E-01    3.9295281235E-01    1.6839919588E-01    2.1436823510E-01
   -7.8780466745E-01   -8.3870049137E-01    9.6123907795E-01    9.8449998198E-01
    2.6752698665E-01    1.6117731825E-01    4.2002713961E-01    1.4966808687E-01
   -4.1667710070E-01   -5.7575627048E-02    7.3687998710E-01    6.4703679838E-01
   -5.0703033656E-01   -6.5340796961E-01    8.1548318197E-01    8.1672712792E-01
    6.4622020807E-01    2.5867751087E-01    2.2070796404E-01    1.5787753203E-01
   -8.6501680210E-01    1.8482457015E-01    9.1163324813E-01    9.3529636975E-01
   -4.3619612241E-01   -4.5144423671E-01    7.6596240966E-01    7.2936453202E-01
   -3.6739277502E-01   -7.1313157973E-01    7.6252766772E-01    7.6472169688E-01
    4.3659781992E-01   -1.4432555055E-01    3.2586364852E-01    1.0778778238E-01
   -8.2534613236E-01    6.1471900787E-01    9.3978992019E-01    9.6292787042E-01
   -1.4190948555E-01    4.8240575925E-01    6.4505310406E-01    5.6778297227E-01
   -5.3592715642E-01    9.2750084350E-01    8.6208413034E-01    8.9641789729E-01
    7.7407911420E-01   -5.0160615544E-01    2.2021976901E-01    2.7231690991E-01
   -2.3108594952E-01    1.9220967574E-01    6.5971629287E-01    5.1558746001E-01
    3.6769289681E-01    7.1044156760E-01    4.7282299636E-01    4.6489805679E-01
   -8.6789367092E-01   -3.3287370420E-01    9.2527701074E-01    9.4800672936E-01
    9.5800256997E-01   -1.4943621457E-01   -5.6133432114E-02    7.6108560683E-02
   -5.7677411994E-01   -8.6031132088E-01    8.6722954217E-01    8.9792444529E-01
    2.1003741333E-01    7.3761093520E-01    5.3666495290E-01    5.2768133500E-01
    7.0834344382E-01    5.0365945067E-02    1.4172402463E-01    2.9902748658E-02
   -6.3255214158E-01    7.7804133801E-01    8.8528437922E-01    9.0423549993E-01
   -2.8194599160E-02   -7.2490535916E-01    6.2864795306E-01    6.1385994087E-01
    4.8898711886E-01   -9.0203097073E-01    4.9745018557E-01    5.1819776546E-01
   -1.4865581527E-02    2.6518249664E-01    5.6695656814E-01    3.7447591257E-01
    2.1724978555E-01   -2.4643298226E-01    4.5725950069E-01    2.3587304146E-01
    5.7089954846E-01   -9.5548750850E-01    4.9679708042E-01    5.2064936212E-01
    4.7463104786E-01   -1.2413958197E-01    3.0070169860E-01    8.9347076837E-02
    2.3878014591E-01    8.3763570850E-01    5.4326032717E-01    5.6223871953E-01
   -2.5067592468E-01   -6.8375344150E-01    7.1143563061E-01    6.9961853534E-01
