# DNNF90 training history: one row per validation event
#  1:epoch  2:patience
#  3:cost_train    4:cost_val    5:cost_input   (per point;
#    the composite objective, Loss_term weights applied --
#    the same sum the optimizer descends)
#  6:cost_train_f  7:cost_train_df  8:cost_val_f  9:cost_val_df
# 10:cost_input_f 11:cost_input_df
# 12:rmse_train_f 13:rmse_train_df 14:rmse_val_f 15:rmse_val_df
# 16:rmse_input_f 17:rmse_input_df
# 18:mae_train_f  19:mae_train_df  20:mae_val_f  21:mae_val_df
# 22:mae_input_f  23:mae_input_df
# 24..: the same 21 metrics for each loss term in turn (2 terms: columns 24-44 are term 1, 45-65 term 2, ...)
1  0    0.15924E-01    0.10019E-01    0.15333E-01    0.57559E-02    0.50839E-01    0.60498E-02    0.19847E-01    0.57853E-02    0.47740E-01    0.29376E+00    0.31887E+00    0.31052E+00    0.19923E+00    0.29548E+00    0.30900E+00    0.22284E+00    0.13349E+00    0.21204E+00    0.11779E+00    0.22176E+00    0.13192E+00    0.16711E-01    0.25928E-01    0.17356E-01    0.16711E-01    0.00000E+00    0.25928E-01    0.00000E+00    0.17356E-01    0.00000E+00    0.18282E+00    0.00000E+00    0.22772E+00    0.00000E+00    0.18631E+00    0.00000E+00    0.16829E+00    0.00000E+00    0.19879E+00    0.00000E+00    0.17042E+00    0.00000E+00    0.15510E-01    0.51774E-02    0.14322E-01    0.00000E+00    0.77551E-01    0.00000E+00    0.25887E-01    0.00000E+00    0.71610E-01    0.33775E+00    0.39383E+00    0.33164E+00    0.22754E+00    0.33705E+00    0.37844E+00    0.25150E+00    0.20364E+00    0.21608E+00    0.15364E+00    0.24742E+00    0.19789E+00
100  0    0.10770E-07    0.29061E-06    0.38754E-07    0.11279E-08    0.48210E-07    0.70459E-09    0.14495E-05    0.10856E-08    0.18834E-06    0.37527E-03    0.31052E-03    0.45823E-03    0.17027E-02    0.38437E-03    0.61375E-03    0.24369E-03    0.18480E-03    0.31102E-03    0.70822E-03    0.25042E-03    0.23714E-03    0.32746E-08    0.30197E-08    0.32568E-08    0.32746E-08    0.00000E+00    0.30197E-08    0.00000E+00    0.32568E-08    0.00000E+00    0.80928E-04    0.00000E+00    0.77713E-04    0.00000E+00    0.80707E-04    0.00000E+00    0.63272E-04    0.00000E+00    0.62446E-04    0.00000E+00    0.63214E-04    0.00000E+00    0.14708E-07    0.37814E-06    0.56503E-07    0.00000E+00    0.73541E-07    0.00000E+00    0.18907E-05    0.00000E+00    0.28251E-06    0.45976E-03    0.38351E-03    0.52158E-03    0.19446E-02    0.46729E-03    0.75168E-03    0.33848E-03    0.28189E-03    0.38667E-03    0.92376E-03    0.34403E-03    0.35571E-03
200  0    0.61478E-08    0.22995E-06    0.28528E-07    0.84668E-09    0.26506E-07    0.49255E-09    0.11473E-05    0.81126E-09    0.13858E-06    0.44796E-03    0.23024E-03    0.55069E-03    0.15148E-02    0.45927E-03    0.52647E-03    0.26799E-03    0.13545E-03    0.35227E-03    0.63389E-03    0.27642E-03    0.18530E-03    0.24581E-08    0.21109E-08    0.24338E-08    0.24581E-08    0.00000E+00    0.21109E-08    0.00000E+00    0.24338E-08    0.00000E+00    0.70115E-04    0.00000E+00    0.64976E-04    0.00000E+00    0.69768E-04    0.00000E+00    0.54052E-04    0.00000E+00    0.53290E-04    0.00000E+00    0.53999E-04    0.00000E+00    0.80864E-08    0.29929E-06    0.41575E-07    0.00000E+00    0.40432E-07    0.00000E+00    0.14965E-05    0.00000E+00    0.20788E-06    0.55093E-03    0.28437E-03    0.62791E-03    0.17300E-02    0.56032E-03    0.64479E-03    0.38040E-03    0.20663E-03    0.44327E-03    0.82681E-03    0.38763E-03    0.27795E-03
300  0    0.44883E-08    0.21418E-06    0.25458E-07    0.76314E-09    0.18626E-07    0.37582E-09    0.10690E-05    0.72441E-09    0.12367E-06    0.45793E-03    0.19301E-03    0.56090E-03    0.14622E-02    0.46924E-03    0.49733E-03    0.27021E-03    0.11353E-03    0.35871E-03    0.60944E-03    0.27906E-03    0.16312E-03    0.22156E-08    0.16107E-08    0.21732E-08    0.22156E-08    0.00000E+00    0.16107E-08    0.00000E+00    0.21732E-08    0.00000E+00    0.66567E-04    0.00000E+00    0.56757E-04    0.00000E+00    0.65928E-04    0.00000E+00    0.52120E-04    0.00000E+00    0.48122E-04    0.00000E+00    0.51840E-04    0.00000E+00    0.56825E-08    0.27888E-06    0.37100E-07    0.00000E+00    0.28413E-07    0.00000E+00    0.13944E-05    0.00000E+00    0.18550E-06    0.56351E-03    0.23838E-03    0.63983E-03    0.16700E-02    0.57281E-03    0.60910E-03    0.38479E-03    0.17318E-03    0.45323E-03    0.79493E-03    0.39266E-03    0.24468E-03
400  0    0.35221E-08    0.20771E-06    0.23941E-07    0.67393E-09    0.14241E-07    0.29580E-09    0.10371E-05    0.63611E-09    0.11652E-06    0.44970E-03    0.16877E-03    0.55247E-03    0.14402E-02    0.46101E-03    0.48275E-03    0.26332E-03    0.99746E-04    0.35475E-03    0.58988E-03    0.27246E-03    0.14876E-03    0.19566E-08    0.12677E-08    0.19083E-08    0.19566E-08    0.00000E+00    0.12677E-08    0.00000E+00    0.19083E-08    0.00000E+00    0.62555E-04    0.00000E+00    0.50353E-04    0.00000E+00    0.61779E-04    0.00000E+00    0.49205E-04    0.00000E+00    0.44830E-04    0.00000E+00    0.48899E-04    0.00000E+00    0.43447E-08    0.27054E-06    0.34957E-07    0.00000E+00    0.21724E-07    0.00000E+00    0.13527E-05    0.00000E+00    0.17478E-06    0.55356E-03    0.20844E-03    0.63036E-03    0.16448E-02    0.56292E-03    0.59124E-03    0.37582E-03    0.15215E-03    0.44907E-03    0.76941E-03    0.38425E-03    0.22314E-03
500  0    0.28742E-08    0.20479E-06    0.23066E-07    0.58807E-09    0.11431E-07    0.23943E-09    0.10227E-05    0.55320E-09    0.11256E-06    0.43547E-03    0.15120E-03    0.53820E-03    0.14302E-02    0.44680E-03    0.47447E-03    0.25351E-03    0.89636E-04    0.34647E-03    0.57237E-03    0.26280E-03    0.13791E-03    0.17073E-08    0.10261E-08    0.16596E-08    0.17073E-08    0.00000E+00    0.10261E-08    0.00000E+00    0.16596E-08    0.00000E+00    0.58434E-04    0.00000E+00    0.45302E-04    0.00000E+00    0.57613E-04    0.00000E+00    0.45933E-04    0.00000E+00    0.41406E-04    0.00000E+00    0.45616E-04    0.00000E+00    0.34874E-08    0.26680E-06    0.33769E-07    0.00000E+00    0.17437E-07    0.00000E+00    0.13340E-05    0.00000E+00    0.16884E-06    0.53616E-03    0.18675E-03    0.61416E-03    0.16334E-02    0.54570E-03    0.58111E-03    0.36257E-03    0.13673E-03    0.43931E-03    0.74658E-03    0.37140E-03    0.20686E-03
600  0    0.24100E-08    0.20308E-06    0.22477E-07    0.51237E-09    0.94881E-08    0.19886E-09    0.10144E-05    0.48102E-09    0.10998E-06    0.41991E-03    0.13775E-03    0.52252E-03    0.14244E-02    0.43127E-03    0.46900E-03    0.24310E-03    0.81850E-04    0.33635E-03    0.55826E-03    0.25242E-03    0.12949E-03    0.14875E-08    0.85224E-09    0.14431E-08    0.14875E-08    0.00000E+00    0.85224E-09    0.00000E+00    0.14431E-08    0.00000E+00    0.54544E-04    0.00000E+00    0.41285E-04    0.00000E+00    0.53723E-04    0.00000E+00    0.42544E-04    0.00000E+00    0.37712E-04    0.00000E+00    0.42205E-04    0.00000E+00    0.28947E-08    0.26463E-06    0.32995E-07    0.00000E+00    0.14473E-07    0.00000E+00    0.13232E-05    0.00000E+00    0.16497E-06    0.51711E-03    0.17014E-03    0.59632E-03    0.16268E-02    0.52682E-03    0.57441E-03    0.34847E-03    0.12486E-03    0.42724E-03    0.72816E-03    0.35753E-03    0.19424E-03
700  0    0.20638E-08    0.20161E-06    0.22019E-07    0.44874E-09    0.80752E-08    0.16836E-09    0.10072E-05    0.42070E-09    0.10799E-06    0.40476E-03    0.12708E-03    0.50700E-03    0.14193E-02    0.41612E-03    0.46474E-03    0.23342E-03    0.76140E-04    0.32558E-03    0.54619E-03    0.24263E-03    0.12314E-03    0.13028E-08    0.72154E-09    0.12621E-08    0.13028E-08    0.00000E+00    0.72154E-09    0.00000E+00    0.12621E-08    0.00000E+00    0.51045E-04    0.00000E+00    0.37988E-04    0.00000E+00    0.50241E-04    0.00000E+00    0.39248E-04    0.00000E+00    0.33880E-04    0.00000E+00    0.38872E-04    0.00000E+00    0.24636E-08    0.26275E-06    0.32397E-07    0.00000E+00    0.12318E-07    0.00000E+00    0.13138E-05    0.00000E+00    0.16199E-06    0.49854E-03    0.15696E-03    0.57866E-03    0.16210E-02    0.50840E-03    0.56918E-03    0.33544E-03    0.11615E-03    0.41435E-03    0.71242E-03    0.34451E-03    0.18472E-03
800  0    0.17982E-08    0.20000E-06    0.21618E-07    0.39662E-09    0.70081E-08    0.14449E-09    0.99927E-06    0.37141E-09    0.10623E-06    0.39061E-03    0.11839E-03    0.49223E-03    0.14137E-02    0.40193E-03    0.46094E-03    0.22492E-03    0.71544E-04    0.31475E-03    0.53661E-03    0.23390E-03    0.11805E-03    0.11515E-08    0.61925E-09    0.11142E-08    0.11515E-08    0.00000E+00    0.61925E-09    0.00000E+00    0.11142E-08    0.00000E+00    0.47989E-04    0.00000E+00    0.35192E-04    0.00000E+00    0.47207E-04    0.00000E+00    0.36358E-04    0.00000E+00    0.30058E-04    0.00000E+00    0.35917E-04    0.00000E+00    0.21381E-08    0.26068E-06    0.31870E-07    0.00000E+00    0.10690E-07    0.00000E+00    0.13034E-05    0.00000E+00    0.15935E-06    0.48117E-03    0.14622E-03    0.56183E-03    0.16146E-02    0.49112E-03    0.56454E-03    0.32399E-03    0.10913E-03    0.40140E-03    0.69993E-03    0.33289E-03    0.17708E-03
900  0    0.15901E-08    0.19814E-06    0.21245E-07    0.35452E-09    0.61778E-08    0.12542E-09    0.99005E-06    0.33161E-09    0.10456E-06    0.37759E-03    0.11116E-03    0.47836E-03    0.14072E-02    0.38884E-03    0.45731E-03    0.21709E-03    0.67389E-04    0.30433E-03    0.52779E-03    0.22581E-03    0.11343E-03    0.10292E-08    0.53753E-09    0.99482E-09    0.10292E-08    0.00000E+00    0.53753E-09    0.00000E+00    0.99482E-09    0.00000E+00    0.45371E-04    0.00000E+00    0.32788E-04    0.00000E+00    0.44605E-04    0.00000E+00    0.33884E-04    0.00000E+00    0.26880E-04    0.00000E+00    0.33394E-04    0.00000E+00    0.18848E-08    0.25827E-06    0.31369E-07    0.00000E+00    0.94238E-08    0.00000E+00    0.12914E-05    0.00000E+00    0.15685E-06    0.46519E-03    0.13729E-03    0.54603E-03    0.16071E-02    0.47519E-03    0.56008E-03    0.31335E-03    0.10280E-03    0.38877E-03    0.68843E-03    0.32202E-03    0.17014E-03
1000  0    0.14239E-08    0.19602E-06    0.20884E-07    0.32068E-09    0.55162E-08    0.11021E-09    0.97956E-06    0.29963E-09    0.10292E-06    0.36569E-03    0.10504E-03    0.46545E-03    0.13997E-02    0.37685E-03    0.45370E-03    0.21008E-03    0.63769E-04    0.29470E-03    0.52153E-03    0.21854E-03    0.10955E-03    0.93101E-09    0.47232E-09    0.89890E-09    0.93101E-09    0.00000E+00    0.47232E-09    0.00000E+00    0.89890E-09    0.00000E+00    0.43151E-04    0.00000E+00    0.30735E-04    0.00000E+00    0.42400E-04    0.00000E+00    0.31944E-04    0.00000E+00    0.25352E-04    0.00000E+00    0.31483E-04    0.00000E+00    0.16829E-08    0.25554E-06    0.30876E-07    0.00000E+00    0.84146E-08    0.00000E+00    0.12777E-05    0.00000E+00    0.15438E-06    0.45057E-03    0.12973E-03    0.53131E-03    0.15986E-02    0.46057E-03    0.55566E-03    0.30368E-03    0.97275E-04    0.37667E-03    0.68026E-03    0.31207E-03    0.16432E-03
1100  0    0.12893E-08    0.19370E-06    0.20531E-07    0.29349E-09    0.49788E-08    0.98279E-10    0.96803E-06    0.27397E-09    0.10128E-06    0.35482E-03    0.99788E-04    0.45347E-03    0.13914E-02    0.36588E-03    0.45007E-03    0.20378E-03    0.60449E-04    0.28615E-03    0.51523E-03    0.21201E-03    0.10593E-03    0.85207E-09    0.42119E-09    0.82190E-09    0.85207E-09    0.00000E+00    0.42119E-09    0.00000E+00    0.82190E-09    0.00000E+00    0.41281E-04    0.00000E+00    0.29024E-04    0.00000E+00    0.40544E-04    0.00000E+00    0.30303E-04    0.00000E+00    0.25451E-04    0.00000E+00    0.29963E-04    0.00000E+00    0.15190E-08    0.25253E-06    0.30385E-07    0.00000E+00    0.75949E-08    0.00000E+00    0.12626E-05    0.00000E+00    0.15193E-06    0.43721E-03    0.12325E-03    0.51765E-03    0.15891E-02    0.44719E-03    0.55123E-03    0.29492E-03    0.92210E-04    0.36549E-03    0.67204E-03    0.30304E-03    0.15889E-03
1200  0    0.11786E-08    0.19123E-06    0.20183E-07    0.27156E-09    0.45354E-08    0.89205E-10    0.95568E-06    0.25332E-09    0.99650E-07    0.34489E-03    0.95241E-04    0.44237E-03    0.13825E-02    0.35584E-03    0.44643E-03    0.19816E-03    0.57480E-04    0.27910E-03    0.50998E-03    0.20625E-03    0.10273E-03    0.78840E-09    0.38231E-09    0.75997E-09    0.78840E-09    0.00000E+00    0.38231E-09    0.00000E+00    0.75997E-09    0.00000E+00    0.39709E-04    0.00000E+00    0.27652E-04    0.00000E+00    0.38986E-04    0.00000E+00    0.29030E-04    0.00000E+00    0.25267E-04    0.00000E+00    0.28766E-04    0.00000E+00    0.13837E-08    0.24931E-06    0.29895E-07    0.00000E+00    0.69184E-08    0.00000E+00    0.12465E-05    0.00000E+00    0.14948E-06    0.42499E-03    0.11763E-03    0.50499E-03    0.15789E-02    0.43494E-03    0.54676E-03    0.28702E-03    0.87682E-04    0.35636E-03    0.66519E-03    0.29499E-03    0.15410E-03
1300  0    0.10867E-08    0.18864E-06    0.19842E-07    0.25376E-09    0.41648E-08    0.82585E-10    0.94277E-06    0.23664E-09    0.98025E-07    0.33581E-03    0.91266E-04    0.43211E-03    0.13731E-02    0.34665E-03    0.44278E-03    0.19313E-03    0.55067E-04    0.27410E-03    0.50501E-03    0.20123E-03    0.10006E-03    0.73673E-09    0.35393E-09    0.70993E-09    0.73673E-09    0.00000E+00    0.35393E-09    0.00000E+00    0.70993E-09    0.00000E+00    0.38386E-04    0.00000E+00    0.26606E-04    0.00000E+00    0.37681E-04    0.00000E+00    0.28151E-04    0.00000E+00    0.24896E-04    0.00000E+00    0.27923E-04    0.00000E+00    0.12706E-08    0.24594E-06    0.29408E-07    0.00000E+00    0.63531E-08    0.00000E+00    0.12297E-05    0.00000E+00    0.14704E-06    0.41382E-03    0.11272E-03    0.49328E-03    0.15682E-02    0.42372E-03    0.54229E-03    0.27981E-03    0.84001E-04    0.34995E-03    0.65871E-03    0.28788E-03    0.15009E-03
1400  0    0.10095E-08    0.18598E-06    0.19506E-07    0.23921E-09    0.38516E-08    0.78029E-10    0.92949E-06    0.22309E-09    0.96415E-07    0.32749E-03    0.87768E-04    0.42261E-03    0.13634E-02    0.33821E-03    0.43912E-03    0.18858E-03    0.53057E-04    0.26922E-03    0.49986E-03    0.19664E-03    0.97737E-04    0.69447E-09    0.33441E-09    0.66927E-09    0.69447E-09    0.00000E+00    0.33441E-09    0.00000E+00    0.66927E-09    0.00000E+00    0.37269E-04    0.00000E+00    0.25862E-04    0.00000E+00    0.36586E-04    0.00000E+00    0.27579E-04    0.00000E+00    0.24409E-04    0.00000E+00    0.27357E-04    0.00000E+00    0.11751E-08    0.24248E-06    0.28925E-07    0.00000E+00    0.58753E-08    0.00000E+00    0.12124E-05    0.00000E+00    0.14462E-06    0.40358E-03    0.10840E-03    0.48244E-03    0.15572E-02    0.41341E-03    0.53782E-03    0.27318E-03    0.80934E-04    0.34372E-03    0.65199E-03    0.28129E-03    0.14661E-03
1500  0    0.94410E-09    0.18328E-06    0.19177E-07    0.22719E-09    0.35846E-08    0.75169E-10    0.91600E-06    0.21199E-09    0.94826E-07    0.31986E-03    0.84671E-04    0.41382E-03    0.13535E-02    0.33046E-03    0.43549E-03    0.18437E-03    0.51250E-04    0.26448E-03    0.49462E-03    0.19238E-03    0.95588E-04    0.65959E-09    0.32215E-09    0.63597E-09    0.65959E-09    0.00000E+00    0.32215E-09    0.00000E+00    0.63597E-09    0.00000E+00    0.36320E-04    0.00000E+00    0.25383E-04    0.00000E+00    0.35664E-04    0.00000E+00    0.27097E-04    0.00000E+00    0.23854E-04    0.00000E+00    0.26870E-04    0.00000E+00    0.10936E-08    0.23896E-06    0.28448E-07    0.00000E+00    0.54680E-08    0.00000E+00    0.11948E-05    0.00000E+00    0.14224E-06    0.39418E-03    0.10457E-03    0.47241E-03    0.15458E-02    0.40395E-03    0.53337E-03    0.26701E-03    0.78178E-04    0.33771E-03    0.64516E-03    0.27514E-03    0.14338E-03
1600  0    0.88817E-09    0.18056E-06    0.18856E-07    0.21717E-09    0.33550E-08    0.73667E-10    0.90244E-06    0.20282E-09    0.93264E-07    0.31285E-03    0.81915E-04    0.40569E-03    0.13435E-02    0.32334E-03    0.43189E-03    0.18058E-03    0.49722E-04    0.25991E-03    0.48938E-03    0.18852E-03    0.93688E-04    0.63049E-09    0.31571E-09    0.60845E-09    0.63049E-09    0.00000E+00    0.31571E-09    0.00000E+00    0.60845E-09    0.00000E+00    0.35510E-04    0.00000E+00    0.25128E-04    0.00000E+00    0.34884E-04    0.00000E+00    0.26627E-04    0.00000E+00    0.23265E-04    0.00000E+00    0.26392E-04    0.00000E+00    0.10236E-08    0.23542E-06    0.27979E-07    0.00000E+00    0.51178E-08    0.00000E+00    0.11771E-05    0.00000E+00    0.13990E-06    0.38554E-03    0.10117E-03    0.46312E-03    0.15343E-02    0.39524E-03    0.52895E-03    0.26148E-03    0.75847E-04    0.33193E-03    0.63833E-03    0.26958E-03    0.14053E-03
1700  0    0.83997E-09    0.17786E-06    0.18542E-07    0.20871E-09    0.31563E-08    0.73223E-10    0.88891E-06    0.19516E-09    0.91732E-07    0.30640E-03    0.79452E-04    0.39815E-03    0.13334E-02    0.31677E-03    0.42833E-03    0.17729E-03    0.48299E-04    0.25553E-03    0.48419E-03    0.18512E-03    0.91888E-04    0.60594E-09    0.31381E-09    0.58549E-09    0.60594E-09    0.00000E+00    0.31381E-09    0.00000E+00    0.58549E-09    0.00000E+00    0.34812E-04    0.00000E+00    0.25052E-04    0.00000E+00    0.34220E-04    0.00000E+00    0.26219E-04    0.00000E+00    0.22666E-04    0.00000E+00    0.25970E-04    0.00000E+00    0.96294E-09    0.23189E-06    0.27520E-07    0.00000E+00    0.48147E-08    0.00000E+00    0.11594E-05    0.00000E+00    0.13760E-06    0.37759E-03    0.98129E-04    0.45451E-03    0.15228E-02    0.38721E-03    0.52459E-03    0.25667E-03    0.73677E-04    0.32640E-03    0.63155E-03    0.26469E-03    0.13783E-03
1800  0    0.79813E-09    0.17517E-06    0.18235E-07    0.20149E-09    0.29832E-08    0.73580E-10    0.87549E-06    0.18870E-09    0.90234E-07    0.30046E-03    0.77242E-04    0.39117E-03    0.13232E-02    0.31072E-03    0.42481E-03    0.17425E-03    0.46978E-04    0.25140E-03    0.47908E-03    0.18196E-03    0.90188E-04    0.58498E-09    0.31534E-09    0.56611E-09    0.58498E-09    0.00000E+00    0.31534E-09    0.00000E+00    0.56611E-09    0.00000E+00    0.34205E-04    0.00000E+00    0.25113E-04    0.00000E+00    0.33648E-04    0.00000E+00    0.25912E-04    0.00000E+00    0.22073E-04    0.00000E+00    0.25643E-04    0.00000E+00    0.91012E-09    0.22839E-06    0.27070E-07    0.00000E+00    0.45506E-08    0.00000E+00    0.11419E-05    0.00000E+00    0.13535E-06    0.37026E-03    0.95400E-04    0.44653E-03    0.15113E-02    0.37981E-03    0.52029E-03    0.25219E-03    0.71661E-04    0.32119E-03    0.62489E-03    0.26012E-03    0.13528E-03
1900  0    0.76154E-09    0.17252E-06    0.17937E-07    0.19525E-09    0.28314E-08    0.74521E-10    0.86223E-06    0.18318E-09    0.88771E-07    0.29497E-03    0.75252E-04    0.38469E-03    0.13132E-02    0.30513E-03    0.42136E-03    0.17140E-03    0.45805E-04    0.24752E-03    0.47434E-03    0.17901E-03    0.88659E-04    0.56686E-09    0.31938E-09    0.54954E-09    0.56686E-09    0.00000E+00    0.31938E-09    0.00000E+00    0.54954E-09    0.00000E+00    0.33671E-04    0.00000E+00    0.25274E-04    0.00000E+00    0.33152E-04    0.00000E+00    0.25620E-04    0.00000E+00    0.21494E-04    0.00000E+00    0.25331E-04    0.00000E+00    0.86383E-09    0.22493E-06    0.26631E-07    0.00000E+00    0.43192E-08    0.00000E+00    0.11246E-05    0.00000E+00    0.13316E-06    0.36349E-03    0.92943E-04    0.43913E-03    0.14998E-02    0.37297E-03    0.51606E-03    0.24800E-03    0.69872E-04    0.31631E-03    0.61871E-03    0.25585E-03    0.13299E-03
2000  0    0.72933E-09    0.16991E-06    0.17648E-07    0.18979E-09    0.26977E-08    0.75870E-10    0.84919E-06    0.17839E-09    0.87347E-07    0.28990E-03    0.73454E-04    0.37867E-03    0.13032E-02    0.29996E-03    0.41796E-03    0.16874E-03    0.44753E-04    0.24382E-03    0.46995E-03    0.17625E-03    0.87273E-04    0.55099E-09    0.32516E-09    0.53518E-09    0.55099E-09    0.00000E+00    0.32516E-09    0.00000E+00    0.53518E-09    0.00000E+00    0.33196E-04    0.00000E+00    0.25501E-04    0.00000E+00    0.32716E-04    0.00000E+00    0.25370E-04    0.00000E+00    0.20936E-04    0.00000E+00    0.25059E-04    0.00000E+00    0.82304E-09    0.22153E-06    0.26204E-07    0.00000E+00    0.41152E-08    0.00000E+00    0.11076E-05    0.00000E+00    0.13102E-06    0.35724E-03    0.90721E-04    0.43224E-03    0.14884E-02    0.36665E-03    0.51190E-03    0.24407E-03    0.68267E-04    0.31166E-03    0.61298E-03    0.25184E-03    0.13091E-03
2100  0    0.70079E-09    0.16736E-06    0.17366E-07    0.18494E-09    0.25792E-08    0.77482E-10    0.83640E-06    0.17419E-09    0.85961E-07    0.28521E-03    0.71823E-04    0.37307E-03    0.12934E-02    0.29517E-03    0.41463E-03    0.16624E-03    0.43828E-04    0.24029E-03    0.46565E-03    0.17365E-03    0.86010E-04    0.53692E-09    0.33207E-09    0.52258E-09    0.53692E-09    0.00000E+00    0.33207E-09    0.00000E+00    0.52258E-09    0.00000E+00    0.32770E-04    0.00000E+00    0.25771E-04    0.00000E+00    0.32329E-04    0.00000E+00    0.25174E-04    0.00000E+00    0.20404E-04    0.00000E+00    0.24840E-04    0.00000E+00    0.78689E-09    0.21819E-06    0.25788E-07    0.00000E+00    0.39344E-08    0.00000E+00    0.10910E-05    0.00000E+00    0.12894E-06    0.35146E-03    0.88707E-04    0.42584E-03    0.14771E-02    0.36079E-03    0.50782E-03    0.24036E-03    0.66857E-04    0.30722E-03    0.60737E-03    0.24805E-03    0.12902E-03
2200  0    0.67533E-09    0.16485E-06    0.17093E-07    0.18059E-09    0.24737E-08    0.79245E-10    0.82388E-06    0.17045E-09    0.84614E-07    0.28086E-03    0.70338E-04    0.36785E-03    0.12836E-02    0.29073E-03    0.41137E-03    0.16389E-03    0.42978E-04    0.23693E-03    0.46145E-03    0.17119E-03    0.84825E-04    0.52429E-09    0.33962E-09    0.51136E-09    0.52429E-09    0.00000E+00    0.33962E-09    0.00000E+00    0.51136E-09    0.00000E+00    0.32382E-04    0.00000E+00    0.26062E-04    0.00000E+00    0.31980E-04    0.00000E+00    0.24980E-04    0.00000E+00    0.19899E-04    0.00000E+00    0.24625E-04    0.00000E+00    0.75470E-09    0.21492E-06    0.25384E-07    0.00000E+00    0.37735E-08    0.00000E+00    0.10746E-05    0.00000E+00    0.12692E-06    0.34609E-03    0.86873E-04    0.41987E-03    0.14660E-02    0.35535E-03    0.50383E-03    0.23687E-03    0.65559E-04    0.30298E-03    0.60189E-03    0.24448E-03    0.12724E-03
2300  0    0.65249E-09    0.16241E-06    0.16828E-07    0.17663E-09    0.23793E-08    0.81069E-10    0.81165E-06    0.16708E-09    0.83306E-07    0.27682E-03    0.68982E-04    0.36298E-03    0.12741E-02    0.28660E-03    0.40818E-03    0.16168E-03    0.42208E-04    0.23377E-03    0.45735E-03    0.16889E-03    0.83722E-04    0.51281E-09    0.34744E-09    0.50123E-09    0.51281E-09    0.00000E+00    0.34744E-09    0.00000E+00    0.50123E-09    0.00000E+00    0.32025E-04    0.00000E+00    0.26361E-04    0.00000E+00    0.31662E-04    0.00000E+00    0.24782E-04    0.00000E+00    0.19611E-04    0.00000E+00    0.24420E-04    0.00000E+00    0.72588E-09    0.21173E-06    0.24992E-07    0.00000E+00    0.36294E-08    0.00000E+00    0.10587E-05    0.00000E+00    0.12496E-06    0.34111E-03    0.85199E-04    0.41430E-03    0.14551E-02    0.35030E-03    0.49992E-03    0.23360E-03    0.64385E-04    0.29895E-03    0.59654E-03    0.24112E-03    0.12558E-03
2400  0    0.63187E-09    0.16003E-06    0.16571E-07    0.17300E-09    0.22943E-08    0.82889E-10    0.79972E-06    0.16399E-09    0.82037E-07    0.27306E-03    0.67739E-04    0.35843E-03    0.12647E-02    0.28276E-03    0.40506E-03    0.15962E-03    0.41499E-04    0.23081E-03    0.45344E-03    0.16674E-03    0.82693E-04    0.50227E-09    0.35524E-09    0.49198E-09    0.50227E-09    0.00000E+00    0.35524E-09    0.00000E+00    0.49198E-09    0.00000E+00    0.31694E-04    0.00000E+00    0.26655E-04    0.00000E+00    0.31368E-04    0.00000E+00    0.24583E-04    0.00000E+00    0.19591E-04    0.00000E+00    0.24233E-04    0.00000E+00    0.69996E-09    0.20862E-06    0.24611E-07    0.00000E+00    0.34998E-08    0.00000E+00    0.10431E-05    0.00000E+00    0.12306E-06    0.33647E-03    0.83664E-04    0.40910E-03    0.14444E-02    0.34560E-03    0.49610E-03    0.23058E-03    0.63303E-04    0.29510E-03    0.59145E-03    0.23800E-03    0.12404E-03
2500  0    0.61314E-09    0.15771E-06    0.16323E-07    0.16964E-09    0.22175E-08    0.84655E-10    0.78811E-06    0.16114E-09    0.80807E-07    0.26956E-03    0.66596E-04    0.35418E-03    0.12555E-02    0.27918E-03    0.40201E-03    0.15768E-03    0.40840E-04    0.22799E-03    0.44968E-03    0.16471E-03    0.81724E-04    0.49250E-09    0.36281E-09    0.48342E-09    0.49250E-09    0.00000E+00    0.36281E-09    0.00000E+00    0.48342E-09    0.00000E+00    0.31385E-04    0.00000E+00    0.26937E-04    0.00000E+00    0.31094E-04    0.00000E+00    0.24392E-04    0.00000E+00    0.19551E-04    0.00000E+00    0.24053E-04    0.00000E+00    0.67653E-09    0.20559E-06    0.24242E-07    0.00000E+00    0.33827E-08    0.00000E+00    0.10280E-05    0.00000E+00    0.12121E-06    0.33215E-03    0.82252E-04    0.40423E-03    0.14339E-02    0.34121E-03    0.49236E-03    0.22771E-03    0.62298E-04    0.29143E-03    0.58654E-03    0.23504E-03    0.12259E-03
2600  0    0.59605E-09    0.15545E-06    0.16081E-07    0.16649E-09    0.21478E-08    0.86332E-10    0.77682E-06    0.15847E-09    0.79615E-07    0.26629E-03    0.65541E-04    0.35019E-03    0.12464E-02    0.27583E-03    0.39904E-03    0.15587E-03    0.40215E-04    0.22530E-03    0.44602E-03    0.16281E-03    0.80796E-04    0.48336E-09    0.36999E-09    0.47542E-09    0.48336E-09    0.00000E+00    0.36999E-09    0.00000E+00    0.47542E-09    0.00000E+00    0.31092E-04    0.00000E+00    0.27203E-04    0.00000E+00    0.30836E-04    0.00000E+00    0.24210E-04    0.00000E+00    0.19493E-04    0.00000E+00    0.23880E-04    0.00000E+00    0.65526E-09    0.20265E-06    0.23884E-07    0.00000E+00    0.32763E-08    0.00000E+00    0.10132E-05    0.00000E+00    0.11942E-06    0.32811E-03    0.80948E-04    0.39966E-03    0.14235E-02    0.33711E-03    0.48872E-03    0.22504E-03    0.61346E-04    0.28794E-03    0.58177E-03    0.23228E-03    0.12119E-03
2700  0    0.58037E-09    0.15326E-06    0.15848E-07    0.16352E-09    0.20842E-08    0.87894E-10    0.76584E-06    0.15596E-09    0.78460E-07    0.26323E-03    0.64563E-04    0.34644E-03    0.12376E-02    0.27269E-03    0.39613E-03    0.15416E-03    0.39622E-04    0.22279E-03    0.44248E-03    0.16103E-03    0.79908E-04    0.47474E-09    0.37669E-09    0.46788E-09    0.47474E-09    0.00000E+00    0.37669E-09    0.00000E+00    0.46788E-09    0.00000E+00    0.30814E-04    0.00000E+00    0.27448E-04    0.00000E+00    0.30590E-04    0.00000E+00    0.24055E-04    0.00000E+00    0.19686E-04    0.00000E+00    0.23749E-04    0.00000E+00    0.63586E-09    0.19978E-06    0.23538E-07    0.00000E+00    0.31793E-08    0.00000E+00    0.99892E-06    0.00000E+00    0.11769E-06    0.32434E-03    0.79741E-04    0.39537E-03    0.14135E-02    0.33328E-03    0.48516E-03    0.22253E-03    0.60440E-04    0.28460E-03    0.57715E-03    0.22966E-03    0.11986E-03
2800  0    0.56590E-09    0.15113E-06    0.15622E-07    0.16071E-09    0.20260E-08    0.89326E-10    0.75518E-06    0.15357E-09    0.77341E-07    0.26036E-03    0.63655E-04    0.34291E-03    0.12290E-02    0.26975E-03    0.39330E-03    0.15254E-03    0.39057E-04    0.22047E-03    0.43904E-03    0.15933E-03    0.79055E-04    0.46657E-09    0.38283E-09    0.46071E-09    0.46657E-09    0.00000E+00    0.38283E-09    0.00000E+00    0.46071E-09    0.00000E+00    0.30547E-04    0.00000E+00    0.27670E-04    0.00000E+00    0.30355E-04    0.00000E+00    0.23900E-04    0.00000E+00    0.20226E-04    0.00000E+00    0.23643E-04    0.00000E+00    0.61809E-09    0.19700E-06    0.23202E-07    0.00000E+00    0.30905E-08    0.00000E+00    0.98502E-06    0.00000E+00    0.11601E-06    0.32080E-03    0.78619E-04    0.39134E-03    0.14036E-02    0.32968E-03    0.48169E-03    0.22013E-03    0.59579E-04    0.28142E-03    0.57266E-03    0.22718E-03    0.11858E-03
2900  0    0.55250E-09    0.14906E-06    0.15403E-07    0.15802E-09    0.19724E-08    0.90621E-10    0.74483E-06    0.15128E-09    0.76258E-07    0.25766E-03    0.62807E-04    0.33959E-03    0.12205E-02    0.26699E-03    0.39053E-03    0.15099E-03    0.38519E-04    0.21826E-03    0.43570E-03    0.15772E-03    0.78237E-04    0.45878E-09    0.38838E-09    0.45385E-09    0.45878E-09    0.00000E+00    0.38838E-09    0.00000E+00    0.45385E-09    0.00000E+00    0.30291E-04    0.00000E+00    0.27870E-04    0.00000E+00    0.30128E-04    0.00000E+00    0.23746E-04    0.00000E+00    0.20714E-04    0.00000E+00    0.23534E-04    0.00000E+00    0.60174E-09    0.19430E-06    0.22878E-07    0.00000E+00    0.30087E-08    0.00000E+00    0.97152E-06    0.00000E+00    0.11439E-06    0.31748E-03    0.77572E-04    0.38754E-03    0.13939E-02    0.32630E-03    0.47830E-03    0.21785E-03    0.58758E-04    0.27838E-03    0.56831E-03    0.22481E-03    0.11736E-03
3000  0    0.54002E-09    0.14705E-06    0.15191E-07    0.15545E-09    0.19229E-08    0.91774E-10    0.73479E-06    0.14908E-09    0.75210E-07    0.25513E-03    0.62014E-04    0.33646E-03    0.12123E-02    0.26439E-03    0.38784E-03    0.14952E-03    0.38020E-04    0.21613E-03    0.43247E-03    0.15618E-03    0.77465E-04    0.45131E-09    0.39332E-09    0.44725E-09    0.45131E-09    0.00000E+00    0.39332E-09    0.00000E+00    0.44725E-09    0.00000E+00    0.30044E-04    0.00000E+00    0.28047E-04    0.00000E+00    0.29908E-04    0.00000E+00    0.23617E-04    0.00000E+00    0.21145E-04    0.00000E+00    0.23444E-04    0.00000E+00    0.58664E-09    0.19169E-06    0.22563E-07    0.00000E+00    0.29332E-08    0.00000E+00    0.95843E-06    0.00000E+00    0.11282E-06    0.31435E-03    0.76592E-04    0.38395E-03    0.13845E-02    0.32312E-03    0.47501E-03    0.21567E-03    0.57996E-04    0.27547E-03    0.56409E-03    0.22255E-03    0.11620E-03
