  6.91978764042226e-01   9.36279743968240e-01  -3.23261059769365e+00   1.63765966006543e-01
  2.64061104300954e-01   1.81963546518341e-01  -7.87758508821992e+00   3.99083122690836e-01
  7.24361252040101e-01   4.03193165509650e-01  -1.43455056255051e+01   7.26751804961995e-01
  5.89061634965126e-01   1.85373496098387e-01  -1.04344342078148e+01   5.28614612286948e-01
  3.36861407065744e-01   5.88505855804522e-01  -1.65422755097910e+01   8.38041467394839e-01
  4.69250589489746e-01   3.61640708955132e-01  -1.78201801545456e+01   9.02780872989129e-01
  7.55008500944510e-01   2.57361519980373e-01  -9.93511038997951e+00   5.03318572165006e-01
  3.03180067169801e-01   3.65228826022108e-01  -1.46641932663014e+01   7.42896709450827e-01
  2.37349863553156e-01   6.98251769156734e-01  -1.08775476504297e+01   5.51063001533733e-01
  2.54746683136768e-01   6.86632738580649e-01  -1.17985888059874e+01   5.97723491565939e-01
  4.77976935256003e-01   3.97303296781638e-01  -1.86759639197975e+01   9.46135385007741e-01
  4.20830580966464e-01   8.15130868998656e-01  -1.04972246716492e+01   5.31795614345525e-01
  3.99272406166474e-01   8.57923488931238e-01  -8.09779952551216e+00   4.10239316411627e-01
  4.86837374228988e-01   6.53676775301538e-01  -1.74681346504287e+01   8.84946039402584e-01
  6.23227173815117e-02   3.53356810319308e-01  -3.43978940915348e+00   1.74261767207904e-01
  6.91799210003507e-01   9.27098377656967e-01  -3.69217953604398e+00   1.87048000405997e-01
  2.78946518260758e-01   2.67765205045931e-01  -1.13066796377886e+01   5.72803081982732e-01
  5.80785728619948e-01   1.37551480662245e-01  -8.00209160766283e+00   4.05390696651408e-01
  2.81469581142554e-01   3.60276741510898e-01  -1.38198667292370e+01   7.00122627392830e-01
  6.29295404355056e-01   6.66353046642734e-01  -1.57126147880196e+01   7.96010364219123e-01
  8.92580090892639e-02   3.74600840511600e-01  -5.04440182664544e+00   2.55552381921643e-01
  8.11245334129056e-01   6.94300525903581e-01  -9.03902758458067e+00   4.57922486922727e-01
  1.00337212236979e-01   3.21021368942112e-01  -5.17747411624791e+00   2.62293902867902e-01
  4.61240644834068e-01   8.14296295337109e-01  -1.07932102209810e+01   5.46790417445184e-01
  3.39891993220627e-01   8.05869407024205e-01  -9.90567163905511e+00   5.01827187620700e-01
  6.16245969741799e-01   8.95368319031161e-01  -5.95203045444439e+00   3.01533385359774e-01
  6.27583867915529e-02   5.98716047645089e-01  -3.68218542846124e+00   1.86541693001131e-01
  6.04923330316847e-01   6.83053943634248e-01  -1.56723664333414e+01   7.93971358751297e-01
  2.88181286286249e-01   7.59047617866580e-01  -1.06632306050550e+01   5.40205573177685e-01
  2.13717881480617e-01   4.02107764486457e-01  -1.17035074975080e+01   5.92906616207243e-01
  4.03953916260822e-01   5.96489128782399e-01  -1.79881105073722e+01   9.11288324048061e-01
  7.30791839755453e-01   9.30199423641551e-01  -3.21383194774039e+00   1.62814628486308e-01
  8.65711218956852e-01   4.39878612593298e-01  -7.93900472943897e+00   4.02194678064437e-01
  6.20437841150754e-01   9.13546356563488e-01  -4.92098228179600e+00   2.49299874737272e-01
  3.91491778559685e-01   7.36878667875484e-01  -1.36854998543267e+01   6.93315521988709e-01
  7.83312468585077e-01   4.66736500043089e-01  -1.23555206096714e+01   6.25937986344604e-01
  9.49473915801826e-01   8.36197299205532e-01  -1.53568056919177e+00   7.77984864835244e-02
  3.91488930613974e-01   9.20707251837643e-01  -4.58640890752611e+00   2.32350189589153e-01
  8.13424445431043e-01   1.32171381275371e-01  -4.40463660565816e+00   2.23141497199827e-01
  1.25913560352809e-01   4.81139176080189e-01  -7.59282837408410e+00   3.84657179027664e-01
  1.53522200154498e-01   5.87638808301335e-01  -8.81065017471940e+00   4.46352752180570e-01
  7.16884450927675e-01   2.76973894422013e-01  -1.17198708872946e+01   5.93735595218032e-01
  5.99516751347025e-01   6.49546285434852e-01  -1.67473265162870e+01   8.48429472737452e-01
  3.87427075682273e-01   4.55083622852328e-01  -1.83335359804500e+01   9.28787782944292e-01
  8.02043591411628e-01   2.05000101001908e-01  -6.90462659333081e+00   3.49792469522320e-01
  6.86680991541077e-01   2.87090299827892e-01  -1.28980602397234e+01   6.53423365089474e-01
  2.42347423149173e-01   9.17755840555656e-01  -3.47961002354745e+00   1.76279103099785e-01
  9.58253239048988e-01   3.81292750413262e-01  -2.40397205752984e+00   1.21786647156015e-01
  8.47803672595508e-01   3.09046986577049e-01  -7.49668557089721e+00   3.79786527718870e-01
  1.27071791951725e-01   3.37892709460065e-01  -6.69876251720380e+00   3.39363273591008e-01
  8.36379458264622e-01   1.16305655341496e-01  -3.46788457005327e+00   1.75685084686398e-01
  3.87545495813335e-02   4.71660611750318e-01  -2.38784062559022e+00   1.20969419267031e-01
  2.97966671114317e-01   1.10259052380996e-01  -5.39637981019702e+00   2.73383794876388e-01
  1.29334495207558e-01   3.99426407864709e-01  -7.41530411469310e+00   3.75663694984302e-01
  3.39746537516720e-01   8.66683914324841e-01  -7.03163000262781e+00   3.56226537400612e-01
  3.31835158665228e-01   7.27376527963330e-01  -1.28803882525608e+01   6.52528091761161e-01
  9.06166554735477e-01   9.07184066732246e-01  -1.64865420449313e+00   8.35217977080802e-02
  7.99282617633057e-01   2.59884266995557e-02  -9.49160538856279e-01   4.80850346317587e-02
  2.27936477697055e-01   6.51454022443037e-02  -2.63341446957061e+00   1.33410335538877e-01
  9.72980233562275e-01   3.67578815469177e-01  -1.53081126747562e+00   7.75518047768286e-02
  6.67141868008629e-01   5.88781398159355e-01  -1.64198453996151e+01   8.31839085556601e-01
  4.54658423668582e-01   7.18055634496197e-01  -1.51310777349245e+01   7.66549352943385e-01
  3.81086975993487e-01   2.44864458100904e-01  -1.27836967530900e+01   6.47629643173895e-01
  1.08366968985936e-01   1.74652175628034e-01  -3.43767094787707e+00   1.74154444705891e-01
  7.14301610273172e-01   4.29354585095005e-01  -1.50536080337044e+01   7.62624692031370e-01
  2.40113416388061e-01   5.93661937127758e-01  -1.29365685800234e+01   6.55374220399126e-01
  5.46235427815287e-01   8.28377128048658e-01  -1.00278438188304e+01   5.08016502552197e-01
  7.39105582267754e-02   3.96650138273171e-01  -4.30498033641655e+00   2.18092851621357e-01
  3.29395453261999e-01   7.07307794024119e-01  -1.34974158557975e+01   6.83787075311130e-01
  9.09475712615936e-01   8.57069455884707e-01  -2.40411919288326e+00   1.21794101120097e-01
  1.04049429646701e-01   4.00751692086697e-01  -6.03247681405981e+00   3.05608845547749e-01
  2.98357571550062e-01   4.10268692922666e-01  -1.52813189444105e+01   7.74160661531875e-01
  6.41624001292824e-01   9.67261383818136e-02  -5.33132335398489e+00   2.70087996302893e-01
  6.65038518688426e-01   4.92587245852788e-01  -1.71402663959939e+01   8.68336039593543e-01
  5.05234107092403e-01   5.58740285389522e-01  -1.94014359067088e+01   9.82888225214346e-01
  3.29703389474466e-01   4.92597760006361e-01  -1.69764047865733e+01   8.60034713483525e-01
  2.94770552741235e-01   4.99884655077482e-01  -1.57765941683114e+01   7.99251597489056e-01
  2.37312198217250e-01   9.34756593986786e-01  -2.72543605885326e+00   1.38072203712260e-01
  3.65802646889885e-01   9.27987632225884e-01  -4.03997894916760e+00   2.04667724509895e-01
  1.25274524610539e-01   1.48514813051942e-01  -3.40501711897298e+00   1.72500182408382e-01
  9.50000262520016e-01   1.82152222493920e-01  -1.67215721409759e+00   8.47124740842210e-02
  5.19888481245483e-01   4.59923339386716e-01  -1.95447499440578e+01   9.90148599162726e-01
  2.04592794471350e-01   1.63800703834046e-01  -5.82331383859502e+00   2.95012525423627e-01
  1.09341729283568e-01   3.60797125724231e-01  -6.02235669569642e+00   3.05096154362160e-01
  5.37051437373011e-01   2.14501362554916e-01  -1.22342956798495e+01   6.19796659656343e-01
  6.95227409272018e-01   2.13884008331477e-02  -1.08379122367608e+00   5.49055048020191e-02
  8.26752889680200e-01   8.91404578787309e-01  -3.41972803239375e+00   1.73245445988509e-01
  1.79322060129395e-01   1.46160838020469e-01  -4.67201232865008e+00   2.36686909565210e-01
  2.73008046461506e-01   9.19644280313936e-01  -3.72892208070544e+00   1.88909399463562e-01
  8.88160425240144e-01   6.12287373389204e-01  -6.37530241263079e+00   3.22976593262802e-01
  4.12005072269046e-01   2.69962792366996e-01  -1.42429543520237e+01   7.21556496755415e-01
  7.25833661664996e-01   3.91921353435163e-01  -1.41211695804560e+01   7.15386808152989e-01
  4.34800781465279e-02   6.03735673214367e-01  -2.54645281487423e+00   1.29004806646210e-01
  2.18396597123227e-02   1.41768248954292e-01  -5.82987832804590e-01   2.95345086344212e-02
  4.45041544878232e-01   2.19190684179258e-02  -1.33798963100074e+00   6.77833465570849e-02
  7.06889972904689e-02   1.29121024074039e-01  -1.71564020205850e+00   8.69153479884734e-02
  1.57632333320323e-01   7.98313689527890e-01  -5.55385250247791e+00   2.81361454663011e-01
  8.70515761664452e-01   1.54706558334002e-01  -3.64817745284753e+00   1.84818828829900e-01
  8.15301496992726e-01   5.99451292174539e-01  -1.02977447224223e+01   5.21689842061232e-01
  9.78401839701257e-01   2.29984836731180e-01  -8.85005404984596e-01   4.48348975814529e-02
  5.49694980303990e-01   7.05245752343148e-01  -1.55841166318830e+01   7.89500571581313e-01
  4.07632524864018e-01   9.34731246521687e-01  -3.85114574302950e+00   1.95101322531450e-01
  3.84703266735548e-01   2.00608193253775e-01  -1.08780956643350e+01   5.51090764242501e-01
  3.16938146384815e-01   8.06650373240103e-01  -9.45391385283713e+00   4.78940870811076e-01
  4.95063616295536e-01   7.10063022549826e-01  -1.55927638844346e+01   7.89938646513203e-01
  1.51301539115233e-01   4.14943830309154e-01  -8.71267030483354e+00   4.41389033985591e-01
  2.76217817662432e-01   7.35762726556151e-01  -1.11136020737613e+01   5.63021658321716e-01
  5.51339896389815e-01   4.19730550533906e-01  -1.88668124880741e+01   9.55803886424856e-01
  6.70671820261233e-01   9.20525109382988e-01  -4.19292902239815e+00   2.12416265738845e-01
  8.66180102773175e-01   8.44124147909917e-01  -3.78931935543095e+00   1.91969161145542e-01
  1.28990062222446e-01   6.20618270934176e-01  -7.22981987338886e+00   3.66266953546328e-01
  7.52979619923223e-01   6.66735599394030e-01  -1.19725716363556e+01   6.06537564719115e-01
  6.64435577982426e-01   6.24428746311484e-01  -1.58686884535262e+01   8.03917148481388e-01
  4.11717139473404e-01   8.60819401857110e-01  -8.03911753383416e+00   4.07266451983974e-01
  5.08435261890905e-01   3.40302777930872e-01  -1.73005616184982e+01   8.76456690431721e-01
  3.89111807625243e-01   4.27120289218598e-01  -1.80693275366511e+01   9.15402826817286e-01
  8.81900716653732e-01   4.69432927682696e-01  -7.12379418757112e+00   3.60895629554556e-01
  3.58999992840251e-01   4.04450612242155e-01  -1.70366111697344e+01   8.63084804485879e-01
  8.48835558007860e-01   6.87254100682326e-01  -7.50846072863355e+00   3.80383064178580e-01
  5.23032125060686e-01   8.32506269912056e-01  -9.88804642429360e+00   5.00934283809906e-01
  1.43910120819975e-01   3.06356865875561e-01  -7.07622774224663e+00   3.58485885283588e-01
  6.53442696509963e-01   7.53475071216177e-02  -4.10148016910407e+00   2.07783412709600e-01
  3.73982905692927e-01   3.47969832117761e-01  -1.61743216525275e+01   8.19400707222990e-01
  1.30102030824088e-01   8.22715473298296e-01  -4.14700354110288e+00   2.10089653676755e-01
  6.49449675675445e-01   8.97547872433374e-01  -5.56850568475109e+00   2.82103793549033e-01
  3.64494901359014e-01   4.72085892265257e-01  -1.79083848957878e+01   9.07249377381893e-01
  1.13226009556560e-01   3.23510156122919e-01  -5.84442705145719e+00   2.96082133282470e-01
  7.14777575109244e-01   8.91426089019847e-01  -5.15617842390539e+00   2.61215050490589e-01
  1.71998086735705e-01   7.68752368575630e-01  -6.74511325202316e+00   3.41711429248302e-01
  6.35118991332162e-01   9.75489465358269e-01  -1.38369502731088e+00   7.00988089835778e-02
  1.89588400274923e-01   4.86322503315634e-01  -1.10637395892073e+01   5.60495595344537e-01
  2.85117292679906e-01   1.75606919165106e-01  -8.07654433444339e+00   4.09162515852811e-01
  4.08074245547942e-01   3.96679972496679e-01  -1.79337114462089e+01   9.08532435415014e-01
  6.07598794673645e-01   3.80716237742396e-01  -1.73298211516315e+01   8.77938995696665e-01
  4.98305358256448e-01   2.57502226272396e-02  -1.59507332831892e+00   8.08073588107983e-02
  4.64046998331970e-01   4.66046936771770e-02  -2.86141152586577e+00   1.44960801344274e-01
  8.92675799508597e-01   5.58905069899126e-01  -6.41856653013765e+00   3.25168379060320e-01
  2.13929937232371e-01   7.42397145125428e-01  -8.89536871575882e+00   4.50644643607853e-01
  1.25775296161541e-01   9.72957656922215e-01  -6.44742097134459e-01   3.26630162128533e-02
  8.71730066292861e-01   8.76041293830621e-02  -2.10360542344967e+00   1.06569895710181e-01
  8.63683042823813e-01   8.02485051701682e-01  -4.76634922073149e+00   2.41466072348625e-01
  4.05717763567344e-01   8.24671595316852e-01  -9.88118642567814e+00   5.00586752220155e-01
  4.41272313905936e-01   7.01842549446208e-01  -1.56320457326457e+01   7.91928688191411e-01
  2.09820106587555e-01   2.68510207095244e-02  -1.01859900482881e+00   5.16028284130810e-02
  7.04970699030749e-01   6.38035073260903e-01  -1.43250301066722e+01   7.25714503060078e-01
  1.26529868431842e-01   1.50342841082755e-01  -3.47646789610237e+00   1.76119921063840e-01
  6.86478722203045e-01   2.86230659032444e-01  -1.28759120442699e+01   6.52301324400031e-01
  4.28886550552760e-01   5.25162256931616e-01  -1.91885351180090e+01   9.72102545259619e-01
  4.56721750708849e-01   7.50482302464604e-01  -1.38079474589424e+01   6.99518790105628e-01
  6.84760553701289e-01   3.15979221300240e-01  -1.38239200968699e+01   7.00327973395981e-01
  2.30847287651968e-01   5.02823966570762e-01  -1.30926241260976e+01   6.63280086720217e-01
  7.46229185829656e-01   5.26297378699004e-02  -2.32433961995523e+00   1.17752420740323e-01
  8.44651433205243e-01   3.63646877728401e-01  -8.41937312510778e+00   4.26530425281204e-01
  3.29095756775974e-01   4.56019959072452e-01  -1.68001094360914e+01   8.51103486692795e-01
  3.93612451437477e-01   4.89689140000068e-01  -1.86371454616377e+01   9.44168818943776e-01
  5.59985717048196e-01   5.73725525945643e-01  -1.88719712204819e+01   9.56065230861682e-01
  1.45683103711912e-01   7.43669407147860e-01  -6.28886767415973e+00   3.18597758257950e-01
  5.94019855671640e-01   7.33280814157428e-01  -1.40359143857540e+01   7.11067729533558e-01
  9.73348825296409e-01   8.01462267980725e-01  -9.64157095184167e-01   4.88447690506090e-02
  2.89656540969131e-01   9.14077406374707e-01  -4.15574065731410e+00   2.10532281154826e-01
  1.01111247338458e-01   3.98687823876163e-01  -5.85559976247912e+00   2.96648149435088e-01
  5.89241255011644e-01   2.01819279741872e-01  -1.12369364846257e+01   5.69269852568024e-01
  2.30360845419376e-01   8.11220539546359e-01  -7.30523307130018e+00   3.70087430783642e-01
  9.67783723023969e-01   6.98776799961906e-01  -1.61800009590251e+00   8.19688424251291e-02
  9.03448257720275e-01   8.50357300266964e-01  -2.67084194153696e+00   1.35306433419062e-01
  7.96771071852899e-01   6.65642874125392e-01  -1.02066228065733e+01   5.17073551876443e-01
  1.98065758182474e-01   5.37323743112757e-02  -1.93292124396026e+00   9.79229341627369e-02
  2.04752184880395e-01   6.33118543072398e-02  -2.33938632859490e+00   1.18514695904969e-01
  9.73533364921150e-01   9.55268141455299e-01  -2.29622395693953e-01   1.16328064612503e-02
  5.36939027582893e-01   6.81782802081709e-01  -1.64951683571932e+01   8.35654991165224e-01
  6.16780426437243e-01   2.34267599539008e-01  -1.23692760110676e+01   6.26634843120071e-01
  1.69058622280041e-01   1.83483357629470e-01  -5.44913428713898e+00   2.76056367899484e-01
  5.57104662776694e-01   6.46926016475653e-01  -1.73898429173458e+01   8.80979733869901e-01
  4.74490285214464e-01   8.32471582305537e-02  -5.08734032574651e+00   2.57727671698016e-01
  8.27477990207322e-01   3.75916185742677e-01  -9.41846431344674e+00   4.77144976165771e-01
  8.20939643025488e-01   2.49871106977223e-01  -7.44108865407418e+00   3.76969955009183e-01
  6.64371134607362e-01   5.31262290638322e-01  -1.70826660266014e+01   8.65417970791001e-01
  9.30579493184262e-02   5.50256989214398e-02  -9.78541367375426e-01   4.95734847927349e-02
  8.06579845389057e-01   8.85136370534524e-01  -3.97909329977118e+00   2.01583221478056e-01
  6.96093764679112e-01   8.74020107385342e-01  -6.21102419213070e+00   3.14654161388939e-01
  3.77318868491253e-01   5.70963270082290e-01  -1.78385282805870e+01   9.03710399913196e-01
  2.49820876159865e-02   6.12416009889380e-01  -1.45209849264809e+00   7.35641690201796e-02
  5.45922916005209e-01   2.93989287453174e-02  -1.80159845418239e+00   9.12700439129829e-02
  6.46819219998986e-02   4.33908515690725e-01  -3.89798401034078e+00   1.97474176873317e-01
  5.43857151040506e-01   4.55957354742695e-01  -1.93652828425384e+01   9.81056689587325e-01
  3.61499639508833e-01   9.06254381321821e-01  -5.19585058280875e+00   2.63224865539456e-01
  6.60833639628336e-01   2.45504627271910e-01  -1.20398979885298e+01   6.09948357565422e-01
  6.73067555704801e-02   9.10540535742601e-02  -1.16898027268603e+00   5.92212324415455e-02
  7.40826093006867e-01   7.76606297768749e-01  -9.26707396291795e+00   4.69475451411968e-01
  7.08852285862235e-01   9.43013470692407e-01  -2.78517077113843e+00   1.41098399588894e-01
  2.44976375329664e-01   9.21786650466371e-01  -3.34120479558464e+00   1.69267412340046e-01
  3.88906792069282e-01   8.37201767952661e-02  -4.82264929748528e+00   2.44318267556549e-01
  7.76462427840330e-01   3.28642419788247e-01  -1.09471054808891e+01   5.54586842390605e-01
  8.36224705027060e-02   2.78061252018649e-01  -3.92983010155472e+00   1.99087518701406e-01
  8.54215022877861e-01   3.22719089934648e-01  -7.40875306084107e+00   3.75331814719105e-01
  4.44102332973101e-01   6.87515907997130e-01  -1.61595966293141e+01   8.18654728832418e-01
  8.15158909818769e-01   8.56756890183345e-01  -4.71037058204155e+00   2.38630161383249e-01
  9.58527768531234e-01   8.73035974402460e-01  -9.96003068497122e-01   5.04581049057644e-02
  3.47135341572611e-01   6.95676922843731e-01  -1.43014197179243e+01   7.24518386792978e-01
  4.73149398385712e-01   7.07028671072296e-01  -1.56534307792410e+01   7.93012067308049e-01
  2.24910999781052e-01   2.72091100714266e-01  -9.66843594769963e+00   4.89808687095527e-01
  1.89973655875631e-01   6.52173501019874e-01  -9.84996544414025e+00   4.99005078818208e-01
  1.30669405457476e-01   9.29578960788095e-01  -1.72858312948682e+00   8.75710443518904e-02
  8.12712168704971e-02   5.82025603039044e-01  -4.82064879030835e+00   2.44216920679023e-01
  2.80474451652502e-02   2.48037895892357e-01  -1.22068099079491e+00   6.18404214185209e-02
  3.48076518082613e-01   6.54859199012055e-02  -3.58173406419550e+00   1.81452767438185e-01
  1.22801203794634e-01   1.57322419601956e-01  -3.52345067802903e+00   1.78500096601649e-01
  3.87725546494064e-01   7.48431145483697e-01  -1.31628386463744e+01   6.66837195871881e-01
  1.59630950820453e-01   4.50279025826591e-01  -9.37384280691795e+00   4.74884424237071e-01
  5.70577165548478e-01   5.27077039633116e-01  -1.91863586744656e+01   9.71992285341646e-01
  8.87434613690801e-01   7.73312172424162e-01  -4.46704940584787e+00   2.26303366594654e-01
  2.50638640974504e-01   2.36712009176074e-02  -1.03909234591673e+00   5.26410332009884e-02
  4.35364549834662e-01   7.50443352557215e-01  -1.36519040711500e+01   6.91613539730283e-01
  1.51834138298767e-01   4.54600137803114e-01  -8.97058383200442e+00   4.54455085910753e-01
  1.89349431752338e-01   5.11504264316517e-01  -1.10544670356675e+01   5.60025842294519e-01
  3.37997707346842e-01   5.90635397667756e-01  -1.65433727291255e+01   8.38097053175681e-01
  5.36352279673577e-01   1.27260342105599e-01  -7.63312671239738e+00   3.86698716696024e-01
  3.94488582197175e-02   3.02240650378716e-01  -1.98410253880792e+00   1.00515808849893e-01
  3.16495808595449e-01   8.42170379494708e-01  -7.87343800613156e+00   3.98873029057909e-01
  2.81323115582953e-01   3.15929303125233e-01  -1.27800740559322e+01   6.47446115191890e-01
  8.37212054094018e-02   3.20373573596213e-01  -4.33641046290345e+00   2.19685120430198e-01
  1.95151364974338e-01   6.99475582866058e-02  -2.47580702795928e+00   1.25425849271426e-01
  8.66816684377936e-01   2.43633768228679e-01  -5.55656004706976e+00   2.81498620474416e-01
  3.63645578888743e-01   1.49982754538087e-01  -8.15082921590542e+00   4.12925831911043e-01
  4.49139693736539e-01   6.06593387753196e-01  -1.84052638871943e+01   9.32421561150050e-01
  9.16367599622166e-01   1.06913591394279e-01  -1.68978716276853e+00   8.56056177176677e-02
  1.45814103888104e-01   4.93524650576952e-02  -1.34803041267363e+00   6.82920184989808e-02
  2.02011360545994e-01   8.98548935675945e-01  -3.66715571230300e+00   1.85780278685650e-01
  4.53829102721633e-01   5.60723262041831e-01  -1.91775910446028e+01   9.71548112023924e-01
  5.53881445826259e-01   8.57376595202082e-01  -8.42923762092754e+00   4.27030166477451e-01
  6.68567270216792e-01   1.07627515835929e-01  -5.65091899498682e+00   2.86278900619517e-01
  7.66687195875070e-01   9.68495816365827e-01  -1.30502358379449e+00   6.61132670956117e-02
  9.70627667055228e-01   6.38273896447973e-01  -1.64993772088863e+00   8.35868214082888e-02
  3.65099510474434e-01   8.22138805813829e-01  -9.53879234388313e+00   4.83240865400354e-01
  6.22786698758882e-01   2.30292491145291e-01  -1.21071575067555e+01   6.13355764564343e-01
  9.67894668709434e-01   8.61821540591395e-01  -8.35956526320586e-01   4.23500523601694e-02
  5.45950923771345e-01   9.22164685272732e-01  -4.72910107395619e+00   2.39579059188746e-01
  3.14660718647204e-01   8.57095436697071e-02  -4.38581038923583e+00   2.22187749934118e-01
  3.47957226585326e-01   2.55739685925775e-01  -1.26169907319497e+01   6.39184217482772e-01
  4.05969183277733e-01   6.42047278128731e-02  -3.78326006520000e+00   1.91662193916426e-01
  7.35094088990558e-01   5.79799135600158e-01  -1.41395388297860e+01   7.16317405195358e-01
  4.70219915793703e-01   3.02605751068587e-01  -1.59935479395810e+01   8.10242603939409e-01
  6.91025867270472e-01   9.69558596616947e-02  -4.88551721605631e+00   2.47503193517922e-01
  7.81954110712339e-01   6.55511078650060e-01  -1.10276323332351e+01   5.58666380387950e-01
  5.34851957900327e-01   9.23585555568996e-01  -4.66516694155803e+00   2.36340118203882e-01
  4.02781380469811e-02   5.17403395060645e-01  -2.48736760019817e+00   1.26011514702840e-01
  6.22758592670409e-02   7.10799314263902e-01  -3.02614255461479e+00   1.53306172752009e-01
  9.32312300923976e-01   5.92885612368635e-01  -3.98981018728526e+00   2.02126145342000e-01
  6.48502281026912e-01   9.21082528333318e-01  -4.32623874856413e+00   2.19169815361932e-01
  7.55947213713227e-01   4.93013812391083e-01  -1.36912268987711e+01   6.93605657449650e-01
  2.90190465627140e-01   1.02520015160503e-01  -4.93932316623147e+00   2.50229034797296e-01
  6.23456177235635e-01   8.00847370592267e-02  -4.54903996187470e+00   2.30457056686720e-01
  1.97639960321513e-01   6.13824771543369e-01  -1.07572691850502e+01   5.44969623294266e-01
  4.90761160983124e-02   5.20324996008240e-01  -3.02511513198735e+00   1.53254122913653e-01
  8.12375609991527e-01   1.98891661046734e-01  -6.41877697515625e+00   3.25179040329508e-01
  9.69859050582781e-01   1.71878475350206e-01  -9.59500439188946e-01   4.86088601019835e-02
  8.03803672669572e-01   7.56128087873399e-01  -7.91180661761678e+00   4.00816805623107e-01
  8.37625437501488e-01   4.54730915772493e-01  -9.54090357632400e+00   4.83347821685281e-01
  5.38071254518551e-01   7.99718769528372e-01  -1.15335310488931e+01   5.84295508724751e-01
  6.19969858088549e-01   7.71463491307437e-01  -1.20741200781713e+01   6.11682068880014e-01
  4.88712299785771e-02   2.01147287143216e-01  -1.78316012738847e+00   9.03359473654109e-02
  5.99506522902521e-01   5.19710423420717e-01  -1.87465391648297e+01   9.49710768688992e-01
  1.51763267631133e-01   9.48213443934370e-01  -1.46728783230873e+00   7.43336699567602e-02
  6.02775761322623e-01   2.42947608365144e-01  -1.29399835990024e+01   6.55547227281679e-01
  1.55858855911708e-01   6.02608708202065e-01  -8.80542072142939e+00   4.46087824981997e-01
  9.65625367924919e-01   9.26148281301072e-01  -4.89193146731476e-01   2.47828143282765e-02
  1.42752934953993e-01   2.99234227573462e-01  -6.91201040848910e+00   3.50166537968137e-01
  7.20908431325637e-01   2.12439510705336e-02  -1.01191543397022e+00   5.12642347579063e-02
  6.29418060059518e-01   4.27332773560061e-01  -1.76596610328896e+01   8.94648879287420e-01
  3.72910473608498e-01   3.33011777227162e-01  -1.57409254322914e+01   7.97444598212771e-01
  3.13457324986186e-01   6.52715999868704e-02  -3.34866980296195e+00   1.69645594031729e-01
  6.64466032607157e-01   9.15900834983576e-01  -4.48184872880125e+00   2.27053109054025e-01
  9.57774814330163e-01   6.54047453701369e-01  -2.31099735293147e+00   1.17076493596663e-01
  2.50346130741286e-01   2.84483355819247e-01  -1.08906799577607e+01   5.51728291995099e-01
  2.46162271632988e-01   5.79672605339160e-01  -1.33587663626747e+01   6.76763009933826e-01
  1.86041973821008e-01   3.24099189907886e-01  -9.27015340659031e+00   4.69631457850890e-01
  6.63981594121548e-01   7.26005055486706e-01  -1.30264332043477e+01   6.59926815451182e-01
  3.60173621796833e-01   7.08581977785789e-01  -1.41648780889774e+01   7.17601107062302e-01
  5.86938456316261e-01   2.04427998328760e-01  -1.13851712062762e+01   5.76779511295282e-01
  7.02739548042075e-02   1.76844698673211e-01  -2.27984865872768e+00   1.15498482313842e-01
  2.82927699291783e-01   8.60423109258102e-01  -6.50637691019228e+00   3.29616904881929e-01
  7.54240429051311e-01   2.72078955047052e-01  -1.03887022940774e+01   5.26297806471898e-01
  5.39055329306931e-02   5.02736875094040e-01  -3.32674144948251e+00   1.68534690666797e-01
  5.23757066073796e-01   1.06740435626181e-01  -6.47780347334204e+00   3.28169357660731e-01
  4.66002542471365e-01   7.74211565167610e-01  -1.27834674391676e+01   6.47618025994871e-01
  7.97187596072736e-01   6.96232648478714e-01  -9.58135874280456e+00   4.85397304361410e-01
  7.20324691783498e-01   3.40880003718750e-01  -1.33369650845725e+01   6.75658544282708e-01
  2.05015796672980e-01   7.61248545561395e-01  -8.07971271356297e+00   4.09323027814123e-01
  6.00082515702306e-02   8.22395505581945e-01  -1.95860183733578e+00   9.92239282214596e-02
  2.17357776735994e-01   4.43759414318989e-01  -1.22616527098696e+01   6.21182582987635e-01
  6.82948578621580e-01   2.57563068493322e-01  -1.19901354543205e+01   6.07427358131857e-01
  6.32025482801945e-01   1.79475070803441e-01  -9.65481146641345e+00   4.89118462810313e-01
  7.10692055123789e-01   3.62403305280980e-01  -1.41384388744520e+01   7.16261680807161e-01
  4.55913036881324e-01   8.74240314998290e-01  -7.52461622767997e+00   3.81201511321439e-01
  4.44925999444875e-01   1.41967660606018e-01  -8.38766019786553e+00   4.24923829618730e-01
  6.57238817914098e-01   8.40158265198809e-01  -8.36503497936676e+00   4.23777622659500e-01
  1.70728482904077e-01   9.74273681713319e-01  -8.14354898231289e-01   4.12557010968649e-02
  4.17683444411041e-01   3.67645746584458e-01  -1.74568273799641e+01   8.84373206388966e-01
  7.64835692653922e-02   2.50086952314912e-01  -3.32249492076996e+00   1.68319559009034e-01
  7.56079551992451e-01   4.31147709955758e-02  -1.84844548539987e+00   9.36433422395251e-02
  1.55730697961622e-01   4.68196492456670e-01  -9.23032115253755e+00   4.67613532287006e-01
  3.26094713087645e-01   8.22838155278494e-01  -8.90982597448266e+00   4.51377056890914e-01
  1.53587217680795e-01   6.59867349506254e-02  -1.88513172624961e+00   9.55018889126671e-02
  2.06576712165012e-01   8.56168281373528e-02  -3.17026238372836e+00   1.60607368588068e-01
  9.47975034288552e-01   2.86091775693447e-01  -2.51350365937800e+00   1.27335582928763e-01
  6.21706648804913e-01   3.67697339270591e-01  -1.67545464114677e+01   8.48795236900193e-01
  3.09873278602639e-01   7.29975127567603e-01  -1.22437795584866e+01   6.20277118560862e-01
  3.48322132134990e-01   6.85086129649837e-01  -1.46576909707145e+01   7.42567299308202e-01
  2.79222282590654e-01   4.73787639351484e-01  -1.51270986694879e+01   7.66347771133473e-01
  1.18773573793882e-01   3.41647627226259e-01  -6.32351701426322e+00   3.20353114333805e-01
  2.83699409956718e-01   6.73359542566848e-01  -1.31330549564584e+01   6.65328336514117e-01
  9.14307111091225e-01   1.43446813225017e-01  -2.28668209781165e+00   1.15844668382010e-01
  8.70112986725907e-01   5.11423077549181e-01  -7.82791100744440e+00   3.96566604360576e-01
  8.51951615390239e-01   5.06963889340166e-01  -8.85129306583643e+00   4.48411745097882e-01
  2.62518846654172e-01   7.37436749092124e-01  -1.06465022084482e+01   5.39358102705366e-01
  2.66445768608993e-01   4.51173780897130e-01  -1.44877915738607e+01   7.33960095313529e-01
  5.66646906992221e-01   9.41352728989532e-02  -5.62720933175198e+00   2.85077755048160e-01
  5.96583671296807e-01   3.59820129041129e-01  -1.70401333090779e+01   8.63263238149500e-01
  2.33271582408598e-01   1.92212185161900e-01  -7.49818310675430e+00   3.79862393771663e-01
  8.65115654773343e-02   4.95639653066508e-01  -5.29850278697006e+00   2.68425286954016e-01
  3.61239199256858e-02   3.67343896873879e-02  -2.57395011222887e-01   1.30397836003679e-02
  3.86581693109526e-01   5.08717087070135e-02  -2.94396552168873e+00   1.49143035629867e-01
  7.66821737592262e-01   7.31438983837975e-01  -9.86262031141099e+00   4.99646181883562e-01
  1.10585063526219e-01   2.31681882531819e-01  -4.47094944905492e+00   2.26500945091651e-01
  8.96659056200185e-01   4.29715229674643e-02  -8.47435283297837e-01   4.29315729820083e-02
  8.58197763448025e-02   9.55652760277212e-01  -7.30135219930724e-01   3.69890823511698e-02
  7.18433144784554e-01   3.65580745290048e-01  -1.39295476553746e+01   7.05679128022452e-01
  9.08408063070856e-01   3.45684624422663e-01  -4.95629996747094e+00   2.51089089595318e-01
  3.16304897764801e-01   3.06674450544266e-01  -1.35840622750922e+01   6.88176634191785e-01
  8.91015387908671e-01   6.01432029600241e-02  -1.24473079239873e+00   6.30587986009521e-02
  7.81177267384244e-01   6.93427985597356e-01  -1.02835130226243e+01   5.20968855726846e-01
  9.74207509703516e-01   1.50383159978214e-01  -7.27057538473089e-01   3.68331651870889e-02
  8.27795762550979e-01   5.35535827626943e-01  -1.01022061679625e+01   5.11783743168441e-01
  5.51348971624150e-01   2.44591231634290e-01  -1.35404384528436e+01   6.85966625539172e-01
  1.22245146984811e-01   6.34963599793393e-01  -6.74086410712518e+00   3.41496165053037e-01
  5.21683993713172e-01   1.57260128254561e-01  -9.33848550433503e+00   4.73093202363019e-01
  4.57719505459406e-02   1.09449282935694e-01  -9.53569589070951e-01   4.83083997250032e-02
  7.01486203932611e-01   5.52282837282407e-01  -1.57008098358136e+01   7.95412318353946e-01
  4.80959029710911e-01   5.77291502595224e-01  -1.91258725442422e+01   9.68928022187553e-01
  6.49972623105346e-01   1.84374498939213e-01  -9.62760039901179e+00   4.87739934031659e-01
  5.82476926356390e-01   7.86241367312757e-02  -4.66514892573792e+00   2.36339205511773e-01
  6.73847675590728e-01   4.40549914583339e-01  -1.65743317830625e+01   8.39665457170353e-01
  8.95250856528347e-01   1.69974098201821e-01  -3.24680678233476e+00   1.64485153122064e-01
  1.43425128393646e-01   3.72050385628891e-01  -7.91106829254995e+00   4.00779401638265e-01
  6.89903024960637e-01   8.75144693125114e-01  -6.24209250160712e+00   3.16228100333897e-01
  2.96511730432390e-01   2.02881458634286e-01  -9.42688457597658e+00   4.77571551648822e-01
  8.19332625506566e-01   7.67177509128645e-01  -7.08795932606890e+00   3.59080214263024e-01
  1.80073991593849e-01   7.36992504577432e-01  -7.78106571482229e+00   3.94193394112304e-01
  4.91959926520670e-01   3.46275231449704e-01  -1.74761219136780e+01   8.85350678885827e-01
  3.60098390188725e-02   5.72050558686503e-01  -2.17146076527239e+00   1.10007487485148e-01
  4.85245954090720e-02   3.55878056198106e-01  -2.69545839286941e+00   1.36553517412101e-01
  4.48698846209679e-01   4.75086910370898e-01  -1.94237570053446e+01   9.84019025281334e-01
  4.63983991722172e-01   4.21933041352442e-01  -1.90260810123660e+01   9.63872524123967e-01
  7.86282598531887e-02   3.86617480399850e-01  -4.52353492171712e+00   2.29164956257914e-01
  8.46833364076746e-02   6.10404078693047e-01  -4.88065480179314e+00   2.47256860733670e-01
  6.10361589749592e-01   5.27144529134281e-01  -1.84971726743559e+01   9.37077714701225e-01
  1.50599886531168e-01   2.07816994757006e-01  -5.46394853891959e+00   2.76806866662077e-01
  7.05956349128300e-01   8.57012548082431e-01  -6.83924428134970e+00   3.46480162902720e-01
  2.06244303433293e-01   5.10125111466979e-02  -1.90109121649827e+00   9.63104061338284e-02
  2.24659792616031e-01   9.53470579157019e-01  -1.86491857520152e+00   9.44778787179999e-02
  1.17367534443292e-01   3.72864387516471e-01  -6.55448830049875e+00   3.32054256388194e-01
  1.27054766473761e-01   4.85129364233307e-01  -7.66306190415484e+00   3.88215251226738e-01
  7.06849713746609e-01   5.36514084145270e-01  -1.56127152716169e+01   7.90949395595514e-01
  3.61620896663800e-01   2.34906174540066e-01  -1.20451308714908e+01   6.10213458513155e-01
  9.28126410358496e-02   5.43868609102364e-01  -5.62053718672620e+00   2.84739740232437e-01
  1.89871214163023e-01   1.39856319835557e-01  -4.71671369947087e+00   2.38951507466209e-01
  6.45629459390783e-01   4.44414530650742e-01  -1.74398156273436e+01   8.83511380933296e-01
  8.89425262463532e-01   8.19078401084669e-01  -3.61713698604549e+00   1.83246300411304e-01
  1.67608998179377e-01   3.71692323226157e-01  -9.12509789538719e+00   4.62282859806418e-01
  1.43275356449764e-01   8.75437807913707e-01  -3.27552371366315e+00   1.65939969858448e-01
  3.48650313962301e-01   5.15702749541485e-01  -1.75282578456287e+01   8.87991916053597e-01
  7.69572022583766e-01   4.82469714559901e-01  -1.30538476640319e+01   6.61315648203237e-01
  4.89425013870250e-01   9.03337490897887e-01  -5.89932551183533e+00   2.98863321775298e-01
  7.45750224644594e-01   2.91768735774844e-01  -1.12230211258614e+01   5.68564892257618e-01
  3.10788154743659e-01   5.32391618886636e-01  -1.62687388964698e+01   8.24183940679228e-01
  1.84187957714237e-01   3.53360881828145e-01  -9.66976017842817e+00   4.89875773407943e-01
  7.58183005889884e-01   6.05754301545504e-01  -1.28509305787097e+01   6.51035748570189e-01
  9.64351672156363e-01   8.07472150922319e-01  -1.25442078331417e+00   6.35496992754700e-02
  2.76163577535627e-01   4.01464606210335e-01  -1.43409089186148e+01   7.26518933070507e-01
  8.71019965165988e-01   3.90645211689102e-01  -7.32659990277702e+00   3.71169887111602e-01
  5.74052128202359e-01   8.03798781998861e-01  -1.11036083232659e+01   5.62515369007107e-01
  8.94227980476191e-01   2.89128592737537e-02  -5.84079541895950e-01   2.95898152630860e-02
  5.97573535842874e-01   1.10712691060102e-01  -6.41435624587252e+00   3.24955083567713e-01
  7.75474690525033e-01   1.26364047460530e-01  -4.94789358352629e+00   2.50663217209606e-01
  7.50899757263439e-01   9.26071440333934e-01  -3.20357064427899e+00   1.62294784780097e-01
  3.36585676970759e-01   5.03461920692953e-01  -1.71935883362967e+01   8.71037360646336e-01
  9.04825010423775e-01   7.27875123136438e-01  -4.38708777856133e+00   2.22252463233334e-01
  2.20021456484059e-01   5.07955583862561e-01  -1.25793404936724e+01   6.37276834129439e-01
  8.26875516048679e-01   7.34679015247735e-01  -7.56178883796193e+00   3.83084697757860e-01
  1.49112432927323e-01   7.98005471690937e-01  -5.28361653385698e+00   2.67671140561308e-01
  1.78373917765526e-01   4.86214759004702e-01  -1.04816822792551e+01   5.31008227548520e-01
  3.19485392597691e-01   3.59315381115437e-02  -1.87541542251726e+00   9.50096552152720e-02
  6.81685302306344e-01   3.75860836557020e-01  -1.53628957723819e+01   7.78293391915802e-01
  3.28408478143621e-01   7.98834002954383e-01  -1.00071666979046e+01   5.06968987368940e-01
  9.77499936656917e-01   1.26783969822168e-01  -5.40718647163473e-01   2.73931266740434e-02
  8.64578197878404e-02   7.40892827954890e-01  -3.85028071107594e+00   1.95057499500738e-01
  4.30538763766864e-01   3.21450207890540e-01  -1.63179911733750e+01   8.26679090175788e-01
  4.10894765488995e-01   6.89992572599255e-01  -1.56906644964324e+01   7.94898349456670e-01
  6.18244778667762e-01   7.84915957620793e-01  -1.15037787710616e+01   5.82788240721779e-01
  3.55938145746935e-01   7.03829760615376e-01  -1.42349882995950e+01   7.21152931824898e-01
