# DNNF90 training history: one row per validation event
#  1:epoch  2:patience
#  3:cost_train    4:cost_val    5:cost_input   (per point;
#    the composite objective, Loss_term weights applied --
#    the same sum the optimizer descends)
#  6:cost_train_f  7:cost_train_df  8:cost_val_f  9:cost_val_df
# 10:cost_input_f 11:cost_input_df
# 12:rmse_train_f 13:rmse_train_df 14:rmse_val_f 15:rmse_val_df
# 16:rmse_input_f 17:rmse_input_df
# 18:mae_train_f  19:mae_train_df  20:mae_val_f  21:mae_val_df
# 22:mae_input_f  23:mae_input_df
1  0    0.75638E+00    0.84795E+00    0.76554E+00    0.80944E+00    0.27072E+00    0.88041E+00    0.31971E+00    0.81653E+00    0.27562E+00    0.12723E+01    0.11634E+01    0.13270E+01    0.12643E+01    0.12779E+01    0.11739E+01    0.12329E+01    0.10021E+01    0.12934E+01    0.11369E+01    0.12390E+01    0.10156E+01
50  0    0.28379E+00    0.32955E+00    0.28837E+00    0.43953E-01    0.25742E+00    0.50237E-01    0.29941E+00    0.44581E-01    0.26162E+00    0.29649E+00    0.11345E+01    0.31698E+00    0.12235E+01    0.29860E+00    0.11437E+01    0.25008E+00    0.97821E+00    0.26097E+00    0.10951E+01    0.25117E+00    0.98990E+00
100  0    0.50098E-02    0.47924E-02    0.49881E-02    0.55165E-03    0.46788E-02    0.44914E-03    0.45229E-02    0.54140E-03    0.46632E-02    0.33216E-01    0.15295E+00    0.29971E-01    0.15038E+00    0.32906E-01    0.15270E+00    0.28069E-01    0.13344E+00    0.25254E-01    0.13551E+00    0.27788E-01    0.13365E+00
150  0    0.10624E-02    0.21375E-02    0.11699E-02    0.55145E-04    0.10294E-02    0.35015E-04    0.21165E-02    0.53132E-04    0.11381E-02    0.10502E-01    0.71741E-01    0.83683E-02    0.10287E+00    0.10308E-01    0.75434E-01    0.83334E-02    0.50658E-01    0.67093E-02    0.70047E-01    0.81710E-02    0.52597E-01
200  0    0.69082E-03    0.12596E-02    0.74769E-03    0.35778E-04    0.66935E-03    0.26150E-04    0.12439E-02    0.34815E-04    0.72680E-03    0.84591E-02    0.57851E-01    0.72318E-02    0.78863E-01    0.83445E-02    0.60283E-01    0.67820E-02    0.44423E-01    0.62961E-02    0.57428E-01    0.67334E-02    0.45724E-01
250  0    0.51960E-03    0.91106E-03    0.55875E-03    0.24123E-04    0.50513E-03    0.19753E-04    0.89921E-03    0.23686E-04    0.54454E-03    0.69460E-02    0.50256E-01    0.62854E-02    0.67052E-01    0.68828E-02    0.52179E-01    0.57043E-02    0.39764E-01    0.55122E-02    0.51074E-01    0.56851E-02    0.40895E-01
300  0    0.41205E-03    0.69458E-03    0.44030E-03    0.18120E-04    0.40118E-03    0.16039E-04    0.68496E-03    0.17912E-04    0.42956E-03    0.60199E-02    0.44787E-01    0.56638E-02    0.58522E-01    0.59853E-02    0.46344E-01    0.50507E-02    0.36191E-01    0.49100E-02    0.45342E-01    0.50366E-02    0.37106E-01
350  0    0.33177E-03    0.54444E-03    0.35304E-03    0.14222E-04    0.32324E-03    0.13211E-04    0.53651E-03    0.14121E-04    0.34457E-03    0.53333E-02    0.40202E-01    0.51403E-02    0.51793E-01    0.53143E-02    0.41507E-01    0.45404E-02    0.32891E-01    0.43794E-02    0.40414E-01    0.45243E-02    0.33643E-01
400  0    0.26839E-03    0.43161E-03    0.28471E-03    0.11334E-04    0.26159E-03    0.10862E-04    0.42509E-03    0.11287E-04    0.27794E-03    0.47610E-02    0.36166E-01    0.46609E-02    0.46103E-01    0.47511E-02    0.37279E-01    0.40912E-02    0.29803E-01    0.39117E-02    0.36168E-01    0.40733E-02    0.30439E-01
450  0    0.21760E-03    0.34390E-03    0.23023E-03    0.90935E-05    0.21214E-03    0.89105E-05    0.33855E-03    0.90752E-05    0.22478E-03    0.42646E-02    0.32568E-01    0.42215E-02    0.41143E-01    0.42603E-02    0.33525E-01    0.36896E-02    0.26993E-01    0.35233E-02    0.32350E-01    0.36730E-02    0.27529E-01
500  0    0.17672E-03    0.27486E-03    0.18654E-03    0.73275E-05    0.17233E-03    0.72967E-05    0.27048E-03    0.73244E-05    0.18214E-03    0.38282E-02    0.29354E-01    0.38201E-02    0.36775E-01    0.38274E-02    0.30178E-01    0.33289E-02    0.24441E-01    0.31859E-02    0.28969E-01    0.33146E-02    0.24894E-01
550  1    0.22393E-03    0.32622E-03    0.23416E-03    0.67064E-04    0.18369E-03    0.72592E-04    0.28267E-03    0.67617E-04    0.19359E-03    0.11581E-01    0.30306E-01    0.12049E-01    0.37594E-01    0.11629E-01    0.31112E-01    0.93218E-02    0.24185E-01    0.91235E-02    0.28038E-01    0.93019E-02    0.24570E-01
600  1    0.12436E-03    0.18538E-03    0.13046E-03    0.52155E-05    0.12123E-03    0.51582E-05    0.18229E-03    0.52098E-05    0.12734E-03    0.32297E-02    0.24620E-01    0.32119E-02    0.30190E-01    0.32279E-02    0.25232E-01    0.28237E-02    0.20663E-01    0.27694E-02    0.23906E-01    0.28183E-02    0.20987E-01
650  1    0.10527E-03    0.15605E-03    0.11035E-03    0.42778E-05    0.10270E-03    0.43567E-05    0.15343E-03    0.42857E-05    0.10778E-03    0.29250E-02    0.22661E-01    0.29519E-02    0.27698E-01    0.29277E-02    0.23214E-01    0.25679E-02    0.19044E-01    0.24740E-02    0.21938E-01    0.25585E-02    0.19334E-01
700  1    0.89209E-04    0.13086E-03    0.93375E-04    0.36093E-05    0.87044E-04    0.36789E-05    0.12865E-03    0.36163E-05    0.91205E-04    0.26868E-02    0.20862E-01    0.27125E-02    0.25363E-01    0.26893E-02    0.21355E-01    0.23631E-02    0.17552E-01    0.22908E-02    0.20108E-01    0.23559E-02    0.17808E-01
750  1    0.75581E-04    0.10995E-03    0.79018E-04    0.30427E-05    0.73755E-04    0.31045E-05    0.10809E-03    0.30489E-05    0.77189E-04    0.24669E-02    0.19204E-01    0.24918E-02    0.23248E-01    0.24694E-02    0.19645E-01    0.21718E-02    0.16158E-01    0.21183E-02    0.18476E-01    0.21664E-02    0.16390E-01
800  1    0.63996E-04    0.92424E-04    0.66839E-04    0.25612E-05    0.62459E-04    0.26139E-05    0.90855E-04    0.25665E-05    0.65299E-04    0.22633E-02    0.17672E-01    0.22864E-02    0.21314E-01    0.22656E-02    0.18069E-01    0.19951E-02    0.14857E-01    0.19543E-02    0.16973E-01    0.19911E-02    0.15069E-01
850  1    0.54132E-04    0.77671E-04    0.56486E-04    0.21510E-05    0.52841E-04    0.21949E-05    0.76354E-04    0.21554E-05    0.55193E-04    0.20741E-02    0.16254E-01    0.20952E-02    0.19539E-01    0.20762E-02    0.16612E-01    0.18303E-02    0.13656E-01    0.17988E-02    0.15575E-01    0.18271E-02    0.13848E-01
900  1    0.45720E-04    0.65215E-04    0.47669E-04    0.18007E-05    0.44639E-04    0.18369E-05    0.64113E-04    0.18044E-05    0.46587E-04    0.18978E-02    0.14940E-01    0.19167E-02    0.17904E-01    0.18997E-02    0.15262E-01    0.16770E-02    0.12532E-01    0.16517E-02    0.14274E-01    0.16745E-02    0.12706E-01
950  1    0.38540E-04    0.54736E-04    0.40159E-04    0.15037E-05    0.37637E-04    0.15320E-05    0.53817E-04    0.15065E-05    0.39255E-04    0.17342E-02    0.13718E-01    0.17504E-02    0.16404E-01    0.17358E-02    0.14010E-01    0.15324E-02    0.11483E-01    0.15104E-02    0.13070E-01    0.15302E-02    0.11642E-01
1000  2    0.75429E-04    0.10152E-03    0.78038E-04    0.40899E-04    0.50890E-04    0.42470E-04    0.76034E-04    0.41056E-04    0.53404E-04    0.90442E-02    0.15951E-01    0.92163E-02    0.19498E-01    0.90616E-02    0.16341E-01    0.74655E-02    0.12340E-01    0.72446E-02    0.15275E-01    0.74434E-02    0.12633E-01
1050  2    0.27935E-04    0.39421E-04    0.29084E-04    0.13773E-05    0.27109E-04    0.14726E-05    0.38538E-04    0.13868E-05    0.28252E-04    0.16597E-02    0.11642E-01    0.17162E-02    0.13881E-01    0.16654E-02    0.11885E-01    0.13766E-02    0.96645E-02    0.13917E-02    0.11036E-01    0.13781E-02    0.98016E-02
1100  2    0.23721E-04    0.33011E-04    0.24650E-04    0.88274E-06    0.23192E-04    0.90017E-06    0.32471E-04    0.88448E-06    0.24120E-04    0.13287E-02    0.10768E-01    0.13418E-02    0.12742E-01    0.13300E-02    0.10982E-01    0.11793E-02    0.89294E-02    0.11717E-02    0.10103E-01    0.11785E-02    0.90467E-02
1150  2    0.20275E-04    0.28126E-04    0.21060E-04    0.74226E-06    0.19829E-04    0.75644E-06    0.27672E-04    0.74368E-06    0.20614E-04    0.12184E-02    0.99573E-02    0.12300E-02    0.11763E-01    0.12196E-02    0.10152E-01    0.10830E-02    0.82242E-02    0.10764E-02    0.92967E-02    0.10823E-02    0.83314E-02
1200  2    0.17272E-04    0.23861E-04    0.17930E-04    0.61989E-06    0.16900E-04    0.63187E-06    0.23482E-04    0.62109E-06    0.17558E-04    0.11135E-02    0.91923E-02    0.11242E-02    0.10836E-01    0.11145E-02    0.93696E-02    0.99102E-03    0.75564E-02    0.98578E-03    0.85323E-02    0.99049E-03    0.76539E-02
1250  2    0.14667E-04    0.20160E-04    0.15217E-04    0.51396E-06    0.14359E-04    0.52433E-06    0.19846E-04    0.51500E-06    0.14908E-04    0.10139E-02    0.84732E-02    0.10240E-02    0.99614E-02    0.10149E-02    0.86336E-02    0.90363E-03    0.69244E-02    0.89979E-03    0.78094E-02    0.90325E-03    0.70129E-02
1300  2    0.12422E-04    0.16972E-04    0.12877E-04    0.42316E-06    0.12168E-04    0.43212E-06    0.16713E-04    0.42405E-06    0.12622E-04    0.91995E-03    0.78000E-02    0.92964E-03    0.91414E-02    0.92093E-03    0.79443E-02    0.82122E-03    0.63276E-02    0.81828E-03    0.71287E-02    0.82093E-03    0.64077E-02
1350  2    0.10497E-04    0.14244E-04    0.10872E-04    0.34610E-06    0.10289E-04    0.35397E-06    0.14032E-04    0.34689E-06    0.10664E-04    0.83199E-03    0.71726E-02    0.84139E-03    0.83762E-02    0.83293E-03    0.73019E-02    0.74373E-03    0.57668E-02    0.74170E-03    0.64908E-02    0.74352E-03    0.58392E-02
1400  3    0.40632E-03    0.39627E-03    0.40531E-03    0.51486E-03    0.97399E-04    0.50865E-03    0.91079E-04    0.51424E-03    0.96767E-04    0.32089E-01    0.22068E-01    0.31895E-01    0.21340E-01    0.32070E-01    0.21996E-01    0.29860E-01    0.20809E-01    0.29242E-01    0.19708E-01    0.29798E-01    0.20699E-01
1450  3    0.90807E-05    0.12062E-04    0.93789E-05    0.22779E-05    0.77140E-05    0.23632E-05    0.10645E-04    0.22865E-05    0.80070E-05    0.21344E-02    0.62105E-02    0.21740E-02    0.72954E-02    0.21384E-02    0.63273E-02    0.18979E-02    0.46999E-02    0.19999E-02    0.56269E-02    0.19081E-02    0.47926E-02
1500  3    0.64459E-05    0.82719E-05    0.66285E-05    0.17916E-06    0.63384E-05    0.20079E-06    0.81514E-05    0.18133E-06    0.65197E-05    0.59861E-03    0.56296E-02    0.63370E-03    0.63841E-02    0.60221E-03    0.57095E-02    0.53159E-03    0.42879E-02    0.55967E-03    0.48233E-02    0.53440E-03    0.43415E-02
