1500
func 0
Activation_out 0
4
1
12
12
1
 #l=           2
 -2.56288233590088566E-01 -9.37076843419742955E-02
  3.62392441863407910E-01  1.17092401859966860E-01
  5.10464214133889871E-01  7.51057207324154485E-01
 -2.70783967509910906E-01 -1.10830224611752223E-01
  6.67342103910264273E-01 -6.06613358051185658E-01
 -7.67654256867062595E-02  2.83704194404192034E-01
 -4.91437954314796921E-01 -7.49307183051083014E-01
 -2.40427089965225271E-01 -1.28386432653108368E-01
  2.31246184131613824E-01  1.01913753965434700E-01
  8.64535836430868065E-02 -1.29083049421656160E-01
  1.94730040139340171E-01  1.67701560453542342E-01
 -2.16079716725928017E-01 -6.42871497847979922E-02
 #l=           3
 -2.09440480250262573E-01  3.93427116137692212E-01 -3.32360823728059251E-01 -4.79904612618745688E-02  6.04584348516249759E-01 -1.07809176136125368E-01 -8.83811928844313449E-02 -2.27670647866092979E-01 -1.01179599787021457E-01 -3.82819943521533645E-01 -2.95295069274508215E-01 -6.17323949080960388E-02  1.18117033175871433E+00
 -1.89838469902657292E-01  1.94943185547499509E-01 -7.74921628595986178E-02  6.29760635034044225E-01  5.20113564999031830E-01  9.91414940146536861E-01 -1.11026912731026578E-01 -7.40733445832574056E-01  2.73570680077921902E-01 -4.31520461928011578E-01  1.53381598897060073E-01 -2.19526869188195028E-01 -4.71757625683938420E-01
 -2.18981727549524718E-01  3.14872965367944818E-02 -5.72422177362525431E-01  3.28879780603372265E-02  1.67281171036594623E-01  1.24843254754392868E-01 -2.82816257469872101E-01 -2.42100534751674368E-01  3.52240260326052712E-01 -1.90199274813542124E-01 -1.20439568308453260E-01 -2.89206267205776059E-02  3.61687210249842572E-01
 -2.14755609274592585E-01  4.68348458958242675E-01  6.12141586721591177E-02  1.56125451815320115E-01  1.81858309312455474E-01  4.67106018084126051E-02  1.94439061804920127E-01 -1.35793729817116543E-01  9.69348605086783194E-02 -5.57661202351315777E-01  2.44637525503352271E-01 -6.27073390452399293E-01  5.49349330656393464E-01
  1.54795244011316419E-01 -1.65318482320237561E-02  4.01969966064989637E-01 -7.40972308947931979E-02 -2.29941748083268976E-01  3.30708952464902672E-01 -1.41496351257289738E-01 -2.91166983720682948E-01  3.63245037426487005E-01 -8.39128054680549594E-03  4.24382680711532338E-03  1.01929680795997624E-01 -8.01979664220184296E-02
 -2.14155398410204922E-01  9.98753298786593524E-02 -4.46333547204021630E-01 -6.39950484412440956E-02  5.99606892581181383E-01  8.45856728909032823E-02  2.54932683040761277E-01 -1.02977092753698707E-01 -1.35129023176529750E-01 -7.32599756028515570E-01 -7.20024232867518932E-01 -3.03281449893553656E-01  5.59025722882931786E-02
 -2.12996075314259681E-01  1.72005656100973681E-01 -3.03650528951408594E-01 -1.77577400016873055E-01 -6.35765347182087742E-02 -2.49360160774194872E-01 -1.48428458289051129E-01 -3.99430783139372358E-01  4.14872340911392246E-01 -4.80212099395403436E-01  5.96466944988581771E-01 -2.45559935370361665E-01  4.93834724285787952E-01
 -4.87121399386118370E-01  7.78210365289120909E-01 -5.22798137883047631E-01 -9.01285385935189476E-01  1.19982708923244230E+00  1.61715994261236923E-01  5.40211914309973451E-02  1.01289424026436325E+00  9.09959117093962933E-01 -8.67419540490416252E-01 -4.69740256289150754E-02 -8.57788674273587626E-01  6.74266065876760606E-02
 -1.05011264279744831E-01 -3.40953920738633343E-01 -6.46664513188671908E-01  8.11001380584350562E-01  2.26263176735298555E-01  1.58619702115290528E+00 -7.52873421360214179E-01 -5.55113565304211409E-01  2.14574130643430949E-01  2.26809374823515569E-01  3.48439002165610634E-01 -2.72298159681174656E-01  2.67454472618076755E-01
 -2.11797034571699433E-01  4.89034209773665351E-01  2.01216777041772765E-01  1.52612855704368500E-01  3.70324177378690833E-01  2.82906231515289874E-01  2.78425395144588084E-02 -7.13893594740577231E-02  4.84461233542791692E-01 -5.47465782280539104E-01 -5.50145349759401991E-01  1.93086025835277841E-01  8.66015092311892887E-01
 -2.03909239360915318E-01  5.61743876419859567E-01 -2.46227046140409495E-01  3.15596832934880889E-01 -2.79062919938028548E-03  1.52865854178322297E-01 -3.62728719047306358E-01 -4.93371410926093545E-01  6.26715749361449359E-01 -1.74767112927204260E-01  2.83772746767043005E-01 -3.46517281155571288E-01  4.90490382985877771E-01
 -1.95480517034189283E-01  8.15412922203685775E-01 -4.17458028417124316E-01  5.30832082391642146E-01  2.69289635476261113E-01  5.06913712053245424E-01  8.94278114676788222E-02 -2.47162608045227411E-01  1.43066092231312503E-01 -6.54948779245692170E-01 -2.87075850560078838E-01 -1.70286883934988531E-01 -2.55712357220343293E-02
 #l=           4
  2.16315608028289336E-01 -1.09229434497378608E+00 -1.21199586582218499E+00 -3.32939862953305410E-01 -4.13314510443442751E-01  6.47227118468937934E-02 -5.80279096361112523E-01 -9.78792224454142934E-01  7.24674770450856709E-01 -8.13655192298451957E-01 -6.75727625113979880E-01 -8.11691477840930875E-01 -1.26935176999907839E+00
