# DNNF90 training history: one row per validation event
#  1:epoch  2:patience
#  3:cost_train    4:cost_val    5:cost_input   (per point;
#    the composite objective, Loss_term weights applied --
#    the same sum the optimizer descends)
#  6:cost_train_f  7:cost_train_df  8:cost_val_f  9:cost_val_df
# 10:cost_input_f 11:cost_input_df
# 12:rmse_train_f 13:rmse_train_df 14:rmse_val_f 15:rmse_val_df
# 16:rmse_input_f 17:rmse_input_df
# 18:mae_train_f  19:mae_train_df  20:mae_val_f  21:mae_val_df
# 22:mae_input_f  23:mae_input_df
1  0    0.28298E+00    0.35691E+00    0.29037E+00    0.28298E+00    0.00000E+00    0.35691E+00    0.00000E+00    0.29037E+00    0.00000E+00    0.75230E+00    0.00000E+00    0.84487E+00    0.00000E+00    0.76206E+00    0.00000E+00    0.53700E+00    0.00000E+00    0.58621E+00    0.00000E+00    0.54192E+00    0.00000E+00
10  0    0.72012E-01    0.87624E-01    0.73573E-01    0.72012E-01    0.00000E+00    0.87624E-01    0.00000E+00    0.73573E-01    0.00000E+00    0.37950E+00    0.00000E+00    0.41863E+00    0.00000E+00    0.38360E+00    0.00000E+00    0.32204E+00    0.00000E+00    0.34769E+00    0.00000E+00    0.32460E+00    0.00000E+00
20  0    0.61232E-01    0.72201E-01    0.62329E-01    0.61232E-01    0.00000E+00    0.72201E-01    0.00000E+00    0.62329E-01    0.00000E+00    0.34995E+00    0.00000E+00    0.38000E+00    0.00000E+00    0.35307E+00    0.00000E+00    0.30235E+00    0.00000E+00    0.31288E+00    0.00000E+00    0.30341E+00    0.00000E+00
30  0    0.54843E-01    0.66719E-01    0.56030E-01    0.54843E-01    0.00000E+00    0.66719E-01    0.00000E+00    0.56030E-01    0.00000E+00    0.33119E+00    0.00000E+00    0.36529E+00    0.00000E+00    0.33475E+00    0.00000E+00    0.28311E+00    0.00000E+00    0.29730E+00    0.00000E+00    0.28453E+00    0.00000E+00
40  0    0.51032E-01    0.62618E-01    0.52190E-01    0.51032E-01    0.00000E+00    0.62618E-01    0.00000E+00    0.52190E-01    0.00000E+00    0.31947E+00    0.00000E+00    0.35389E+00    0.00000E+00    0.32308E+00    0.00000E+00    0.27048E+00    0.00000E+00    0.28694E+00    0.00000E+00    0.27213E+00    0.00000E+00
50  0    0.47958E-01    0.59421E-01    0.49104E-01    0.47958E-01    0.00000E+00    0.59421E-01    0.00000E+00    0.49104E-01    0.00000E+00    0.30970E+00    0.00000E+00    0.34473E+00    0.00000E+00    0.31338E+00    0.00000E+00    0.26587E+00    0.00000E+00    0.28043E+00    0.00000E+00    0.26733E+00    0.00000E+00
60  0    0.45146E-01    0.55271E-01    0.46159E-01    0.45146E-01    0.00000E+00    0.55271E-01    0.00000E+00    0.46159E-01    0.00000E+00    0.30049E+00    0.00000E+00    0.33248E+00    0.00000E+00    0.30384E+00    0.00000E+00    0.25697E+00    0.00000E+00    0.27031E+00    0.00000E+00    0.25830E+00    0.00000E+00
70  0    0.43519E-01    0.51412E-01    0.44308E-01    0.43519E-01    0.00000E+00    0.51412E-01    0.00000E+00    0.44308E-01    0.00000E+00    0.29502E+00    0.00000E+00    0.32066E+00    0.00000E+00    0.29768E+00    0.00000E+00    0.25096E+00    0.00000E+00    0.26447E+00    0.00000E+00    0.25231E+00    0.00000E+00
80  1    0.41188E-01    0.53327E-01    0.42402E-01    0.41188E-01    0.00000E+00    0.53327E-01    0.00000E+00    0.42402E-01    0.00000E+00    0.28701E+00    0.00000E+00    0.32658E+00    0.00000E+00    0.29121E+00    0.00000E+00    0.24024E+00    0.00000E+00    0.25938E+00    0.00000E+00    0.24215E+00    0.00000E+00
90  1    0.39347E-01    0.49718E-01    0.40384E-01    0.39347E-01    0.00000E+00    0.49718E-01    0.00000E+00    0.40384E-01    0.00000E+00    0.28053E+00    0.00000E+00    0.31533E+00    0.00000E+00    0.28420E+00    0.00000E+00    0.23630E+00    0.00000E+00    0.25247E+00    0.00000E+00    0.23792E+00    0.00000E+00
100  1    0.37836E-01    0.49451E-01    0.38997E-01    0.37836E-01    0.00000E+00    0.49451E-01    0.00000E+00    0.38997E-01    0.00000E+00    0.27508E+00    0.00000E+00    0.31449E+00    0.00000E+00    0.27927E+00    0.00000E+00    0.22989E+00    0.00000E+00    0.24905E+00    0.00000E+00    0.23181E+00    0.00000E+00
110  1    0.36248E-01    0.45045E-01    0.37128E-01    0.36248E-01    0.00000E+00    0.45045E-01    0.00000E+00    0.37128E-01    0.00000E+00    0.26925E+00    0.00000E+00    0.30015E+00    0.00000E+00    0.27250E+00    0.00000E+00    0.22652E+00    0.00000E+00    0.24218E+00    0.00000E+00    0.22809E+00    0.00000E+00
120  2    0.34627E-01    0.45233E-01    0.35688E-01    0.34627E-01    0.00000E+00    0.45233E-01    0.00000E+00    0.35688E-01    0.00000E+00    0.26316E+00    0.00000E+00    0.30078E+00    0.00000E+00    0.26716E+00    0.00000E+00    0.21962E+00    0.00000E+00    0.23786E+00    0.00000E+00    0.22144E+00    0.00000E+00
130  2    0.33174E-01    0.43442E-01    0.34200E-01    0.33174E-01    0.00000E+00    0.43442E-01    0.00000E+00    0.34200E-01    0.00000E+00    0.25758E+00    0.00000E+00    0.29476E+00    0.00000E+00    0.26154E+00    0.00000E+00    0.21578E+00    0.00000E+00    0.23336E+00    0.00000E+00    0.21754E+00    0.00000E+00
140  2    0.31761E-01    0.40461E-01    0.32631E-01    0.31761E-01    0.00000E+00    0.40461E-01    0.00000E+00    0.32631E-01    0.00000E+00    0.25204E+00    0.00000E+00    0.28447E+00    0.00000E+00    0.25546E+00    0.00000E+00    0.21236E+00    0.00000E+00    0.22946E+00    0.00000E+00    0.21407E+00    0.00000E+00
150  2    0.30371E-01    0.39619E-01    0.31295E-01    0.30371E-01    0.00000E+00    0.39619E-01    0.00000E+00    0.31295E-01    0.00000E+00    0.24646E+00    0.00000E+00    0.28149E+00    0.00000E+00    0.25018E+00    0.00000E+00    0.20739E+00    0.00000E+00    0.22509E+00    0.00000E+00    0.20916E+00    0.00000E+00
160  2    0.29098E-01    0.38699E-01    0.30058E-01    0.29098E-01    0.00000E+00    0.38699E-01    0.00000E+00    0.30058E-01    0.00000E+00    0.24124E+00    0.00000E+00    0.27820E+00    0.00000E+00    0.24519E+00    0.00000E+00    0.20239E+00    0.00000E+00    0.22059E+00    0.00000E+00    0.20421E+00    0.00000E+00
170  2    0.27669E-01    0.36737E-01    0.28576E-01    0.27669E-01    0.00000E+00    0.36737E-01    0.00000E+00    0.28576E-01    0.00000E+00    0.23524E+00    0.00000E+00    0.27106E+00    0.00000E+00    0.23907E+00    0.00000E+00    0.19570E+00    0.00000E+00    0.21483E+00    0.00000E+00    0.19761E+00    0.00000E+00
180  2    0.26440E-01    0.34835E-01    0.27280E-01    0.26440E-01    0.00000E+00    0.34835E-01    0.00000E+00    0.27280E-01    0.00000E+00    0.22996E+00    0.00000E+00    0.26395E+00    0.00000E+00    0.23358E+00    0.00000E+00    0.19015E+00    0.00000E+00    0.20967E+00    0.00000E+00    0.19210E+00    0.00000E+00
190  2    0.25260E-01    0.34621E-01    0.26196E-01    0.25260E-01    0.00000E+00    0.34621E-01    0.00000E+00    0.26196E-01    0.00000E+00    0.22476E+00    0.00000E+00    0.26314E+00    0.00000E+00    0.22889E+00    0.00000E+00    0.18565E+00    0.00000E+00    0.20571E+00    0.00000E+00    0.18766E+00    0.00000E+00
200  2    0.24097E-01    0.32389E-01    0.24927E-01    0.24097E-01    0.00000E+00    0.32389E-01    0.00000E+00    0.24927E-01    0.00000E+00    0.21953E+00    0.00000E+00    0.25452E+00    0.00000E+00    0.22328E+00    0.00000E+00    0.18209E+00    0.00000E+00    0.20165E+00    0.00000E+00    0.18405E+00    0.00000E+00
210  2    0.22957E-01    0.32238E-01    0.23885E-01    0.22957E-01    0.00000E+00    0.32238E-01    0.00000E+00    0.23885E-01    0.00000E+00    0.21427E+00    0.00000E+00    0.25392E+00    0.00000E+00    0.21856E+00    0.00000E+00    0.17431E+00    0.00000E+00    0.19574E+00    0.00000E+00    0.17646E+00    0.00000E+00
220  2    0.21931E-01    0.31108E-01    0.22849E-01    0.21931E-01    0.00000E+00    0.31108E-01    0.00000E+00    0.22849E-01    0.00000E+00    0.20943E+00    0.00000E+00    0.24943E+00    0.00000E+00    0.21377E+00    0.00000E+00    0.17032E+00    0.00000E+00    0.19173E+00    0.00000E+00    0.17246E+00    0.00000E+00
230  2    0.20974E-01    0.30163E-01    0.21893E-01    0.20974E-01    0.00000E+00    0.30163E-01    0.00000E+00    0.21893E-01    0.00000E+00    0.20481E+00    0.00000E+00    0.24561E+00    0.00000E+00    0.20925E+00    0.00000E+00    0.16424E+00    0.00000E+00    0.18672E+00    0.00000E+00    0.16649E+00    0.00000E+00
240  2    0.20017E-01    0.28950E-01    0.20910E-01    0.20017E-01    0.00000E+00    0.28950E-01    0.00000E+00    0.20910E-01    0.00000E+00    0.20008E+00    0.00000E+00    0.24062E+00    0.00000E+00    0.20450E+00    0.00000E+00    0.15968E+00    0.00000E+00    0.18242E+00    0.00000E+00    0.16195E+00    0.00000E+00
250  2    0.19157E-01    0.28146E-01    0.20056E-01    0.19157E-01    0.00000E+00    0.28146E-01    0.00000E+00    0.20056E-01    0.00000E+00    0.19574E+00    0.00000E+00    0.23726E+00    0.00000E+00    0.20028E+00    0.00000E+00    0.15416E+00    0.00000E+00    0.17767E+00    0.00000E+00    0.15651E+00    0.00000E+00
260  2    0.18267E-01    0.26673E-01    0.19108E-01    0.18267E-01    0.00000E+00    0.26673E-01    0.00000E+00    0.19108E-01    0.00000E+00    0.19114E+00    0.00000E+00    0.23097E+00    0.00000E+00    0.19549E+00    0.00000E+00    0.15070E+00    0.00000E+00    0.17388E+00    0.00000E+00    0.15302E+00    0.00000E+00
270  2    0.17510E-01    0.24955E-01    0.18254E-01    0.17510E-01    0.00000E+00    0.24955E-01    0.00000E+00    0.18254E-01    0.00000E+00    0.18713E+00    0.00000E+00    0.22340E+00    0.00000E+00    0.19107E+00    0.00000E+00    0.14834E+00    0.00000E+00    0.17061E+00    0.00000E+00    0.15057E+00    0.00000E+00
280  2    0.16758E-01    0.24431E-01    0.17525E-01    0.16758E-01    0.00000E+00    0.24431E-01    0.00000E+00    0.17525E-01    0.00000E+00    0.18307E+00    0.00000E+00    0.22105E+00    0.00000E+00    0.18722E+00    0.00000E+00    0.14402E+00    0.00000E+00    0.16692E+00    0.00000E+00    0.14631E+00    0.00000E+00
290  2    0.16058E-01    0.23137E-01    0.16766E-01    0.16058E-01    0.00000E+00    0.23137E-01    0.00000E+00    0.16766E-01    0.00000E+00    0.17921E+00    0.00000E+00    0.21511E+00    0.00000E+00    0.18312E+00    0.00000E+00    0.14126E+00    0.00000E+00    0.16364E+00    0.00000E+00    0.14350E+00    0.00000E+00
300  2    0.15374E-01    0.22290E-01    0.16065E-01    0.15374E-01    0.00000E+00    0.22290E-01    0.00000E+00    0.16065E-01    0.00000E+00    0.17535E+00    0.00000E+00    0.21114E+00    0.00000E+00    0.17925E+00    0.00000E+00    0.13734E+00    0.00000E+00    0.16005E+00    0.00000E+00    0.13961E+00    0.00000E+00
310  3    0.14745E-01    0.22409E-01    0.15511E-01    0.14745E-01    0.00000E+00    0.22409E-01    0.00000E+00    0.15511E-01    0.00000E+00    0.17172E+00    0.00000E+00    0.21170E+00    0.00000E+00    0.17613E+00    0.00000E+00    0.13217E+00    0.00000E+00    0.15690E+00    0.00000E+00    0.13464E+00    0.00000E+00
320  3    0.14187E-01    0.22128E-01    0.14981E-01    0.14187E-01    0.00000E+00    0.22128E-01    0.00000E+00    0.14981E-01    0.00000E+00    0.16845E+00    0.00000E+00    0.21037E+00    0.00000E+00    0.17310E+00    0.00000E+00    0.12762E+00    0.00000E+00    0.15341E+00    0.00000E+00    0.13019E+00    0.00000E+00
330  3    0.13643E-01    0.21121E-01    0.14391E-01    0.13643E-01    0.00000E+00    0.21121E-01    0.00000E+00    0.14391E-01    0.00000E+00    0.16519E+00    0.00000E+00    0.20553E+00    0.00000E+00    0.16965E+00    0.00000E+00    0.12369E+00    0.00000E+00    0.14943E+00    0.00000E+00    0.12626E+00    0.00000E+00
340  3    0.13114E-01    0.20621E-01    0.13864E-01    0.13114E-01    0.00000E+00    0.20621E-01    0.00000E+00    0.13864E-01    0.00000E+00    0.16195E+00    0.00000E+00    0.20308E+00    0.00000E+00    0.16652E+00    0.00000E+00    0.12256E+00    0.00000E+00    0.14820E+00    0.00000E+00    0.12512E+00    0.00000E+00
350  3    0.12624E-01    0.19675E-01    0.13329E-01    0.12624E-01    0.00000E+00    0.19675E-01    0.00000E+00    0.13329E-01    0.00000E+00    0.15890E+00    0.00000E+00    0.19837E+00    0.00000E+00    0.16327E+00    0.00000E+00    0.11964E+00    0.00000E+00    0.14494E+00    0.00000E+00    0.12217E+00    0.00000E+00
360  3    0.12183E-01    0.19113E-01    0.12876E-01    0.12183E-01    0.00000E+00    0.19113E-01    0.00000E+00    0.12876E-01    0.00000E+00    0.15610E+00    0.00000E+00    0.19552E+00    0.00000E+00    0.16048E+00    0.00000E+00    0.11715E+00    0.00000E+00    0.14294E+00    0.00000E+00    0.11973E+00    0.00000E+00
370  3    0.11800E-01    0.18763E-01    0.12496E-01    0.11800E-01    0.00000E+00    0.18763E-01    0.00000E+00    0.12496E-01    0.00000E+00    0.15362E+00    0.00000E+00    0.19371E+00    0.00000E+00    0.15809E+00    0.00000E+00    0.11325E+00    0.00000E+00    0.13989E+00    0.00000E+00    0.11592E+00    0.00000E+00
380  3    0.11391E-01    0.17950E-01    0.12047E-01    0.11391E-01    0.00000E+00    0.17950E-01    0.00000E+00    0.12047E-01    0.00000E+00    0.15094E+00    0.00000E+00    0.18947E+00    0.00000E+00    0.15522E+00    0.00000E+00    0.11040E+00    0.00000E+00    0.13671E+00    0.00000E+00    0.11303E+00    0.00000E+00
390  3    0.11029E-01    0.17318E-01    0.11658E-01    0.11029E-01    0.00000E+00    0.17318E-01    0.00000E+00    0.11658E-01    0.00000E+00    0.14852E+00    0.00000E+00    0.18611E+00    0.00000E+00    0.15269E+00    0.00000E+00    0.10879E+00    0.00000E+00    0.13498E+00    0.00000E+00    0.11141E+00    0.00000E+00
400  3    0.10702E-01    0.17159E-01    0.11348E-01    0.10702E-01    0.00000E+00    0.17159E-01    0.00000E+00    0.11348E-01    0.00000E+00    0.14630E+00    0.00000E+00    0.18525E+00    0.00000E+00    0.15065E+00    0.00000E+00    0.10607E+00    0.00000E+00    0.13337E+00    0.00000E+00    0.10880E+00    0.00000E+00
410  3    0.10396E-01    0.16903E-01    0.11047E-01    0.10396E-01    0.00000E+00    0.16903E-01    0.00000E+00    0.11047E-01    0.00000E+00    0.14420E+00    0.00000E+00    0.18386E+00    0.00000E+00    0.14864E+00    0.00000E+00    0.10393E+00    0.00000E+00    0.13191E+00    0.00000E+00    0.10673E+00    0.00000E+00
420  3    0.10080E-01    0.15672E-01    0.10639E-01    0.10080E-01    0.00000E+00    0.15672E-01    0.00000E+00    0.10639E-01    0.00000E+00    0.14198E+00    0.00000E+00    0.17704E+00    0.00000E+00    0.14587E+00    0.00000E+00    0.10237E+00    0.00000E+00    0.12886E+00    0.00000E+00    0.10502E+00    0.00000E+00
430  4    0.98293E-02    0.15899E-01    0.10436E-01    0.98293E-02    0.00000E+00    0.15899E-01    0.00000E+00    0.10436E-01    0.00000E+00    0.14021E+00    0.00000E+00    0.17832E+00    0.00000E+00    0.14447E+00    0.00000E+00    0.99822E-01    0.00000E+00    0.12845E+00    0.00000E+00    0.10268E+00    0.00000E+00
440  4    0.95660E-02    0.15276E-01    0.10137E-01    0.95660E-02    0.00000E+00    0.15276E-01    0.00000E+00    0.10137E-01    0.00000E+00    0.13832E+00    0.00000E+00    0.17479E+00    0.00000E+00    0.14239E+00    0.00000E+00    0.99948E-01    0.00000E+00    0.12796E+00    0.00000E+00    0.10275E+00    0.00000E+00
450  4    0.93207E-02    0.14677E-01    0.98563E-02    0.93207E-02    0.00000E+00    0.14677E-01    0.00000E+00    0.98563E-02    0.00000E+00    0.13653E+00    0.00000E+00    0.17133E+00    0.00000E+00    0.14040E+00    0.00000E+00    0.99177E-01    0.00000E+00    0.12674E+00    0.00000E+00    0.10193E+00    0.00000E+00
460  4    0.91075E-02    0.14594E-01    0.96561E-02    0.91075E-02    0.00000E+00    0.14594E-01    0.00000E+00    0.96561E-02    0.00000E+00    0.13496E+00    0.00000E+00    0.17084E+00    0.00000E+00    0.13897E+00    0.00000E+00    0.97356E-01    0.00000E+00    0.12588E+00    0.00000E+00    0.10021E+00    0.00000E+00
470  4    0.89168E-02    0.14019E-01    0.94270E-02    0.89168E-02    0.00000E+00    0.14019E-01    0.00000E+00    0.94270E-02    0.00000E+00    0.13354E+00    0.00000E+00    0.16744E+00    0.00000E+00    0.13731E+00    0.00000E+00    0.96480E-01    0.00000E+00    0.12379E+00    0.00000E+00    0.99212E-01    0.00000E+00
480  4    0.87364E-02    0.13866E-01    0.92493E-02    0.87364E-02    0.00000E+00    0.13866E-01    0.00000E+00    0.92493E-02    0.00000E+00    0.13218E+00    0.00000E+00    0.16653E+00    0.00000E+00    0.13601E+00    0.00000E+00    0.95405E-01    0.00000E+00    0.12298E+00    0.00000E+00    0.98162E-01    0.00000E+00
490  4    0.85508E-02    0.13690E-01    0.90647E-02    0.85508E-02    0.00000E+00    0.13690E-01    0.00000E+00    0.90647E-02    0.00000E+00    0.13077E+00    0.00000E+00    0.16547E+00    0.00000E+00    0.13465E+00    0.00000E+00    0.94758E-01    0.00000E+00    0.12278E+00    0.00000E+00    0.97559E-01    0.00000E+00
500  4    0.83994E-02    0.12770E-01    0.88364E-02    0.83994E-02    0.00000E+00    0.12770E-01    0.00000E+00    0.88364E-02    0.00000E+00    0.12961E+00    0.00000E+00    0.15981E+00    0.00000E+00    0.13294E+00    0.00000E+00    0.94992E-01    0.00000E+00    0.12047E+00    0.00000E+00    0.97540E-01    0.00000E+00
510  4    0.82316E-02    0.12661E-01    0.86745E-02    0.82316E-02    0.00000E+00    0.12661E-01    0.00000E+00    0.86745E-02    0.00000E+00    0.12831E+00    0.00000E+00    0.15913E+00    0.00000E+00    0.13172E+00    0.00000E+00    0.94448E-01    0.00000E+00    0.12055E+00    0.00000E+00    0.97057E-01    0.00000E+00
520  5    0.81072E-02    0.13415E-01    0.86380E-02    0.81072E-02    0.00000E+00    0.13415E-01    0.00000E+00    0.86380E-02    0.00000E+00    0.12734E+00    0.00000E+00    0.16380E+00    0.00000E+00    0.13144E+00    0.00000E+00    0.93170E-01    0.00000E+00    0.12239E+00    0.00000E+00    0.96093E-01    0.00000E+00
530  6    0.79885E-02    0.13016E-01    0.84913E-02    0.79885E-02    0.00000E+00    0.13016E-01    0.00000E+00    0.84913E-02    0.00000E+00    0.12640E+00    0.00000E+00    0.16135E+00    0.00000E+00    0.13032E+00    0.00000E+00    0.92840E-01    0.00000E+00    0.12096E+00    0.00000E+00    0.95652E-01    0.00000E+00
540  6    0.78552E-02    0.12534E-01    0.83231E-02    0.78552E-02    0.00000E+00    0.12534E-01    0.00000E+00    0.83231E-02    0.00000E+00    0.12534E+00    0.00000E+00    0.15833E+00    0.00000E+00    0.12902E+00    0.00000E+00    0.93172E-01    0.00000E+00    0.12075E+00    0.00000E+00    0.95930E-01    0.00000E+00
550  6    0.77421E-02    0.12308E-01    0.81988E-02    0.77421E-02    0.00000E+00    0.12308E-01    0.00000E+00    0.81988E-02    0.00000E+00    0.12444E+00    0.00000E+00    0.15690E+00    0.00000E+00    0.12805E+00    0.00000E+00    0.92747E-01    0.00000E+00    0.11972E+00    0.00000E+00    0.95444E-01    0.00000E+00
560  6    0.76460E-02    0.12240E-01    0.81054E-02    0.76460E-02    0.00000E+00    0.12240E-01    0.00000E+00    0.81054E-02    0.00000E+00    0.12366E+00    0.00000E+00    0.15646E+00    0.00000E+00    0.12732E+00    0.00000E+00    0.92239E-01    0.00000E+00    0.11892E+00    0.00000E+00    0.94908E-01    0.00000E+00
570  6    0.75474E-02    0.11674E-01    0.79600E-02    0.75474E-02    0.00000E+00    0.11674E-01    0.00000E+00    0.79600E-02    0.00000E+00    0.12286E+00    0.00000E+00    0.15280E+00    0.00000E+00    0.12617E+00    0.00000E+00    0.92192E-01    0.00000E+00    0.11689E+00    0.00000E+00    0.94662E-01    0.00000E+00
580  7    0.74747E-02    0.11925E-01    0.79197E-02    0.74747E-02    0.00000E+00    0.11925E-01    0.00000E+00    0.79197E-02    0.00000E+00    0.12227E+00    0.00000E+00    0.15443E+00    0.00000E+00    0.12585E+00    0.00000E+00    0.91766E-01    0.00000E+00    0.11761E+00    0.00000E+00    0.94351E-01    0.00000E+00
590  7    0.73975E-02    0.11617E-01    0.78195E-02    0.73975E-02    0.00000E+00    0.11617E-01    0.00000E+00    0.78195E-02    0.00000E+00    0.12163E+00    0.00000E+00    0.15243E+00    0.00000E+00    0.12506E+00    0.00000E+00    0.91724E-01    0.00000E+00    0.11669E+00    0.00000E+00    0.94221E-01    0.00000E+00
600  7    0.73220E-02    0.11479E-01    0.77378E-02    0.73220E-02    0.00000E+00    0.11479E-01    0.00000E+00    0.77378E-02    0.00000E+00    0.12101E+00    0.00000E+00    0.15152E+00    0.00000E+00    0.12440E+00    0.00000E+00    0.91587E-01    0.00000E+00    0.11626E+00    0.00000E+00    0.94054E-01    0.00000E+00
610  7    0.72478E-02    0.11358E-01    0.76589E-02    0.72478E-02    0.00000E+00    0.11358E-01    0.00000E+00    0.76589E-02    0.00000E+00    0.12040E+00    0.00000E+00    0.15072E+00    0.00000E+00    0.12376E+00    0.00000E+00    0.91939E-01    0.00000E+00    0.11730E+00    0.00000E+00    0.94475E-01    0.00000E+00
620  7    0.71709E-02    0.11341E-01    0.75879E-02    0.71709E-02    0.00000E+00    0.11341E-01    0.00000E+00    0.75879E-02    0.00000E+00    0.11976E+00    0.00000E+00    0.15060E+00    0.00000E+00    0.12319E+00    0.00000E+00    0.91600E-01    0.00000E+00    0.11682E+00    0.00000E+00    0.94122E-01    0.00000E+00
630  7    0.71005E-02    0.11175E-01    0.75080E-02    0.71005E-02    0.00000E+00    0.11175E-01    0.00000E+00    0.75080E-02    0.00000E+00    0.11917E+00    0.00000E+00    0.14950E+00    0.00000E+00    0.12254E+00    0.00000E+00    0.91424E-01    0.00000E+00    0.11600E+00    0.00000E+00    0.93882E-01    0.00000E+00
640  7    0.70480E-02    0.10924E-01    0.74356E-02    0.70480E-02    0.00000E+00    0.10924E-01    0.00000E+00    0.74356E-02    0.00000E+00    0.11873E+00    0.00000E+00    0.14781E+00    0.00000E+00    0.12195E+00    0.00000E+00    0.91182E-01    0.00000E+00    0.11438E+00    0.00000E+00    0.93502E-01    0.00000E+00
650  7    0.69904E-02    0.10737E-01    0.73651E-02    0.69904E-02    0.00000E+00    0.10737E-01    0.00000E+00    0.73651E-02    0.00000E+00    0.11824E+00    0.00000E+00    0.14654E+00    0.00000E+00    0.12137E+00    0.00000E+00    0.91375E-01    0.00000E+00    0.11451E+00    0.00000E+00    0.93688E-01    0.00000E+00
660  7    0.69378E-02    0.10428E-01    0.72868E-02    0.69378E-02    0.00000E+00    0.10428E-01    0.00000E+00    0.72868E-02    0.00000E+00    0.11779E+00    0.00000E+00    0.14441E+00    0.00000E+00    0.12072E+00    0.00000E+00    0.91523E-01    0.00000E+00    0.11377E+00    0.00000E+00    0.93748E-01    0.00000E+00
670  7    0.68790E-02    0.10321E-01    0.72232E-02    0.68790E-02    0.00000E+00    0.10321E-01    0.00000E+00    0.72232E-02    0.00000E+00    0.11729E+00    0.00000E+00    0.14367E+00    0.00000E+00    0.12019E+00    0.00000E+00    0.91287E-01    0.00000E+00    0.11284E+00    0.00000E+00    0.93441E-01    0.00000E+00
680  8    0.68581E-02    0.10958E-01    0.72681E-02    0.68581E-02    0.00000E+00    0.10958E-01    0.00000E+00    0.72681E-02    0.00000E+00    0.11712E+00    0.00000E+00    0.14804E+00    0.00000E+00    0.12057E+00    0.00000E+00    0.90675E-01    0.00000E+00    0.11358E+00    0.00000E+00    0.92965E-01    0.00000E+00
690  9    0.67936E-02    0.10614E-01    0.71757E-02    0.67936E-02    0.00000E+00    0.10614E-01    0.00000E+00    0.71757E-02    0.00000E+00    0.11656E+00    0.00000E+00    0.14570E+00    0.00000E+00    0.11980E+00    0.00000E+00    0.90799E-01    0.00000E+00    0.11302E+00    0.00000E+00    0.93021E-01    0.00000E+00
700  9    0.67509E-02    0.10140E-01    0.70898E-02    0.67509E-02    0.00000E+00    0.10140E-01    0.00000E+00    0.70898E-02    0.00000E+00    0.11620E+00    0.00000E+00    0.14241E+00    0.00000E+00    0.11908E+00    0.00000E+00    0.90952E-01    0.00000E+00    0.11157E+00    0.00000E+00    0.93014E-01    0.00000E+00
710  10    0.67188E-02    0.10425E-01    0.70893E-02    0.67188E-02    0.00000E+00    0.10425E-01    0.00000E+00    0.70893E-02    0.00000E+00    0.11592E+00    0.00000E+00    0.14439E+00    0.00000E+00    0.11907E+00    0.00000E+00    0.90597E-01    0.00000E+00    0.11165E+00    0.00000E+00    0.92702E-01    0.00000E+00
720  10    0.66739E-02    0.10060E-01    0.70125E-02    0.66739E-02    0.00000E+00    0.10060E-01    0.00000E+00    0.70125E-02    0.00000E+00    0.11553E+00    0.00000E+00    0.14184E+00    0.00000E+00    0.11843E+00    0.00000E+00    0.90637E-01    0.00000E+00    0.11038E+00    0.00000E+00    0.92611E-01    0.00000E+00
730  11    0.66456E-02    0.10324E-01    0.70134E-02    0.66456E-02    0.00000E+00    0.10324E-01    0.00000E+00    0.70134E-02    0.00000E+00    0.11529E+00    0.00000E+00    0.14369E+00    0.00000E+00    0.11843E+00    0.00000E+00    0.90450E-01    0.00000E+00    0.11098E+00    0.00000E+00    0.92504E-01    0.00000E+00
740  11    0.65935E-02    0.99220E-02    0.69264E-02    0.65935E-02    0.00000E+00    0.99220E-02    0.00000E+00    0.69264E-02    0.00000E+00    0.11483E+00    0.00000E+00    0.14087E+00    0.00000E+00    0.11770E+00    0.00000E+00    0.90642E-01    0.00000E+00    0.11039E+00    0.00000E+00    0.92616E-01    0.00000E+00
750  11    0.65680E-02    0.95495E-02    0.68661E-02    0.65680E-02    0.00000E+00    0.95495E-02    0.00000E+00    0.68661E-02    0.00000E+00    0.11461E+00    0.00000E+00    0.13820E+00    0.00000E+00    0.11718E+00    0.00000E+00    0.90830E-01    0.00000E+00    0.10944E+00    0.00000E+00    0.92690E-01    0.00000E+00
760  12    0.65394E-02    0.10058E-01    0.68912E-02    0.65394E-02    0.00000E+00    0.10058E-01    0.00000E+00    0.68912E-02    0.00000E+00    0.11436E+00    0.00000E+00    0.14183E+00    0.00000E+00    0.11740E+00    0.00000E+00    0.90794E-01    0.00000E+00    0.11177E+00    0.00000E+00    0.92891E-01    0.00000E+00
770  13    0.65016E-02    0.99022E-02    0.68417E-02    0.65016E-02    0.00000E+00    0.99022E-02    0.00000E+00    0.68417E-02    0.00000E+00    0.11403E+00    0.00000E+00    0.14073E+00    0.00000E+00    0.11698E+00    0.00000E+00    0.90549E-01    0.00000E+00    0.11039E+00    0.00000E+00    0.92533E-01    0.00000E+00
780  13    0.64714E-02    0.95393E-02    0.67782E-02    0.64714E-02    0.00000E+00    0.95393E-02    0.00000E+00    0.67782E-02    0.00000E+00    0.11377E+00    0.00000E+00    0.13813E+00    0.00000E+00    0.11643E+00    0.00000E+00    0.90599E-01    0.00000E+00    0.10904E+00    0.00000E+00    0.92442E-01    0.00000E+00
790  13    0.64466E-02    0.94264E-02    0.67446E-02    0.64466E-02    0.00000E+00    0.94264E-02    0.00000E+00    0.67446E-02    0.00000E+00    0.11355E+00    0.00000E+00    0.13731E+00    0.00000E+00    0.11614E+00    0.00000E+00    0.90763E-01    0.00000E+00    0.10917E+00    0.00000E+00    0.92604E-01    0.00000E+00
800  14    0.64114E-02    0.96588E-02    0.67361E-02    0.64114E-02    0.00000E+00    0.96588E-02    0.00000E+00    0.67361E-02    0.00000E+00    0.11324E+00    0.00000E+00    0.13899E+00    0.00000E+00    0.11607E+00    0.00000E+00    0.90536E-01    0.00000E+00    0.10953E+00    0.00000E+00    0.92436E-01    0.00000E+00
810  15    0.63718E-02    0.94978E-02    0.66844E-02    0.63718E-02    0.00000E+00    0.94978E-02    0.00000E+00    0.66844E-02    0.00000E+00    0.11289E+00    0.00000E+00    0.13782E+00    0.00000E+00    0.11562E+00    0.00000E+00    0.90504E-01    0.00000E+00    0.10877E+00    0.00000E+00    0.92331E-01    0.00000E+00
820  16    0.63554E-02    0.97401E-02    0.66938E-02    0.63554E-02    0.00000E+00    0.97401E-02    0.00000E+00    0.66938E-02    0.00000E+00    0.11274E+00    0.00000E+00    0.13957E+00    0.00000E+00    0.11571E+00    0.00000E+00    0.90338E-01    0.00000E+00    0.10932E+00    0.00000E+00    0.92235E-01    0.00000E+00
