820
func 0
Activation_out 0
4
1
10
10
1
 #l=           2
 -7.23643427415854995E-02 -1.90367157079549210E-01
  1.59634987933393896E-01  1.25415164156731507E+00
  3.19928177982008788E-01  1.79200722132516854E+00
  2.05959139053909140E-01 -2.84797920505591717E-01
  8.67973826045946861E-02 -9.85745618740976992E-01
  2.29780179892017211E-01  1.40184392234079769E+00
  5.44291907296975297E-01 -2.45002206183216575E+00
 -1.44553532517548877E-01  9.10432143230843316E-01
 -2.61896197349053006E-01  2.90441184733241708E-01
  1.09102296414686053E-03 -1.51014615578080291E+00
 #l=           3
  9.53611596788969396E-02  3.62099343175894317E-01 -1.31767307355735802E-01  1.19387575751313979E-01 -5.74528705569359163E-04 -2.54898415433234216E-01  4.42304169063022334E-01 -3.86078715875572631E-01 -6.64375429165830478E-02  2.02080954593065812E-02 -4.12300771159207102E-01
  1.39605062369475702E-01 -1.32169804569673699E-01 -5.81040784499938567E-01  1.58241158874038723E-01  1.40913878354191313E+00 -1.11130091963068250E-01  3.69378636935670301E-01  2.20941535502530900E-01  4.10166576076981648E-01  4.85857430358496489E-01  1.80435678818271439E-01
  4.12774340752948998E-01 -2.97201271951497648E-01  2.51822972520258537E-01 -3.25708187673994232E-01 -1.12522038056419318E-01 -9.72185106960278544E-02 -1.07279234594262118E+00 -5.47104107917511850E-01  1.03563660888445583E-01 -1.87413585636030749E-01 -2.30712899643483488E-01
 -9.43039723223156046E-02 -3.49154517482720000E-02 -1.86986278856292210E-01  1.76173080542224331E-01  2.33118289102232396E-01  7.81979624294510262E-02 -2.61738249343573037E-01  1.70299685937909367E-01  2.15831220507875815E-01  2.91115231607326663E-01  3.50188444319826320E-01
  2.36763319148852319E-01 -8.69534808497973710E-02 -6.46355637058270011E-02 -5.25845147746545685E-02  2.65648093563197574E-01  1.30214582356347697E-01 -1.58437421027789738E-01 -6.57246463969584860E-01  4.38500977784592072E-01 -8.64417365943744853E-01  4.65609734333701841E-01
  1.63434055921647010E-02  2.08434831839221790E-01  2.90887762057470745E-01 -3.98679781331056412E-03 -1.37328528970953045E-01  8.41405723417479545E-01 -3.40691814610676380E-01 -6.76538947978946537E-01  7.05668334014121434E-01 -2.04234046655409118E-01  1.35219793895718005E-01
 -7.83176602855713971E-02  1.01936028414800678E-01 -4.64606561124981179E-02 -4.94538591375704772E-01 -2.11599904909692077E-01 -2.59096884779105863E-01  3.72895927410826278E-01 -9.22770904097689193E-02  4.82696708854340073E-01  3.08429856212034448E-01 -4.28382824185389255E-01
 -2.05538001513746217E-02 -6.60171610252981989E-01 -1.22852363512253904E+00 -1.91480075381445736E-01 -3.72767328781968998E-01 -2.53019661868041423E-01  1.42768608275227527E-01 -5.63836244482585291E-01 -5.62898130908321748E-01 -6.62847324419487238E-01 -1.59041513952813629E-01
 -6.80144848049237666E-02 -1.73498169800681584E-01  3.36235396143430509E-01 -2.76479774138422063E-01  8.05524431281909092E-01 -1.24367421408296472E-01  3.75139742384297536E-01  2.02076298966580775E-01 -1.79641157028021525E-01 -3.14342945998039081E-01  9.21027871548813715E-01
  1.30370523963376672E-01  4.10553597640017295E-02 -8.08556923796217852E-02  3.88466514474479663E-01  7.02799554905357726E-01 -2.63420133511454990E-01  1.43560315756115137E-01 -3.63307034134835172E-01 -9.82170400939552213E-01 -7.81302370108227895E-01 -6.15417129674155405E-01
 #l=           4
  1.09177949780125494E+00 -1.58904229745719133E-01  2.34467514108664232E-01  7.63513020465852787E-01 -1.31069647326272604E-01  5.67016797810461881E-01  3.28240901981110139E-02  3.89204989025603854E-01  2.59050307082347997E-01  1.91252581916390371E-02  3.95170142253644316E-02
