16000
func 0
Activation_out 0
4
1
12
12
1
 #l=           2
 -3.32935951141409725E-01  4.99715576015523022E-01
 -2.89323749374379657E-01 -2.98361588003713041E-01
 -2.86834933099908096E-01 -1.55278172372556034E-01
  4.53514328777709697E-01 -7.14021932565094830E-01
 -3.63752868403225460E-01  6.93625540812867758E-01
  2.78210204327531518E-01 -1.27510482711524459E-01
  2.41249979835640005E-01  2.82577134367152427E-01
 -8.89250799570608375E-01 -1.66710393615633357E+00
  4.17986994983576665E-01  3.28747538700461389E-02
 -2.77429171728184321E-01 -3.57680024565181720E-01
 -2.79152108269779153E-01 -3.20357518967974264E-01
 -4.63752712039911300E-04  9.73866779377442413E-03
 #l=           3
  5.71252384996135287E-01 -1.75003181167543181E-01 -8.97250391786894141E-01 -4.79015595604559807E-01  4.07790367345685079E-01 -3.63963467325073009E-01  4.81710973910639273E-01  1.78169995816700233E-01  2.70818061389231590E-01  1.11756028166916055E+00 -2.15567908099857902E-01 -8.39295852437400014E-01 -4.59146817793266215E-01
 -2.33779814143737441E-01  1.01241499510214272E-01  4.94252913739141597E-01 -1.52110275957879043E-01  4.93846258434726681E-01  1.29077600395219094E-01  3.95131708810406823E-01 -7.56934704893101662E-01 -5.73821165687326329E-01 -3.71344217881008631E-02 -9.24148151172037163E-02  5.31659238189194916E-02  2.84260738869099805E-01
 -5.09484863127601550E-01  3.68621328359025224E-01  4.58324407368858266E-01  5.73174287380174841E-01 -1.17683202489029776E-01  5.97689165000606315E-01 -2.14520243208987965E-01 -3.26064494617503087E-01  1.73430994387459465E-02 -4.79944685410978789E-01  2.48973655260966098E-01  4.89474288053181994E-01 -3.13938677914760988E-01
  1.84989093142998967E-01  5.58465634990794491E-01  6.32469079188041888E-03  9.17423070367794947E-03  5.12317747175210059E-01  4.20458034864064301E-01 -8.50112780832016218E-02  5.68405772392461706E-01  6.10615596452342757E-01 -1.03276810673878144E-01  1.61473737864983868E-02 -6.24817856812784234E-01  9.89087434882133243E-02
 -6.31538293937023987E-01  5.09243008604177705E-01  7.29205910419433501E-01  5.37945411416877350E-01 -4.39796165749098744E-01  7.41829881150930737E-01 -5.47989266387225671E-01 -1.02218589606218124E+00 -3.96373820938213869E-02 -6.69138146001174272E-01  8.23706257248837281E-01  6.13133802892360635E-01  6.90857481888704772E-01
  2.48382187464728593E-01  3.91706101471719470E-01  1.51665882315895811E-01 -2.10398261559248151E-01 -4.94549309944135429E-01  6.13356084731224230E-02  5.42840893638400823E-01 -3.82027879528326675E-01  1.25310474705121178E+00  1.25540640802104336E-01  2.11690996288291883E-01 -7.36535434190696420E-02 -1.73213109048392377E-01
 -3.71234068615314161E-01 -4.51670559100609770E-01  1.33557277900257754E+00  1.22704060558268480E+00 -2.00243871045679783E-01  2.22680595460427289E-01 -8.00094523873580821E-01 -5.98167691696621318E-01  1.56763259857821446E+00 -1.07224071183582015E+00  1.66758506259766315E+00  1.79375297776438214E+00  1.75890254020237918E-01
  1.04249139797020121E-01 -1.28189369588342594E+00  1.39978152666361183E-01  3.54118848749182535E-01  1.69364586537795492E+00 -1.15651168809868499E+00  6.15983000370359468E-01 -1.02657753057279408E-01 -1.44236303183359427E+00  3.11804997922039695E-01  4.36141480993401276E-01 -7.88178845133970588E-03  9.17565697087408122E-02
  1.99321924697843794E-01  8.18492408783423553E-01 -1.81933541846482139E-01  4.12478958694590669E-01 -7.83367347321863305E-01  8.43648657602905749E-01 -3.91547850515156573E-02  1.95309777844043492E-01  7.83478949167771610E-01 -2.79336577361056271E-01 -7.15527045344010126E-01 -5.48040856086069450E-01  1.68128495478691742E-01
  3.47210729276614005E-01 -5.45474253353920746E-01 -4.02252778247224940E-01 -8.29951394760502170E-01 -4.39667779604752534E-02  4.56872274117333999E-01 -7.61816826419524501E-02  3.99302732429634086E-02  8.22123201266575676E-01  2.61617839801510876E-01 -1.86979127119868915E-01 -4.46125248870456792E-01 -2.96426239990089518E-02
  6.29134404152561055E-01 -5.85919800963231818E-01 -4.36113320006257632E-01 -1.10974919230870595E+00  7.20056079375548497E-01 -7.47033599663529335E-01  1.00030387684548372E+00  1.08894310687417106E+00 -3.52189744012186334E-01  1.09613499276529525E+00 -4.41503859564858436E-01 -4.96319866103394014E-01 -8.01029351584394256E-01
 -4.67379807454595342E-01  4.35942905875736142E-01  3.11652885717106642E-01  1.97161026008165707E-01 -2.88289629503116596E-01 -5.96608875954799459E-02 -3.09294546932624592E-01 -4.55047921921697907E-01 -4.74192850915293007E-01 -4.69598932600544472E-01  1.04362020564354285E+00  2.60284461237615339E-01 -1.76295747116951118E-01
 #l=           4
  2.63625527192045461E-01  4.05921296034073509E-01 -1.84166632608477598E-02 -3.38449057957527721E-01  1.04617267175401273E-02 -5.09274996245261291E-01  3.51727405396304205E-01  4.17173309513509283E-01 -4.62334333228121952E-01  4.27878777943657584E-01  3.57394009993572792E-01  5.75595317518752814E-01 -3.43299378609943362E-01
