20000
func 0
Activation_out 0
4
1
12
12
1
 #l=           2
 -1.77743473841701832E-01  4.50558357331829126E-02
  2.51885232509091728E-01 -5.61731680392484958E-02
  1.76468608181120395E-01  1.88207465043853765E-02
 -8.16506324667597871E-01 -1.00299795197781094E+00
 -2.95454050941465429E-01  6.82038283079956648E-02
  4.78258067275231680E-01 -9.38502890938859080E-01
 -2.66455484274532750E-01  7.57852530563716403E-02
  1.27731084140678575E-01 -1.78452176533999307E-01
 -2.86027004970378362E-01  5.56518527471425301E-02
  2.05281633311249961E-01 -1.28764046300711060E-01
 -2.99633729726598741E-01  7.52116150156510316E-02
 -1.62240138815320595E-01  8.33070674275067924E-02
 #l=           3
 -2.94131237662628719E-01  3.10440173693245058E-01 -2.71106049620060185E-01 -4.05544714782553772E-01 -1.04062761774258994E-01  3.70989102730768794E-01  3.79701234958001399E-01  2.54680501296930484E-01 -6.62414559863311880E-02  3.69387669156692022E-01 -1.93315144948396217E-01  4.39038840719033874E-01  1.81325518572809846E-01
 -2.09574953500051675E-01  1.50073064869198747E-01 -2.17703323255733772E-01 -1.26681064987109238E-01 -3.75706219189143431E-01  2.06428882544074127E-01  4.27612825365535187E-01  1.36280674455460465E-01 -9.09684332279013519E-02  1.34586986788629265E-01 -1.98512693624760983E-01  2.47008172111052166E-01  1.76912160337677343E-01
 -2.47342291498219596E-01  1.18501252675829991E-01 -2.06554836003235820E-01 -1.40102090887612912E-01 -1.30854705991461623E-01  1.60230237343612025E-01  2.68144528659190584E-01  2.69272621223691444E-01 -1.52463561211318266E-01  2.00530793668743712E-01 -2.33429177138697763E-01  2.55530052228371996E-01  1.31843670189841611E-01
  4.86660442803720367E-02 -5.67934515130073814E-03  1.51365389113862991E-01 -8.27692984844374466E-03  6.38467693934827163E-01 -1.39276041429926417E-01 -3.73608747499311167E-01 -1.42073857422193001E-01  2.29286913349565830E-01 -1.22578237450360172E-01  2.22078737010278943E-01 -1.45522024636659281E-01 -1.23189359041424112E-01
 -1.44054219743649375E-01  5.72868771093870081E-03 -1.01838356110304326E-01  1.17232729536984201E-01 -5.16165015668586191E-01  6.71321889886338369E-02  3.60264109626317108E-01  1.68927048321927065E-01 -2.95578062212675685E-01  5.13744080258618577E-02 -2.41466394208997848E-01  9.00412043492233860E-02  1.85568683261355394E-01
 -3.11618304972231475E-01  1.03908743068999207E-01 -2.00266677657688387E-02 -2.60834254674666921E-01  1.95059247440301720E+00 -1.34793542403082028E-02 -3.04525135001105285E-01 -5.73455293559989310E-02  4.21479027054663946E-01  4.50924801820846363E-02  2.21841438088849152E-01 -3.92638577002779945E-02 -3.52926579042879759E-02
  1.22921320015185098E+00 -2.56330887612166602E-01  2.36460200211366905E-01  2.26978815495822994E-01 -1.10514318781962551E-01 -2.19654869007536196E-01 -1.81251504440361894E-01 -2.28267826497309367E-01  1.43288987791608646E-01 -2.72104877253555644E-01  1.57236600605200366E-01 -2.40175766457895318E-01 -2.37787958913298847E-01
 -2.04969083081753267E-01  4.47186574093795808E-01 -7.40146993972211953E-01 -3.26148611237235153E-01 -5.77490428261813404E-01  8.00846462592239017E-01 -1.11287818000332184E+00  9.01517088253446786E-01 -1.15380495597460286E+00  6.48714849283670736E-01 -1.10515207278499328E+00  8.82199118742784560E-01  5.95601237901624003E-01
 -1.67278684712108966E-01  8.36445947449246940E-02 -1.52444608760527178E-01 -6.52412882926677318E-02 -3.27106586009886513E-01  1.79946344375571360E-01  3.50929457488165508E-01  3.07011860778105050E-01 -1.88849761428158291E-01  7.39087956157662845E-02 -1.95704095344207130E-01  2.08698036781935353E-01  1.32220666442391749E-01
 -2.48636073153481241E-01  1.32552589022284367E-01 -2.55071103034214486E-01 -1.94570126367419577E-01 -2.36320749840793820E-01  3.48210489438163129E-01  4.33249958295036985E-01  3.28383991244708684E-01 -1.42857143078431420E-01  2.92930864435561655E-01 -1.92279283636825948E-01  2.33600782531007106E-01  2.11907075901803035E-02
  1.48261214316190187E-01 -2.91018262868592385E-02  2.05909332979611448E-01  8.41849095233615785E-02  5.54188966716922637E-01 -1.81253300611828899E-01 -4.55946859805138660E-01 -1.99322572901139083E-01  1.08612038116699505E-01 -1.64219905317136650E-01  1.48351090694980814E-01 -2.07389632226700510E-01 -7.69215958221639018E-02
  2.40392287508170571E-01 -2.20520641981921811E-01  2.74012382996107362E-01  1.84675075844477732E-01  1.81301153701981660E-01 -2.69910522068784964E-01 -4.09293434322644201E-01 -2.94945226349837164E-01  1.92682840110574988E-01 -2.59546223221875982E-01  2.89373818476078626E-01 -2.47780446735283516E-01 -1.18958450692691287E-01
 #l=           4
  1.13506883324100616E+00 -3.69530826210309249E-01 -3.23036517026738468E-01 -2.48519854403508017E-01  2.48382237728959315E-01 -2.58766045243066345E-01  4.49504648166583198E-01  6.57440549432050991E-01  9.38770747900638525E-01 -2.61062321239653561E-01 -3.52806019188131259E-01  3.37130101077645794E-01  3.85044557468902926E-01
