20000
func 0
Activation_out 0
4
1
12
12
1
 #l=           2
 -2.46789410064433751E-01 -6.92951948430775011E-01
  8.63400361535090477E-01  6.10114533462973660E-02
 -2.75588474126038319E-01 -1.73710224359526128E-01
  3.44462378622014898E-01  4.20559123601870588E-01
 -2.84608222328799398E-01  3.08512893837939173E-01
 -4.49284080075864067E-01  1.35965560118548268E-01
  1.06070523644596015E+00 -1.64810029279650161E+00
  1.92728127197617560E-01  6.28412045768261263E-01
  1.69793603936704840E-02 -1.61859832631103435E-02
  1.88372130323329418E-01 -2.50412603168092718E-01
  3.78048803033992136E-04  2.40364374863210776E-04
 -1.14596852289742535E-01 -5.42518127669296191E-01
 #l=           3
  1.56978564149382743E-01  3.62037583252616479E-01  1.98081954133084381E-01 -2.94568838648832376E-01  4.61274483452061568E-02 -2.02999709480653767E-01 -3.78245252984839075E-01 -1.09861043751439236E+00 -1.59693067085778212E-01  1.51517490361066071E-01  1.12160056196760977E-01  5.34365315747534972E-02  8.59072410779904844E-02
  2.82646832812062550E-02  1.83839155582808285E-02 -7.80577701255627966E-03  1.89202041012266009E-01  2.01655782696173944E-02 -4.50869281867203042E-02 -4.48547065816569113E-02  8.80289247858108068E-03 -1.41400825101878513E-01 -3.66894876750166604E-02 -6.36708077353459884E-02 -5.12154164680444016E-02 -2.42560643201538056E-01
 -5.56377707036056629E-02  2.24474864010753478E-01  1.96056575595553617E-01  1.31201060252210844E-01  1.21349183683679807E-01  3.41776776785039232E-02  1.16420113516956428E-01  9.98923909495356456E-03  2.89273305059477848E-01  1.78501241633139240E-01 -9.75450564231096495E-02  3.48468408444208497E-02  1.82702723569549835E-01
 -1.10203831028322186E+00  1.75891485440193701E-01 -1.35750539802111914E+00  5.46566725698906963E-01 -4.65427844638870936E-01  6.10315158412898850E-01  8.23693292016908885E-01 -1.86555102288293695E-01 -3.63625358851199343E-01 -2.27112063431129996E-01 -4.92804233527228741E-01 -4.40577608623794192E-02  1.08646848744541710E-01
  4.02081628699958504E-01  2.73592124450197094E-01  1.75627940604216409E-01 -3.35377853486573452E-01  1.94631060951399232E-01  1.95660433147592516E-02  3.91728084500526430E-01 -7.09345680238684051E-01 -3.75403534264817429E-01 -3.14766344162680858E-02  3.84857708004079146E-01  2.52699265930671602E-01  4.20747851073763668E-01
 -4.44644291537651060E-01 -1.50334405702655504E-02 -6.02558392296295375E-01  3.66874545550787912E-01 -2.61105494869803167E-01  5.35549754005653078E-01  3.22053621320188999E-01  6.73931618976944424E-01  4.14621832538168589E-01  2.43495667715599648E-02 -5.49549679067943067E-02 -2.53431737474911489E-02 -8.70134645941801066E-02
  2.74937490370586679E-01  1.18148430541353644E+00 -1.94753405613609015E-01  6.05664595873494860E-01 -2.92194822364907625E-01 -8.45750035040784276E-02  1.14002790816312115E-02 -6.94114783428249615E-01 -1.05771920087106586E+00  1.95870243563896068E-01  2.80675435809991936E-01 -1.49126474686873175E-02  9.08805314824789656E-01
 -5.64304637520187335E-01 -3.38676613610736255E-01 -1.90451581662235206E-04  1.58080964456223050E-01 -2.41287758468794439E-01  2.21044629440594692E-01  2.17123708176504976E-01  7.30777812976469376E-01 -2.52428759095374390E-03 -1.43039918274467076E-01 -1.14984245058956394E-01  3.66102354158486104E-02  4.24669114619833678E-03
 -2.16172052511271556E-01 -6.11816494703071534E-01 -1.21374530597191055E+00  5.58594428977612134E-01 -3.19526082389194388E-01  1.03361724757279783E+00  7.64275468512251255E-01 -1.44453020473218108E+00 -3.93052425475414191E-02 -6.48442393327972877E-02 -6.25844741299979246E-01 -1.59085109781034080E-02 -5.21331466156311429E-01
 -6.75338159881933298E-02  6.30560496303967238E-02  1.18014377027255646E-01 -8.20382280930967850E-02 -1.63698932158765111E-02 -1.53883930418636017E-01  2.79454378150255534E-01 -1.05340610506503649E-02  2.23958658164546048E-01  1.99714870727467075E-01  1.77729274897841433E-01 -3.50775192632309038E-02  9.75819572581313327E-02
  1.67310129475881475E-01 -1.39273448745985018E+00  4.14383581313308325E-01 -5.68504637405779722E-01  1.37802450770659002E+00 -5.43485420241712341E-02 -6.41883163782002941E-01  1.05127959009651817E+00  1.44400434629566443E+00  1.47040569948166971E-01 -9.31752120532202549E-02  1.12367408983593238E-04 -1.16393969692559285E+00
  4.72180945556352316E-01  1.06225723073775077E-01  3.65925516104009918E-01 -3.79578117673284698E-01  2.37237864629021106E-01 -5.12188156274657413E-01 -6.69914085495093570E-01 -9.10745688656169672E-01 -3.41898471951928018E-01 -2.21441731498856403E-01  1.99092250718455266E-01 -3.03079647668380060E-02  2.77282981009173091E-01
 #l=           4
  8.85185439182707867E-01  1.80291271440803980E-01  5.62460713100942057E-05  1.44044336561986009E-04 -1.11913772488441166E+00  3.14538283741403815E-02 -2.41447765912865847E-01  2.54172712243287913E-01 -3.16777890317456401E-01  6.04218231209046164E-01 -9.97784933441472649E-05 -5.20914271101254545E-01  3.73964583822236463E-01
