6000
func 0
Activation_out 0
4
1
12
12
1
 #l=           2
 -9.66569738233590547E-02  2.39112629704584467E-01
 -4.78542466757246390E-02  5.66028679798943057E-02
  8.53289092910824026E-02 -1.00653999932727917E-01
 -6.54985393255770099E-01  9.18275350675989754E-01
 -3.87026283374326319E-01  6.59432882440881690E-02
  2.97088327119314766E-01 -9.54573791416323120E-02
  9.82393326366893027E-01  9.76579124793000464E-01
 -1.99228721048138713E-01 -7.06183764895221555E-02
 -2.49927367824297864E-01  1.61358963416022072E-01
 -1.20767468905060779E-01 -1.86042418380195251E-01
  2.87647707621082771E-01 -4.60840033932471693E-02
  2.20289271097210887E-01 -8.95157670530965621E-01
 #l=           3
 -2.63419374643642401E-01  2.05943286820259003E-01  5.61769345820826559E-03 -9.57981267829483008E-02 -7.23656197206173801E-01  3.73298727609027881E-01 -7.26892368577952176E-03  1.63930148646124818E-01 -1.59129128787456664E-01  2.42275746903765715E-01 -1.24322027988300776E-01 -2.41217296959800841E-02 -3.24681880328017369E-01
 -2.58625099457510277E-01 -2.73314268917291436E-01  4.41122966868305655E-01  6.72132547324937632E-04 -3.81768391911610078E-02 -1.82111274768505874E-02  7.62316590063938093E-02  6.80620849330759947E-01  1.37144960410816114E-01  1.00652623190852109E-01  9.34983421930246639E-02 -2.62202367999774200E-01  2.54030608687353943E-01
 -2.97672898769790195E-01  3.79315483844176959E-01  3.11688954690903741E-01 -2.86009526474975129E-01  1.49227362120533946E-02  1.67498404024063290E-02 -5.82351369572162714E-01 -1.53548676974496145E-01 -2.43424938851542760E-01  1.68742126529065839E-01  1.98350111428453463E-01 -8.76781835127770304E-01  2.84466197715660639E-02
  2.77576633094720970E-01 -3.57349180574489722E-01 -7.23904324595434773E-02  4.32402736976468915E-01  5.83284680812054118E-02 -6.07989551403709319E-02  7.93273399244297850E-01 -3.92273019651503962E-01  4.63793626033340123E-01  2.01305003804467586E-01 -7.24037725271512722E-02  1.86771563744617425E-01 -5.50681023738552544E-01
  3.27245182411583513E-01  1.04250175177483639E-01  7.42897138165849041E-02  2.16490425834850092E-01 -5.28786681678232839E-01 -9.48921022733056563E-01  6.82223455393115241E-01  3.00160658530296172E-02 -3.68691860653483805E-01 -3.30604935631424179E-01 -3.84576052664976242E-01  7.96786610119704752E-01 -3.02240741560283521E-01
 -3.12539820185082529E-01  2.38916606852944774E-01  6.01817745803834986E-02  3.53850727400312204E-02 -4.70077915517826184E-01  2.18286574294158209E-01  2.16818453206433170E-01  4.94226985413394826E-01  2.12011189637245356E-01  5.88864491443759214E-02  9.55664667491998993E-03 -1.43329020256971001E-01 -5.98799212193681790E-02
  2.66356495197877907E-01  1.40105963741318201E-01  3.71032641207316882E-01 -1.67967993566625090E-01  3.78950091111101631E-02  3.22764705269794172E-01  4.30843301819106572E-01 -8.66590952629969768E-01  2.64841683279035844E-01 -5.92160444896424748E-02 -6.13728573869122343E-02  2.48108191934125977E-01 -2.81519607842724617E-01
 -2.60698195480663142E-01 -7.85958137720616512E-02  9.78071194296737806E-02  4.63811625234233527E-01 -6.02370626634157746E-01  7.23287067643056530E-02  1.20086307904476497E-01  6.38979683426868617E-01  4.08014608999293038E-01  4.60412149248127622E-01 -1.61299228138254813E-01 -1.55472998439952131E-01 -1.63970183082409793E-01
 -3.34592921975981894E-01 -1.16534417399444409E-01  3.78838567328632303E-01 -2.90755605630500791E-02  2.43740592123101563E-01  2.36008126367071691E-01 -7.92673767248582739E-01 -1.05784980669595681E-03  4.94024164512182673E-01  3.60632056724142835E-01  1.55302109615972156E-01 -7.60080836081500122E-01  1.12244131914961534E-01
 -2.93850606851613239E-01  4.01170839624885103E-02 -4.82458351770628069E-01 -5.82538193536078497E-01 -1.16100040804185914E-01  2.72136173291632588E-01 -1.33681491597719360E-01  3.67955543311772104E-01  1.47779816543938153E-01  1.30319813263104850E-01 -1.03225935993861623E-01 -4.84034257396098844E-01  3.32593342036114792E-01
 -5.10188784397024517E-02 -7.33549897281623675E-01 -6.42726208603149107E-01  5.46773456637882238E-01 -1.58024627498861125E+00 -5.28059524994715868E-01  4.91426733807627525E-01  5.86263277112988201E-01 -6.67382191101515698E-02 -6.54428229654467453E-01  1.56403311952287516E-01  8.40641185662317769E-02  5.13164752995309614E-01
  2.67628257785640034E-01 -8.70439949333150831E-01 -3.99205791621761730E-01  1.89268971035229494E-01  5.33367393022820546E-01  8.44253621685705537E-03  4.55066346869186344E-01 -2.70267519343224794E-01 -3.45920270254567119E-01 -1.54119881799195696E-01 -5.45844433796940157E-02  3.85456790321782761E-01 -2.50888159920956810E-01
 #l=           4
  3.13924100563739317E-01 -1.34888178150309845E-01 -4.25572031238646398E-01 -2.56270793259383622E-01  5.10313187812560409E-01  9.33548861197992852E-01 -2.53824338412520834E-01  6.38732613641758706E-01 -7.86278470948368557E-01 -8.84845990719827391E-01 -4.26231889617662951E-01 -5.81112818446831159E-01  2.18910717208440991E-01
