520
func 0
Activation_out 0
4
2
48
48
5
 #l=           2
  9.33351561986887623E-01 -3.31975351087475001E-01  3.80037192913067645E-01
 -1.07358662947913353E-01  1.82258160674888592E-01  4.70464877061869957E-01
 -1.00309528902577783E+00  3.63721161907563539E-01 -6.80168369259476630E-02
  2.45180106096476391E-01  8.04862867911453755E-02  6.09315170303087572E-01
  1.02027061035266309E+00 -2.02864928939196554E-01 -1.53861926214838546E-01
 -9.48536452163309396E-01  2.79082550860525191E-01  1.34763573390907811E-02
  4.19530444413317716E-01 -1.88546825980681274E-03 -2.39330056750685360E-01
  6.08506918241094388E-02  3.54159555826935368E-01  2.02471604069015876E-01
  4.32357195638530978E-01  6.79686621429551718E-01  4.70820392743817769E-03
  1.18843191440402540E+00  4.40431416275134047E-01 -4.20732749561303576E-01
 -5.44507300931393878E-01 -4.57688445478506511E-01  7.02522637108281972E-02
  1.70649117402057543E-01 -1.70851581488511955E-01 -3.00216267414963253E-02
 -9.99695204207086269E-02 -2.01462148529875845E-01 -2.69888199606064839E-02
  3.55913714646128199E-01  2.45035962593467771E-01 -7.26089888385972049E-02
  5.42667220664375338E-01  1.82308403252174706E-01  3.08982332896121613E-02
 -7.27142224518682712E-01  5.49004749172921844E-02 -3.83067457051540550E-01
  5.97518587739603521E-02  1.30739364245775563E-01 -5.60534156487283775E-01
 -4.14458402221894562E-01 -8.04820885398295771E-02  2.55919499956956675E-01
  6.08983938472170694E-01  5.29423079433470001E-01 -4.91894062036475455E-01
 -1.33512697843506889E-01  6.61702078925697178E-03  2.02062895457131741E-01
 -7.98161254337665799E-02 -4.31784741948209871E-02 -2.70693981392087890E-01
 -7.51260251304884163E-01  4.40742712211265486E-01  4.63229064189200901E-01
  4.79376402571037030E-01 -2.06474766092407225E-01  3.84006894506652291E-02
 -1.85810128131511809E+00 -4.93598042497419787E-01 -2.03247276064543736E-02
  9.58766414106858367E-01 -2.32023396018631117E-01 -4.94711380976062765E-01
 -6.80644397473567642E-02  2.71691476799384990E-01 -5.85327831164239795E-02
  5.42153861949409621E-01  6.75909493965913682E-02 -2.52588127789012740E-01
  7.62024165821691968E-01  3.69651658624839619E-01 -2.17812455488603889E-02
 -9.95665725480548658E-01 -3.88810796191914776E-01 -3.64337192046339797E-01
  6.53374215585437179E-01 -2.12489801449320559E-01  3.83719241729976235E-01
  1.01051005007043981E+00 -5.26539273903971816E-01  4.83289119350181928E-01
  4.97921537035759199E-01  2.06932004847396350E-01  2.51979679395939071E-01
 -5.51889798514104024E-01 -5.78609459309732843E-01 -1.90305985735612110E-01
 -6.35006396550409247E-01 -4.60875961166571035E-01 -4.46160696706453364E-01
 -1.28525209410863006E+00  3.71336091444988636E-01  2.61069796992813956E-02
 -4.05862367668207380E-01  3.23153405271672023E-01  1.50032202191489078E-01
 -1.58271311483556398E+00 -3.31384644877420684E-02 -4.54209011781337102E-01
 -1.40286238282767362E+00  2.90155938792655443E-01 -3.36833375747309094E-01
 -1.33801673271327498E-01  5.77871639274719628E-01 -5.25625253120816316E-01
 -4.07369318333361333E-02 -4.07286835153319537E-01  4.92734038435785116E-01
 -1.45555552566021262E+00  2.22759986559741994E-03  5.59141906427818802E-01
  9.14981856652001130E-02 -1.61785467643556780E-01 -2.08676460964236712E-02
 -4.29163953227813755E-01 -3.51586994903445083E-01 -4.29624837808854909E-01
  1.04860387230913199E+00 -4.10375638355233829E-01 -4.14116372134558430E-01
  3.84308213453243785E-01  2.57802463546931565E-02 -2.19734466851858795E-01
  5.50738686856079074E-01  2.06062881830139211E-01 -4.15948599890234416E-01
 -3.07610735647076583E-01  1.71585300760020792E-01 -4.61735204010842781E-01
 -4.95961610272315032E-03 -2.73178730509622381E-01  4.29248698409957150E-02
 #l=           3
 -1.05656829743383154E-01  3.69671938196741212E-01 -1.59596399813720119E-01 -3.00736984102789373E-01  1.37248772654822521E-01 -3.08661108989219633E-02  4.10130730128316412E-01  1.99233808414627844E-01 -1.44412047319063985E-01  1.81360956871764345E-01 -1.96523317191829999E-01 -3.48156936895365532E-01 -9.84834072714910191E-02 -1.91711020782329378E-01  2.69944160210043083E-01  1.38049721259214164E-01 -2.07163015092042713E-01  4.14471359954518004E-02 -1.49009556301234997E-01 -2.42490433780058162E-01 -2.98786437036456687E-01  2.15769363723238849E-02 -2.99299280905409582E-01 -6.92513822971348170E-02 -5.40858304669194823E-01 -1.88898837149743926E-01  4.12860162358014149E-01  1.91824216306219458E-01  1.70778366401612369E-01  9.81042909044820000E-03  1.43948378283350192E-01 -2.12831701454977124E-01  1.03403228012978424E-01 -2.72425337274248558E-01 -1.83394709124271693E-01  1.70855040862650992E-01 -8.65638397511333535E-02 -2.29849153624912983E-01 -9.55745466701094504E-02  9.48388796469425699E-02  4.44007656747700818E-01 -6.87577020782814685E-01 -6.01400229840189614E-03  1.81677475068987071E-01 -3.82513041181482688E-02  3.31260013014750221E-01 -1.33031734513761629E-01 -6.95763592209297232E-02 -2.10965022994053675E-01
 -7.66549530835313186E-02  8.00547159983766160E-02 -1.18166769471041724E-01 -1.27762882144878215E-01  3.18854138068632442E-01  3.87292437660586922E-02 -2.82301104908130152E-01 -1.44704330011806385E-02 -1.47909814746326224E-01  1.32992653622972690E-01  8.85191366013539094E-02  3.39082132911839654E-02  1.09832701512749986E-01  1.55708229874121334E-01  1.16823349246599956E-01 -1.55056883722223565E-01  6.14776591004810233E-02  1.45832444319851262E-01 -1.07563717886842284E-03 -3.68800299386742025E-02  1.35746325958385150E-01 -9.67080770270269813E-02 -1.66143736235519340E-01  1.42644270259458306E-01  2.10325806733057896E-01  2.33968133419364926E-01  3.24542163730638525E-03  7.34377046330879357E-02  9.27760198592982033E-02  3.43936913311525677E-02  2.95429251315633863E-02  1.43717029898412008E-01 -6.19831311897322129E-02 -1.19464460018239640E-01 -1.82937150557642231E-01  6.53700261332615107E-02 -1.76129376750014000E-01  2.41549808538424504E-01  4.38277409579539146E-02 -1.15148216153931282E-01  1.26487011768053881E-01 -1.90627980590759499E-01 -5.63476282363583117E-02  2.89387067313893631E-01  1.89694877835511998E-02 -7.58449325888811265E-03  6.38700429668813546E-02  4.29488363679177976E-02  4.27565898859190829E-01
  1.68274071523520696E-01  1.68949315862596594E-01  1.98482165628966339E-02 -4.85136623516393972E-02 -2.54660648238588909E-02  6.31512149100200149E-02 -7.30446102995005869E-02 -4.19346318951292485E-02 -3.76090542229884708E-02  4.76318656507968008E-02  1.28846942387923019E-01  1.32095630341817649E-01  1.56239608375073974E-01 -1.29270872921047691E-01  4.65501843192635337E-02  2.07311711579263619E-01  4.34477206865512416E-02  7.33203465958771755E-02 -1.21523164749433518E-01 -1.61337950185626161E-01  2.40410994470588529E-01  8.58689936468294002E-02  4.61686696512049577E-01 -8.98216439091029661E-02  1.89232239720314339E-02 -2.72673820679634971E-01  9.36254482149419809E-02 -8.24960751620394950E-02 -7.42364496609539265E-02 -2.79112393764055396E-02  1.59814058011119281E-01 -2.19498572018365201E-01  2.38290674757858749E-02 -4.41555457550762906E-02 -5.08267655686348130E-01  2.30834901541284748E-01  2.25352026749125911E-01 -1.35173939909938978E-01  3.38745511726978726E-02 -1.35123325740724009E-02 -7.15237639032364862E-04 -1.45750578491661231E-01  9.26930343409450297E-02 -2.10115057620722939E-01 -3.44501731734983552E-01  1.26508775292290876E-01  3.43946494976304154E-02 -1.59236708967739754E-01 -1.57364514943614878E-02
  3.33388064281942287E-01 -2.92281313616624266E-02  4.73479747166412682E-02  1.77531012986764547E-01  3.72126404484353746E-01 -3.16318862849199856E-01  8.12292510080576541E-02 -7.70074813825536025E-02  7.04086448102183259E-03 -3.62933793808220329E-01 -1.35361346427683077E-01  2.84310075493602099E-01 -4.94294213617364475E-01 -1.17471281297143806E-01  1.59580117998756460E-01  8.02582110644315949E-02 -1.30761470961315348E-02 -7.33979604449908757E-02  1.05304720250483264E-01  4.90744690484824428E-02 -1.47626828074571420E-02  2.73118256803864812E-02 -1.25355364443017536E-01 -2.14383087489605995E-01 -1.18624219211301438E-01 -1.54399108488454451E-01  1.63572629120180869E-02 -2.43114261375270480E-01  1.95698025173358492E-01  1.48776832190179870E-02 -7.52682636574112940E-02  9.10066053519816009E-03 -8.15817126230312661E-02 -2.10647674965021856E-03 -8.62303435370613408E-02  2.61911651063235218E-01  9.86596985658395043E-02  1.57734917367667510E-01  8.18916673327238082E-02 -8.47532692224935297E-02  2.06181329030875014E-02  4.29866455713855844E-01 -1.08619259634114992E-01  4.42592920589208044E-02 -5.39859259076320708E-02 -1.59510410249396190E-02 -3.00294978945582991E-01 -1.33504513261986368E-01 -1.01781894075185300E-01
 -1.36335283860073458E-01  3.74465170068707276E-01  2.73358009036525129E-01 -5.02765577925684215E-01 -1.67686834663288264E-01  7.76232227369237776E-02  1.85559982100791943E-01 -2.55025122479428323E-01  1.31514903527717664E-01  2.12258557440997392E-01  5.93325579486005256E-02 -1.86767548441144460E-01 -2.77670904749785785E-01 -5.62479216557877377E-03 -1.01411566998141814E-01  1.72561259407987888E-01 -8.66924252120237077E-02  1.02824346866816588E-01  1.16061547848014437E-01  3.01694146086352900E-02  2.66897606999428882E-01  2.95038320083077565E-01 -3.49409101116904319E-01  6.54465525253764419E-02 -5.74727944553821701E-01 -3.70335723271276895E-01 -2.49608011816104924E-01 -6.96890819203134781E-02  2.08801615279565617E-01 -5.11919899353027397E-01  2.38385146959541966E-01 -1.46659203999563836E-01  2.02325532303318928E-01  9.45376586921717194E-02  7.38586547207877170E-02  1.64132314656781492E-01  1.17104972660174764E-01  1.85246153119529550E-01 -6.65748414691537227E-01 -1.59375171617436168E-01 -9.38065758634474972E-02  1.42449389364436400E-02 -1.94784275894260145E-01  1.83215590616321394E-01  2.52478111528041393E-01 -3.06761749497152791E-01  9.95174079009205625E-02  5.21190462662214915E-02  1.14040320462461958E-01
  1.77503245999412806E-01  4.73521528202446515E-02  2.75734990777792219E-02  1.12665519472577635E-01 -4.25227393515219654E-01 -2.21556493464852178E-01  1.73338762720909173E-01 -1.66559097460069999E-01  8.04561146959731632E-02 -2.58240008819507649E-01 -4.14698102377551281E-01 -1.77696530621705463E-02  2.90942835128212396E-01  3.10944301203357198E-01  1.63183710646701563E-01 -1.56509953414494335E-01 -6.22891868505358118E-02 -1.62988337235959790E-01 -1.26717875824545106E-01  4.74495060981224501E-02 -7.10263792911229597E-02  1.49143384929394079E-01 -9.15285265685702120E-04 -3.85336996429133175E-02 -8.08724244600743936E-02  9.42573418592298901E-02 -1.86249543533788364E-01 -1.02753063944493045E-01 -2.55589065664655023E-02  1.29713782419449752E-01 -5.84445786198666495E-01  3.04246493441188093E-01 -3.04287412268747573E-02 -2.44404658709370740E-02  1.37535877206773322E-01 -5.96019783629729849E-02  2.15345445080670189E-01 -2.66888919360840693E-01  3.39984049637672203E-01  3.82539535145514295E-02 -3.63359609168243253E-02 -3.30125835719642102E-02  3.73766570957950739E-02  1.97486906901158499E-01 -8.23153925402157483E-02  1.20199640157467563E-01 -2.37664104729833868E-02  1.45818814753465920E-01  2.28978138871319237E-01
 -1.21889655561626162E-01  3.04883250141489599E-02  6.29032811760436295E-02 -5.01040876589876061E-02 -6.24745710431802177E-03  3.08497954149749010E-02 -2.72355570985918227E-01  1.48638605610987351E-01  6.79406153623211134E-02 -8.32222279511269647E-02  1.61034073707374520E-01 -6.98125152322028597E-02  9.14812073802369619E-02  1.80165184473913526E-01  2.21211645292930803E-02  1.21499251459355861E-01  1.85049194453714982E-01  2.59786096361062313E-01 -2.27244746566332900E-03  9.21436325402059525E-02  1.22038526329053508E-02  5.54035575286242060E-02  4.41651895960827656E-01 -1.95935908317848538E-02  2.22677753664894368E-01  2.40917733237648229E-01  3.22669793714597392E-02  1.66563681979259220E-01 -1.67285142633353895E-01  6.67065430212831073E-02 -5.16553085504020820E-02  4.99322510236778691E-02 -1.35344004204706825E-01  7.95222612091558423E-02  7.23750424430071038E-02 -2.43859510075738750E-01 -2.68239637192167257E-01 -1.37269964068727574E-01 -3.13810636708100540E-02 -3.38011855876406628E-02  1.93037757439041523E-02 -1.50269669087213620E-01  7.15873980953714018E-02  1.56835421703228811E-01 -3.01322511040838847E-01 -1.65506470194744064E-02 -1.73310326733739112E-01  1.51421329328301796E-01  7.22507167458951854E-02
 -1.05317410733041933E-02 -1.01583344863906466E-01  1.72135021027809108E-02  3.94554150132881198E-01 -1.91420760113517635E-01 -1.68241371199156942E-01  3.65017891902837455E-01 -2.26379158986154433E-01  4.49524947922471330E-01 -1.00866844671163386E-01  4.22582293188420791E-02 -6.28640804781725876E-02  3.00840311703322941E-02 -1.66611493798699585E-02  1.87359782639945044E-01  6.46732437003044863E-02 -1.77576038984302270E-01  1.35549626815385377E-01  3.28964918573325049E-01 -4.61859121526979957E-02  2.66782153023606194E-01  2.24257978829118486E-02 -4.36389321892250104E-01 -4.58146850404393471E-02 -2.57470387842431370E-01 -4.75574679945000689E-01  1.50970112640208626E-01 -1.65649744574126373E-01  2.58681970747854706E-01 -5.58545486504909094E-01  3.03395723456323756E-02 -1.75110245213374927E-01  5.09646923836931665E-02  6.15139229572546770E-02  6.30013990694543669E-01 -1.66374914055106571E-02  1.41556227137724838E-01 -2.70153700829336541E-01 -3.82338886146739887E-01 -8.52090029540434474E-02  8.15116593653983888E-04  4.71597139431585224E-02 -2.87047384432093100E-01  4.47865704827833611E-01 -2.21452437815466779E-01  6.71003889144323046E-02 -1.12489133092133334E-01  5.31522904229597484E-02 -1.05556430417101110E-01
  8.19484310929491921E-02  4.32864022114820002E-01 -3.21088672677921405E-01  4.93377105465557741E-01  1.79661311055761552E-02 -1.46623850018770818E-01 -1.59466246145700319E-01 -1.46176155999638735E-01  6.17810467938868877E-03 -1.58856899996572987E-01  2.76518279472871442E-01 -1.02005359046648411E-01 -1.18883976131413924E-01 -5.90601602449888838E-02  1.32643685699772834E-01  8.81390881368771389E-02  1.67354318487617698E-01 -1.15761461801804535E-01  9.02709636945976529E-02  2.71855315196430636E-01 -9.74094260779389959E-02  1.13550372281002995E-01  1.88514844971661329E-02  1.37708490576379156E-01 -2.80678404678060933E-01  1.44650898780132070E-01  1.36094405699460214E-01 -1.07384350207657880E-01 -4.36337919384549647E-02  2.22823316063368998E-01  1.73728731826547078E-02  3.03351357375721442E-01  1.10103913521901707E-02  2.49309279434521719E-01 -5.52514235844515506E-02 -2.19042625897374943E-01  1.06056713559588012E-01  4.02391563940665692E-02  1.70219693795987698E-01  1.61863664167112481E-01 -3.23201258552532011E-01  3.79175921050681208E-02  2.28743268390479738E-02  1.20327175624942648E-01 -1.15451673208720171E-01  4.70743204418200764E-02 -6.92646057202542936E-02 -1.62229651071388696E-02 -1.32453069204857388E-01
 -1.75142287608954506E-01 -1.59978816451298300E-01 -3.16729091493735737E-01  4.80721512828603870E-01  1.93582532215002883E-03 -2.83275973900297351E-01  4.66872739042164739E-02 -5.21925586997145363E-02  1.44431393062563224E-01 -9.66291224503187246E-03 -3.20536490979474176E-02 -3.15804738130623375E-01  1.25618810123549307E-01 -1.79135698477610877E-01  3.54919339479969176E-01  2.37594805251119062E-01  2.19768672334433507E-01  4.83263695402118762E-02 -2.61891730613121931E-01 -4.11708373391257709E-01 -4.60145992238530810E-01 -3.69768374891044291E-02 -1.29832018071238370E-01 -2.24575819924671072E-01 -4.57261677924079291E-01  2.17358325877999220E-01 -1.23335499101532367E-02  9.35850521618168535E-02  3.77500359696670451E-01  1.82075615418984843E-01 -1.35021290679397832E-01  2.11586860452086523E-01 -3.86207967221418730E-02  3.77074782499530400E-02 -2.58306719979605359E-01  9.03314005350697308E-02  1.21657285484063141E-01  2.25269255097113930E-01  1.65988874658765939E-02 -1.91142125679035491E-01  5.61074238104975476E-01 -3.51191764694679054E-01 -1.01360736384463732E-01  1.76174057825173508E-01 -7.22525612202567086E-02  2.98613881960379635E-01 -7.12343307300184869E-03 -4.19465467905386288E-02 -8.03001173298496795E-02
  1.46878598619035634E-02 -2.15895635283143456E-01 -3.69501026828567697E-03  2.12249596777557475E-01  6.86009833959189963E-02  1.42664242495379623E-01 -1.79381903995444431E-01  3.05594405422649554E-02  1.25205136799283995E-01  4.08868113931897398E-02  1.81729381944016666E-01 -2.01664740083137839E-01  5.90119746820808935E-02  4.56126197156568672E-02 -3.79287472733603331E-02  2.05813500407971944E-01 -2.66457225058383429E-01  8.74710145776710496E-02  9.64386694507433778E-02  3.57885462377197983E-01 -3.55143425621254005E-01  1.04185821880735621E-01 -1.35077212632130628E-01  3.31281084650492164E-01 -3.83511379848435363E-01  2.29224286616042855E-01 -1.10287959447116599E-01 -1.67091829265208353E-02 -2.00025077362557147E-01 -1.91710894884365241E-01  1.23368019331811338E-01 -7.86735152522220205E-02  2.23450458608237368E-01 -1.50307780584484602E-01  1.27239376447107044E-02  1.27683612819391834E-01 -1.63359925762264102E-01  1.02332575413445120E-01 -1.78960976360532903E-01  3.35606020813396022E-01  3.40674980510106348E-02 -3.61966873014342216E-01 -7.89638681397643732E-02 -2.45229550696441562E-01  1.00195349403310027E-01 -4.16570439374757406E-02  1.61382322347450063E-01  3.75296467048658045E-02  5.44939817520112210E-02
  1.01730614607812367E-01 -4.70448056065076656E-02  3.54967014057620267E-02 -2.23627258075885821E-01 -2.34260271124359043E-01 -2.70606648249058501E-02  8.82563616257964895E-02 -4.81689043946324724E-01 -1.81853625568894367E-01 -4.82347097199977037E-01  3.28209878135954758E-01 -5.08753431031249592E-01 -2.18952768610500059E-01  1.56540722401664473E-02  8.59560659005730726E-02  3.98187175644016011E-01 -2.52566537725180396E-01  3.11655442545202221E-01  1.50108509369826892E-01  2.36703956718360559E-01  1.27959056361961088E-01 -2.09008151824109867E-01 -4.71342123590187068E-01 -6.59497698448678754E-02  9.48344388370392505E-02 -1.85052143971794703E-01  2.76773105287974941E-01 -4.74572718462035803E-01  3.87494738243767400E-01  2.11268049399756214E-01  1.59682756548621324E-01  1.34912285407000954E-01 -1.60243374659876259E-01  4.50698751719621898E-02 -2.97973162702137973E-01 -4.23405225269376073E-01 -1.49382792096467459E-01 -4.20163120654935329E-01 -1.07061604130652688E-01 -2.28799305265525388E-01 -1.68448724090976276E-01  3.82620236303852224E-01 -2.19009798339127010E-01 -1.70967618001604788E-01  4.90777770058193952E-01 -3.26753462413852280E-01 -3.78203152670995094E-02 -3.12949437974629430E-01 -2.66654038887201239E-01
 -3.64924103081212092E-01 -3.15286864894961799E-02  9.86732118262338143E-02 -3.41311960812984316E-01  3.34704148536089152E-01  4.04121378974593826E-01 -3.23028249057705774E-01  2.55273061129331735E-01  2.88850637291769539E-02 -2.89990304895429263E-01  3.61198901876694289E-01 -3.87948699819734774E-02  2.68893369765374091E-01  7.11555089766171545E-02 -2.12250995570370415E-01 -1.58424421860287490E-01 -8.74219196574209101E-02 -1.18289206837557878E-01 -2.59183722844043452E-01  1.64638155167620592E-01 -1.37343171404414044E-01 -1.20243756716421027E-01  1.57710755135503755E-01  2.98045332991178580E-01  1.23601330388987976E-01  1.07327112746766429E-01  1.52008617654118050E-01  6.87866901595915181E-02  1.60215806472963046E-01  9.88846209892086520E-02 -1.94666466605834976E-01  6.18942697789851837E-02  2.44120180808378440E-01  2.81715359822770739E-01  7.41369865295374714E-02 -4.30312876076247852E-01 -3.58178939425710274E-01 -1.37150101104867916E-01 -1.84375144370149402E-02  1.61225213449226579E-01 -6.47592437161075701E-02 -4.63964671789969807E-01  1.24305011895601100E-01 -2.79295683419855945E-01  8.30183640296464631E-02  1.54838678498186000E-01 -1.74166273935842553E-01 -9.97230670768689403E-02  2.71355967152537181E-01
  5.76021021216261281E-02  1.85235067062261116E-01 -7.01186532515006983E-02 -7.46728194548799094E-03  2.39856894898697354E-01  7.99039524640612342E-02  1.53520611664801743E-01 -7.77203724046906796E-02 -5.17966315971441840E-02  4.68898266164080105E-02  5.63245277741551489E-02  1.74055716332023019E-01 -2.03477856684281394E-02  6.09126757258355647E-02 -4.76879088338258317E-01 -3.01479347449035762E-01 -1.02725760182485873E-01 -9.66934838134911739E-02  3.20674124403823368E-01  2.15845928401172150E-02  3.15443101355688871E-01 -3.22555594730289219E-01  1.24236189589359475E-01 -8.98495633527213039E-02  4.01145080853764976E-02 -1.48936378065814418E-01  1.24623748596392105E-02 -1.56773380797258055E-01  3.63089904770858745E-04 -3.87209695884344965E-02 -4.09928421836088380E-02  3.63090762925439084E-02  2.69714611534500659E-01 -4.65627223264714341E-02 -7.44909505443421549E-02  2.26260788012162650E-01 -8.92082258068149503E-02 -3.89418556759131729E-01 -1.55029274944807810E-01  2.17883600166493968E-02  5.80117154252614373E-03  6.35470778113116919E-01 -1.56637803110689394E-01 -1.43009952312401878E-01 -1.83341158297089662E-02 -1.34549041191029062E-01  3.71039528296583099E-02  7.23058724267922753E-02  6.70229989295370032E-02
  8.11250952457230785E-03 -3.16652214132193466E-01 -1.44593609386934080E-01 -2.46139303653328062E-01  1.70048269272713337E-03 -4.93513751246154111E-02  4.34294706353186011E-02 -2.02700482330193776E-01 -9.17282008576218999E-02 -3.93266726914384801E-01 -1.91398451107585632E-01 -1.86438303626739743E-01 -5.52019894567641126E-02 -2.02769373868794567E-01 -1.10352665197514202E-01 -2.43652309471075940E-01  2.89649712399146386E-01  2.05817724764049526E-01 -3.02098119271130339E-01 -8.31475735337004057E-02 -1.58925752869624876E-01  3.42686723381009251E-01 -7.25758267865030532E-02 -3.17937388908458990E-02 -2.33425648471934255E-01 -1.42151070030960506E-02  3.09963537965895486E-01  3.52080519462183938E-01 -1.54095428552825625E-01 -4.64638005443239249E-06 -2.77307250748566492E-01  2.68388546502098757E-01 -2.55057112375972450E-01 -2.33731131092669679E-02 -3.49028782916059668E-02 -1.47467532025726183E-01  7.68295909056358889E-02  3.05841077651920035E-01  1.56214813013645676E-01 -4.13825231662358212E-02  5.15043009314419958E-02 -8.98791897726110428E-02 -1.66456189055307985E-01 -3.34444545921508476E-02 -1.25590571268893419E-01  8.71247676518202424E-02  1.56679769198351082E-01  3.38608046544420060E-01  5.37690435555520305E-02
 -4.84124808840119547E-01 -1.67739250513368576E-01  6.07339943422159200E-03  1.62540469067593035E-01 -1.34526944753115496E-01  9.13865644264248017E-02 -2.30898041975871243E-01  6.22892460772381338E-03 -7.56351837133011906E-02  7.21122965112619696E-02  6.85779749488000991E-03  1.46605066549076374E-01  4.43212424495210144E-01 -3.02932632493354420E-02 -5.07580847180021055E-01 -4.21571805912776043E-01  1.01179924705975269E-01  5.24436740711635568E-02 -1.32441758681852040E-01  4.22287925509803111E-02 -3.25003791052658336E-02  6.00308363240267054E-02 -5.59802579941128600E-02  2.04174188218427977E-01  5.07572200124308148E-01 -1.76859328482276118E-01 -1.18153731791108094E-01  1.72623357961469881E-01 -3.96805127977993555E-01  2.80866619836266096E-01 -2.76961619080486943E-01 -2.19003464564480860E-01  1.83009822910459835E-01  2.12115811327675680E-01 -6.11864357937503378E-01 -6.32359152964737659E-01 -8.50266181728873416E-02  3.72191713986157635E-01  1.35607721648540042E-01  1.26369889210401626E-02  3.26946591473799564E-02 -4.07235980590256674E-01  3.27246011166488160E-01 -5.82603047440374167E-01  2.33323455953608032E-02  1.51354260639333354E-01  1.70684655355688747E-01  1.63436661087096091E-01  9.42586976995470754E-02
  1.49824697699805720E-01  1.98920037192067328E-01 -1.01649050615746361E-01 -1.49987620600898208E-02  1.04088398330546547E-01  1.19393858539186784E-01  1.01042609078622600E-01  6.51487355859735745E-02  1.93910498890030675E-01 -1.89402870225471198E-01 -1.16738437507043338E-01  1.52609779437328119E-01 -3.34154860215418528E-02  3.51934056910371273E-02  9.32890328025382659E-03 -4.57041536310282426E-03 -3.84449213503627041E-02 -1.15247723085551937E-01 -2.28140910328999032E-02  7.99484038368041688E-02 -2.61712538834272479E-01  2.50514179284963112E-01 -1.19148219382942844E-01 -6.14657428407325915E-02  7.81095805884650107E-02  9.52258834596928366E-02 -1.77811879013668489E-01  2.06611367609506213E-01 -8.47318806328501706E-02  1.34767088765948839E-01 -3.38281726783160527E-02  1.65423720317693063E-01 -1.07872744144066834E-01 -5.08433036719662668E-02 -7.90285996417441211E-02 -6.72642945688957522E-02  3.52548828082173471E-01  4.62010356955084578E-02  4.25259521193220469E-01  6.03285642250899271E-02  1.02784763384922956E-01 -8.42153404500414204E-01 -7.36552216696879647E-02 -1.35847877435932685E-01 -3.17896448008103238E-01  1.29412576489991410E-01  1.61876385254482419E-01  1.08235525685492273E-01  2.04329880173941630E-01
 -9.54505119107175309E-02 -1.60176568284969123E-01  1.31546993430744885E-01  1.96718697474398407E-01 -2.13730727141478505E-01  2.82813383392111428E-01  3.41881404964356622E-02  2.51968901455117078E-01 -4.09785274877360883E-02 -4.21899381623228154E-01 -1.19004553463202684E-01  2.97389374605877665E-01  7.10375658073254951E-02 -1.43632045515078771E-01 -5.64139820796560471E-02 -2.46632121828919221E-01  2.43089173741731085E-01  3.92111034540001624E-01  1.94058987101271493E-02 -8.62785431642304652E-03  7.60121595743991352E-02  1.72832647276091572E-01 -3.88957039295104223E-01  6.71378475399899421E-02  7.58703715166918591E-01  3.16329797896337667E-02 -4.78883768144486577E-02  3.06440808531017128E-01 -2.60343349314293204E-01  3.72811181714218842E-01 -3.23106691637435828E-01 -2.54859799719255542E-01 -1.25305305743336509E-01  3.32095825383713697E-02 -6.80192618436837426E-01  2.36117675649799907E-01  3.59766303319588518E-02  4.73143088222097496E-01  5.19238193886216060E-01 -6.28220905776921690E-02  8.37791893605930732E-02 -1.15753076892164217E-02  1.75876709479168419E-01 -2.24461000746382977E-01 -7.65844640615040984E-02  4.13302464793592408E-02  1.10479494066919141E-02 -2.57245339049225752E-01  2.04042537485464914E-01
 -4.28079363885840863E-02 -1.95409427298844807E-01 -2.21738848271027189E-01 -7.44798796105434757E-02  4.04664385299385101E-02 -1.40461820365705981E-01 -4.27245890290719396E-02  1.11098643419102597E-01  6.05717971105430766E-03 -1.10278142762089623E-01 -1.35325133873792580E-01  1.10944797290568158E-02  1.38040636299559621E-01  2.32465007492627024E-01 -7.28597557914833771E-02 -1.43873363653259173E-01 -1.60395123361443924E-02  2.78306108035146216E-01 -1.06436516381993973E-01 -9.78320753151248057E-02  1.86074172499549551E-01  2.90997066045404873E-01  2.18526557250756509E-01  6.38837965970839861E-02 -9.30731621298735157E-02  2.22787328401215456E-01 -1.48943671960731688E-01  1.61095146276450142E-02  4.40658137717927431E-02  8.21790430956198803E-02 -1.11010389006230961E-01 -3.66225032220488189E-01 -1.37339292911948851E-01  7.40181678305233248E-03  2.04661460528351269E-01 -1.86908005013613210E-02  1.87213302152001403E-02  2.44731889443970702E-01 -2.79332128645712260E-02  1.43954665285085354E-01  6.96707491431028114E-02 -2.34579112997283235E-01 -7.55185167000295837E-02  4.82482621982631629E-02 -1.79920745557110504E-02 -8.57905064756165139E-03  5.34113528839108842E-02 -2.20435267232007431E-02 -1.75218076141319956E-01
  2.64695350348895686E-01 -4.26300089781045277E-01  1.22686426653711170E-01  1.58026264669807265E-01 -2.91213194498566919E-01 -2.32603731486184295E-01 -1.12274344960621303E-01  1.49134107915784936E-01  6.41754084733844737E-02  5.54114817567787354E-02 -7.85297464710294213E-02 -1.29562720204582371E-01 -2.93389775151694010E-01  2.18390258793339821E-02  3.44204614743034943E-03  5.42196136485467495E-01 -9.27707807062430334E-02 -1.79849972733505808E-01  2.62247931461325398E-02 -3.48638668465255652E-01 -1.47164526288748820E-01  4.17459054029159435E-02 -8.46841073216466067E-02 -4.32416258909673168E-01 -2.85242010189551642E-01 -4.46438641022046445E-01  8.37410675067827709E-02 -1.55782866769388795E-01 -5.54324708935619720E-02  9.22232595158743035E-02 -2.84988417215425505E-01  1.79395963829102056E-01 -2.59564680221336719E-01 -1.46683363498945202E-01 -5.22076914843688095E-03  1.71680534339517001E-02  2.43662259790221325E-01  3.41807905416603997E-01  1.78611754888358093E-01  2.73360086599589325E-01  3.89296669361369529E-01  2.96676805069508109E-01 -1.29568966103465938E-01  3.46951917498852958E-01 -1.77433663713007478E-01 -2.34441619020251506E-02 -5.33170081989545949E-02  3.29560108491197878E-01 -5.60769719446238112E-03
  2.97795957777616360E-01 -7.05793281173637682E-02  3.80343935486196605E-01  2.70389249830171541E-01 -1.39603204479448101E-01 -1.37728950872170353E-01  2.12292166906206566E-02 -5.27719306354251239E-02  2.24403560879482197E-03  4.61397249724913375E-02  3.12100046112633936E-02 -1.05217001400321631E-02  1.20808270581460583E-01  1.19132474736614070E-02  4.58691534599277514E-02  2.40281311947685046E-02  8.07943702634039557E-02 -1.18729230885015719E-01  2.47262439508159543E-01  1.25552963786063343E-01  1.63535454318605722E-01 -5.50762004116244347E-02  1.77983520768169812E-01 -2.12899727189412524E-01 -3.34386685823869101E-01  2.71905525812149683E-02  1.26727626503810892E-01  2.81182788913746151E-01  1.40104636090122497E-01 -3.18483659769513205E-01 -1.84643178399913725E-03  3.25433205467015596E-01  1.21395988402896171E-01  6.78868611846970421E-02  1.27824665310748375E-01  4.76372406948301977E-02  1.25101264769356457E-01 -3.16679493568684245E-01  1.42601175582441037E-01  5.20171388724717174E-02  3.12585127318724121E-01  8.79952764438252100E-02  2.00943742208506311E-02 -2.02495899630136755E-01 -3.23915759861732877E-01  3.52029036375809366E-03  1.20382860314853540E-01  1.96701926557502044E-01 -4.19443176894106984E-01
 -6.68899974733429686E-02  1.12710779747248330E-01  2.66591950543973277E-01  7.38081048183552441E-02  9.93336729175279681E-02  9.32003712736243634E-02 -5.10905944657331565E-03 -1.33091558429331736E-01 -4.03826808491162648E-01  4.13562451048831103E-01  2.96084264115291318E-01  3.66087073628121361E-03 -2.04897911216438411E-01  2.39120842941007411E-01 -2.87659253093568767E-01  3.51981963546708701E-02  7.01514919234390577E-02 -9.27548291884633808E-02  6.84665402722439420E-02  3.06023508243225162E-01  1.44023068244317154E-01 -2.37150069878669073E-01  3.68158276285685593E-01  2.96184410457029201E-01  2.86090759943443240E-01 -8.79172366018105278E-02  5.66228481474611509E-02 -3.66991525006200470E-01 -4.82843631815170482E-01 -2.58783776593313419E-01  1.54967199350389107E-01 -1.59095239312028527E-02  1.24795294276872915E-01  1.08498409709014573E-01  3.48145912592982776E-01 -2.19936466876216985E-01 -5.30152948827304016E-01  5.51275179081478217E-02 -2.09309870074627646E-01 -6.07347053569637710E-02 -9.46826019079425873E-02  5.11593495988444280E-01 -1.38206560334272310E-01 -3.58782552411898298E-02  1.34450301462099381E-01 -1.17738954124156359E-01  1.27103834852348357E-01  2.24352136445681860E-01  1.23966845140666013E-01
 -3.51251604097363099E-02 -2.10854773227618641E-01  1.29802473461927748E-01 -8.48765029699457552E-02 -3.98350450425838387E-02  1.39666877113496291E-01  1.72826493066739889E-01 -1.41073741364136640E-01  1.59504465025560260E-01  1.86177899365703059E-01 -4.50200033837189373E-01  1.26557621224106520E-01  2.52087443677318675E-02  3.86805387135527382E-02 -5.42526577489586687E-02 -1.41110316037108302E-01  2.40215124373201611E-02 -1.15764369072853521E-01  5.14081352271595210E-02 -2.22181931432311380E-01 -5.74509948491229924E-02  1.33487259081323195E-01 -2.59448701481133248E-01  8.02776127978734912E-03  1.77394612134956248E-01  1.98218175706083542E-03 -2.78686887070574041E-01 -3.71546155086356568E-04  1.70475421167802205E-01 -3.30306487808648019E-01  2.00761765042165724E-01 -3.84708913507156858E-02 -1.19659178498940061E-01  1.16502891400433045E-01  4.69525109839600847E-03 -6.80759980153018279E-02 -1.29911767904319186E-01 -1.89047177048456527E-01 -2.55496986801415193E-01  1.35776972970118259E-01 -4.35192431183101414E-01  4.00016591398120319E-02  8.63365303006115303E-02  1.33047251972285396E-01  4.64662323135354733E-03 -2.75190791519152933E-01 -3.25422690213168775E-03 -8.45543479903261425E-02  1.09111866870506252E-01
 -1.15249103870100039E-01  4.00645517092603931E-01  2.58607248741833697E-02  2.33190066779756927E-01 -9.13301672590022956E-02 -2.06743654592088849E-01  3.39258596484645736E-01 -2.15584848956699576E-02 -7.68592325282241445E-02  9.22753783094258234E-02 -3.42779174857952729E-01 -4.20626925194807835E-02 -1.32815139122532039E-01 -3.67641244276976142E-01  1.29286137722916722E-01  4.03874738156654922E-01 -7.04525667441576187E-02 -1.37772646303456509E-01  6.76404329103874047E-02 -4.60656764319639145E-01 -1.10956650884162983E-01  1.05613644054341552E-01 -1.05795808687495510E-01 -2.55708951673196905E-01 -4.26611566062049929E-03 -3.28974179062251765E-02  1.25035928991037465E-01  2.58204861743024983E-01  2.53755713281316631E-01  1.41180030271647466E-01  1.99464715177546298E-01 -1.49215381621887078E-01 -4.20415399423354819E-01 -1.86050104502463898E-01 -2.25145574076024174E-01  6.74543628273569840E-01  6.37218395857976350E-02  6.07268372576563076E-01  1.39921933441419732E-01 -2.40207642015291579E-02  3.00025924567783542E-01 -2.37320051949649752E-01 -4.73657768579356209E-01  4.02637756055515605E-01  2.97185739011259387E-01  1.00082660107297466E-01 -5.94906917715804173E-01 -4.76646276016231663E-01 -5.04459897323751405E-01
  1.08066382549206284E-02 -3.93295539010697845E-02  1.78471900933751537E-01 -1.62785893816570215E-01 -1.32174068477574985E-01  4.15845344012135854E-01 -1.95184240264280329E-01 -5.92672528988193777E-03 -9.44923017588089192E-02  1.32506234322189831E-01  2.82503856134781073E-01  2.44898427320422961E-02  3.39029347498840394E-01  2.98683652697375790E-01  5.15851349659482514E-03 -1.70397403534038427E-01 -2.25308272920309999E-01  2.52360626553776557E-01 -1.21169216251784423E-01  2.74698117508991146E-01  6.89339512458543580E-02  2.68447219731983266E-01  1.37496096719776528E-01  3.60700520350101306E-01  5.11882030757154216E-01 -2.39663349231458780E-02 -1.47148528497639153E-01  1.17578591369818686E-01 -2.68078650564825105E-01  1.82167491698828038E-01  5.63060876084545622E-02  4.80080218218752797E-01 -1.38565561991983499E-01  3.01551890063779693E-01  2.00367634046997624E-02 -4.32441774635685172E-01 -5.47226254393176959E-01 -9.45393636181206254E-02 -1.45499222070737039E-01  2.27563494957707585E-01  7.63090130581755843E-02 -3.53601901088910320E-01  1.58730556660218985E-01 -3.29423727070347561E-01 -1.32286670336203310E-01  2.16963244706871894E-01  2.02153105422889556E-01 -4.03114569382131416E-02  5.94873044970128106E-02
 -2.46446222776451951E-01 -2.36848695499102035E-01 -1.21402387591724420E-01  2.44598603654291258E-01  1.82435787471527472E-01 -3.47053849700663386E-01 -3.11024913095248268E-01  3.50630970919501794E-01 -1.34643692171383084E-01  2.65024327201307586E-01 -1.34481034921957815E-01  1.06767364163703610E-01  4.97417942343868647E-03  2.15996201191438753E-02 -1.22971254311905559E-01 -6.91037024445260856E-02 -1.39179100324192034E-01 -1.46060234850208637E-01 -9.50385416800739596E-02  3.46152723368665260E-01 -4.27170374437370604E-02 -2.41770638600515425E-02 -2.88453781020094058E-01  1.58679038690724056E-01 -1.27599864499741283E-01  1.75234287323794286E-01  1.36782993844375977E-01 -1.86590759076601442E-01  1.46786998442236694E-01  3.33296537648853697E-01 -4.54767840256186176E-02  1.25458383639326904E-01 -1.85004692516976155E-01 -8.84130196490597736E-03 -2.91026872194959818E-01 -2.33041797012385865E-01 -1.88123016011509020E-01 -2.44442806860522471E-01  1.76605578695310128E-01  1.28862078789720114E-01 -3.80738693765851011E-01  3.38269559862344360E-01 -8.43716154705383414E-02  1.31490093639357181E-01  5.41100746989460896E-02 -1.77558850860393830E-01 -1.39336727485224771E-01 -1.41470807163881190E-01  5.55266347214775496E-02
  5.42855978398361708E-02 -5.80529698971448793E-01  3.96811123967285351E-01 -1.43152331515350090E-01  3.31975361220838483E-01  2.50943680859734730E-01 -3.90797218031681617E-02 -5.70588926176639616E-02  2.61127978183766818E-01  2.18417835451773623E-01 -7.11056515172807380E-02  4.22920992676760588E-01  2.57243071982470761E-01  1.67320430139836135E-01 -1.16750437515411157E-01 -1.37662589218834425E-01  5.58707486513166929E-01 -1.10351439413366934E-01  2.85880834883937729E-01  3.98803330792897592E-02 -6.96558342328192220E-02 -4.66087959528133349E-03  5.35189947153970613E-01  1.85467151655265367E-01  3.36987777780780595E-01 -1.98180268631893725E-01 -4.35192739801491701E-01 -2.71648105472300005E-01 -4.60916372819759057E-01  1.33943569664801754E-01 -2.66419344874267772E-01 -9.25275890032669773E-02 -4.48592736715932930E-02  1.82119745729026644E-01  2.80087956538052574E-01 -5.67870822074481724E-02 -2.92007556425373627E-01  3.33646647049491707E-01  3.02133319829423486E-01 -7.50309330240927497E-02  7.65721941992942023E-02  6.77849030718743195E-02  1.42521387872300787E-01 -6.27444539087416708E-02 -3.52444557052160989E-01  1.21883253898155464E-01  4.21403842105721876E-02  9.74252815570434832E-02  4.57576642207920270E-01
  1.84185606540379965E-01 -3.59240093990458587E-02  7.00375213203061151E-03  1.50158638080213735E-01  7.59281398170594118E-02 -7.44578670024439310E-02  2.07173562487668772E-01  4.21246953390231604E-02 -3.10889919929966563E-01  1.43950579813316659E-01  4.71029675863831820E-01 -1.52140814148114313E-03 -2.03712479790168932E-01 -8.82276435572034862E-02 -2.13192591436792200E-01  7.75290613472460512E-03 -3.36631660814783185E-02  6.03518765138500021E-04  6.42969950223587772E-02  2.53538909779866428E-01 -2.27902480534576624E-01  2.53834759114007422E-02 -2.33462322004942879E-01  4.78866576920137857E-02 -1.95335481424064233E-01  6.40200493110194835E-02  3.17373047938327213E-01  6.29272898889699089E-02 -1.11348917885632684E-01  6.08352158420197298E-02  6.64902966959277225E-02 -5.29319506231441528E-01  5.87863610192452674E-02  6.63066064420128193E-02 -1.46847717098559982E-01  3.90692947906718033E-02 -1.55737073065153386E-01  3.09360136194853363E-01  4.21718398977409606E-02  1.19022235756040179E-01  4.47255961096979723E-02 -3.42809730461573481E-02 -5.79846098341036051E-02 -1.10532531867368819E-01 -3.50055507024576384E-01 -2.21113660008690587E-02  2.32870046623472604E-01  1.89615444808176464E-01 -3.01914969937093838E-02
  7.01995697589994222E-02 -1.51736392762106626E-01  2.87365075304290181E-02 -1.73938488335205643E-01  5.81252074328958215E-02  3.33063378775547092E-01  7.97739616233421045E-02  2.81609687636487638E-01  8.58792113132818280E-02  2.69269303068173205E-01 -1.20579319533477156E-01  7.42845822987755616E-02  8.86591311398763765E-02  2.09292518511465603E-01  1.19400549058279695E-01 -8.34409155986304829E-02  1.53829601845827373E-02  3.06937876168424939E-01  5.73956420559525449E-02 -8.93753169505184519E-02 -1.48107398875875623E-01  3.35632648196834860E-01 -3.27627464408539459E-01  2.47496027933595791E-01 -1.52876575921594510E-01  1.71661631766308748E-01 -1.17443159970658226E-01  3.31678418039271672E-01  8.94342698813468395E-02 -1.61164126611422792E-01 -1.99962061071206926E-01  1.84143926141114966E-01 -1.72743223471923973E-01 -3.33101457714031213E-02 -3.09764148686838714E-01 -6.72483463303554796E-02 -3.97163565218662584E-01  9.14718244321125057E-02 -4.68713814516509286E-01 -9.06139186448074174E-02  5.76871163144010227E-02 -5.73278215488319365E-01  5.19097336871313228E-04  2.01703474753010592E-01 -9.89276450170623184E-02  2.50641758713717133E-01 -1.93948863416408518E-01 -2.70116585358296357E-01  3.66554489092668079E-01
  1.76014485074837634E-01 -2.08614117617554384E-01  1.63067044031957653E-01 -6.89417565158910034E-02  2.41486387053617635E-01 -1.93495199037496651E-01  6.55967975108648627E-02  1.35380627304670348E-01 -1.53228987252938343E-03  1.78905151155071357E-01  1.44411433870724942E-01  8.26342383460329163E-03  1.59230504920926857E-01  2.29296339510816793E-01 -1.19714237266101281E-01 -1.14943183672054583E-01  9.28204897312414623E-02  1.10842245181428822E-01  2.26677406661190441E-02  1.54794900591942564E-01 -6.05962649521030877E-03  4.62594714295057260E-02  7.78145925425179352E-02 -1.82537047199496823E-02 -1.14949162777782027E-01 -1.10728858428456048E-01  1.18635561065078651E-01  1.42951443118835064E-01  2.97386314845155431E-01  9.92585791855353505E-02  5.04698933351390711E-02  5.16242034445811154E-02 -1.47577364674130185E-01 -2.53293974604108796E-01 -9.99132747967907131E-02 -1.06250224886078243E-01 -1.75323058023110101E-01 -1.59647219150978875E-01 -1.67259853176672357E-01  3.22068201647110364E-01 -7.24551407299598854E-02 -2.00676908924116604E-01  1.38334329769411679E-01  1.51340010651857843E-01  6.43338512286375369E-02  8.32026605294592866E-03  2.40307038293307268E-01  2.50670654408793436E-01  1.05140436769823445E-01
  4.02111933916940056E-01  1.65633626267480433E-01 -6.98050018755329987E-02  2.24323543202848752E-01 -4.59880031528764721E-01  9.80242890839236602E-02  5.90526649664850287E-02  4.62209320926143363E-01 -7.45980721060081758E-02 -5.98893308886609063E-02 -4.45112426586705523E-01  2.89723052443129847E-01 -7.22986835514287038E-03 -2.40907717642289632E-01  7.80267117369126129E-02  6.66763340164105434E-02  1.38614111454609806E-01 -1.73525316416906744E-01 -2.20274873893728712E-01 -2.66467033875484649E-01 -2.45998896410233731E-01  7.15435906190212134E-02  6.11245567119373667E-02  9.30826801965618789E-02  3.32262812229754789E-01  1.31187373962286635E-01 -1.47520846444116782E-01  3.12138147151206136E-01 -1.22847644096637509E-02 -9.07767886300916427E-02  5.28715571769498641E-02 -2.01905763023447954E-01 -3.97741667730794390E-01  1.76735368426232803E-01 -1.39931412744603439E-01  3.85701820379150850E-01 -1.20981677064858156E-01  8.63446233945905139E-01  2.84834116091132072E-01  3.54050821683921269E-01  1.39451240042555130E-01  2.84907259254112803E-02  6.36798606772320808E-02  8.65636771382543579E-02  2.58797748643462611E-01  1.38873335556019856E-01 -2.94980005323306427E-01 -2.71940904324704386E-03  7.84037024851683695E-02
 -2.63325555597887617E-01  2.09936853664954931E-01 -1.00381653448209179E-01  4.33920297418692924E-01  9.65904157351278048E-02 -2.37943446845243350E-01  4.07027369372867875E-01 -3.07790929482628650E-01  1.66000244387460943E-01 -2.78023438731956896E-01  3.29106658074409669E-02 -5.12034792604358913E-01 -4.12209220616274019E-01 -4.13702962590597415E-03  4.43412604066658389E-01  1.94041176854651332E-01 -4.61949151680876493E-03  1.40754405171500979E-01  5.10753467405996794E-02 -5.42895551326010931E-02 -1.24580272058628108E-01  2.34767650076203566E-01  2.72242609576482074E-02 -1.73744509110103279E-01 -1.05888574760429982E-01  4.66728694977421033E-01  1.81117524273666897E-01 -1.16318119744903553E-01  2.53372733802798511E-01 -1.07596125440403853E-01 -1.62616114106087922E-01 -1.57331525984554466E-01  8.94732286959660020E-03  4.66890595422095378E-01  1.54345184517486717E-01  1.73059232489018472E-01  2.48018340537164095E-01  1.73041812317405619E-01  8.50430194194144312E-02  3.76562625261224415E-01  5.67483090996801720E-01  5.08290510727426148E-01 -2.75265703189897404E-01 -1.43752200084103554E-01  2.22532149814873487E-01 -8.15977537940751341E-02 -3.41850795795083429E-01 -1.06234009436329449E-01 -3.20003050484363005E-01
 -1.93748848713012456E-01  2.03195350952551715E-02  8.63186213680069703E-02 -3.22070259080177779E-01 -2.02700305758425708E-01  7.53480190884429635E-02 -2.88418914113887891E-02 -2.68530625539047975E-02  1.00936494337865681E-01  6.17409263736178604E-02 -3.73384082667555628E-01  8.56140691408966842E-02  8.19369300628319114E-02  2.16581986709581342E-01 -2.03693158248167694E-01 -3.20258419657988347E-01  8.38754099385382312E-02  1.46593739598610343E-02  2.77322999536482984E-01  6.86938046908878303E-02 -1.77074459341554191E-01 -2.10531231861950774E-01  4.23675502632120879E-02  2.04011917018805722E-01 -2.71710048017216266E-01 -1.92959543948705681E-01 -3.56803862023138399E-03 -1.80994627563702604E-01 -3.22246673116020291E-03 -2.43267638568045036E-01  1.10230529202039212E-01 -1.68375784697491926E-01  1.86998269554973839E-01  7.72069527533404600E-03 -8.06148726079759376E-02 -3.81861616515179914E-01 -9.25258925677736321E-02 -9.91914809355151916E-02 -5.44101022311955021E-03  1.35130027318122736E-01 -7.64048401692154489E-02 -9.54273174453835055E-02 -1.01112156478304835E-02 -3.28974831188425187E-01 -1.47350659333973261E-01 -4.30027668092479581E-02  1.63662379486949533E-01  1.19185530684468577E-01  2.85363323060728757E-01
  2.09327075756635422E-01 -2.45076640508464887E-02 -5.37896901272542971E-01 -4.13091994978662322E-02  9.31095273476500174E-02 -1.68913571286344807E-02 -3.34928136902843121E-01  4.11374642808465113E-02 -1.57046897997005469E-01  1.52845833600190023E-01  1.63985256170387922E-01  9.76651933291280416E-02  2.92904596152179175E-01  1.06771605037651623E-01 -1.63082027590677608E-01  9.44862014262929789E-02  9.10680318498830327E-02  5.82743134023919890E-02 -1.54768132221904581E-01  1.82348848059485980E-01  8.75630948696175665E-02 -4.40247959185516291E-02  1.72007098910473277E-01  1.84683451593459953E-02  9.40269448162697197E-02  1.25819257054489458E-01 -3.38773062352930643E-01 -1.91269909984994380E-01 -1.75131428500311437E-01  7.08057116115260177E-02  1.50924463210122622E-01 -2.58620310410694498E-01 -6.69040344061781200E-02  3.20607142862366523E-01  1.02153298849959578E-01 -1.97457147908030484E-01 -3.57212466736740800E-02  4.32176726583879088E-03 -2.49124548483676406E-01  4.50021212698928849E-02  1.85918903441740835E-01 -1.29650880775386557E-01 -6.66764554636280118E-03  4.09564378147495439E-02  3.33925241690128771E-01  1.01043616666732200E-01 -1.66995847733066388E-01  1.66918748088088015E-01  2.05150008670042655E-01
 -4.19519574147778629E-01  1.57385592965525234E-01  2.34460588152837525E-02  6.69335409725515529E-02  2.63839168896133867E-02 -4.89512050019449349E-02  2.56611567065073876E-01  6.11887342406160009E-02  8.64736929680655353E-02  8.64903052054068339E-02 -1.61114155796869774E-01  9.71650149728828100E-02  9.60602633458042116E-02  6.92507096229092595E-02  1.92633636381431689E-01 -9.36178194881004122E-02 -3.64013692060099411E-02 -4.45650050893337812E-02 -6.77457100970726839E-02 -2.15456415641381432E-01  1.52107942986436262E-01 -1.41922003636015148E-01  3.74818104323278889E-01  1.86298455427248537E-02  9.06499894924728267E-03  5.59226355685303114E-02  2.51072880920877095E-01 -2.47876426503719743E-01 -3.17417619016783156E-02  8.98334597418798814E-02  1.53455340800030732E-01 -1.66028816244492339E-01  3.02286165991760059E-01  1.11008536886430795E-01  7.43162690409947396E-02  2.01238437170640320E-02  2.08760279510800534E-02  2.84347330148204069E-01 -6.66036419369125665E-02  3.88718724824796635E-01 -2.24158643469183239E-01  4.51912028045091285E-01 -1.68372248458224905E-01  1.25954244495957240E-01  1.02937689494621593E-01 -2.05207592813949569E-01 -2.44016535995118550E-01 -2.41200411951332128E-01  1.22229169451029449E-01
  4.46206214420599226E-02  8.32967419145827226E-02  6.32228120487820788E-02 -3.40620341507519464E-01  1.30442685745738141E-01  3.16567432988145644E-02  7.61237076343935365E-02 -3.35158050421807616E-02  1.44842357307394642E-01  7.01758451642957026E-02 -1.44861327651092470E-01  4.08835608320932353E-01  7.48120942529613558E-02  2.79614678155490126E-01  6.88103728130291387E-02  1.16657609491643138E-01 -2.55515820165532315E-01 -5.98562294730996813E-02 -3.96346546563240629E-02 -4.30524026949062777E-01  7.36564450020211064E-02 -1.58010316122930178E-01  1.14482218290722762E-01  1.92778319370532664E-01 -1.35098808430330952E-01  4.71573896320414895E-02  2.15346333785931959E-02 -1.22521809397232062E-01  1.05176071523835013E-01  3.67016329745061820E-02 -5.31520724272263427E-03  2.48052858090138606E-01 -9.16910027958691976E-02  6.65029644456425484E-02 -4.30580553506409794E-02 -1.53077205881263834E-01 -2.52223854586457984E-02 -2.36271030239552871E-01 -1.88170104274731242E-01 -1.44485515601618042E-01  1.40145168868180292E-01 -1.72941490970466183E-01  1.05155766416089785E-01  1.22706425520031234E-01  1.34661709481008231E-02 -6.83371813362484426E-02 -3.72323665026311826E-02  1.07638434840043540E-01  2.45104592598693827E-01
  2.55000377096104236E-01 -1.78579495120734399E-01 -3.35845504300095909E-01 -1.30972731195980407E-01 -1.84011783039463132E-02 -2.37364682492937379E-01  3.39395652266210823E-01  3.93387964626894016E-01 -1.47964873495549792E-01 -1.15794519309961472E-01 -2.48842700056546462E-01  3.14011125753096143E-01  4.30559157036880455E-02  9.39515918017808233E-02 -1.33078225526221082E-02 -4.21522818835821586E-03  1.05322492526054787E-01  1.96514366738303248E-01 -1.28122855445610112E-01  8.68415907286764072E-02 -7.91947472616476716E-02  2.24288286376266105E-01  1.04817305522376364E-01 -6.07215985523277199E-02  2.56640659966900220E-01  4.85448800221077337E-01  2.20202802861884289E-01  1.90283441450532442E-01 -2.68513105804399632E-01  1.18543137763401252E-01 -1.80023881792905349E-01  4.37121407131356721E-01 -6.58659418120085133E-02 -6.96379217600672645E-02  6.38278762957959073E-02  4.97300213209428577E-01  9.26094758638941751E-02  4.83351801493379474E-01  4.91670828623432976E-01  1.15809041804021906E-01  1.96011287623466986E-03  8.38969419848232117E-02  1.33493241873781036E-02  1.61461781107257285E-01 -3.32155571389567306E-01  5.06898261829704169E-02 -1.12182960079987556E-01 -4.31610876016778777E-01 -1.64493038874588632E-01
 -1.09789553493115546E-01 -8.67947687242844740E-03 -4.07966307655957330E-02  1.61219129060916649E-01 -3.25882756721322775E-01 -3.98025437738580901E-01  3.48030083033166349E-01  3.54852070695010971E-02 -1.57906749458293943E-01 -1.57399239523959178E-01  2.58508061514784226E-01 -3.71039162337969464E-01 -2.54676628638784930E-01 -1.80613454405588653E-01 -2.69692377896343261E-01  2.09411137422212651E-01  2.48895797964786253E-01 -4.46647451419778657E-02  1.43109184155807648E-02 -6.83373372333771212E-02  2.68433495266472422E-02  1.88321660246764083E-01  6.40732622258522178E-02 -3.53505037890883334E-01  3.19289742843089572E-02  1.21931443279431700E-01  2.33240065061255525E-01 -9.60574074975853731E-02  2.91454088189362914E-01  4.35728940517107963E-02  7.65237278349059497E-02 -1.84612040006857908E-01 -1.15871082971728503E-01 -1.88536463852684633E-01  2.38321156040116056E-01  7.81775948354757610E-02  8.07362579054644869E-03  1.40551763155851828E-01  3.64140249390033921E-01  2.11527818544656854E-01  1.41009543588400149E-01  1.58370779173137188E-01 -8.84975824959136487E-02  6.43955679275225678E-04 -1.65493335095433486E-01 -1.21526441687209066E-01 -2.45619555101918730E-03 -1.38928138001164999E-03 -1.41641490607677584E-01
  3.19889264191496214E-01 -1.23451808838344491E-02 -1.50133045523635239E-01 -1.61476020440783435E-01  2.16557117080567574E-01 -3.00164899718205098E-02  6.98370013861672745E-02 -1.65599388619291188E-01  2.46595117927116636E-01 -7.99584695916212174E-01  5.62183137735882341E-02  6.03471706513217104E-02  2.34564536327139334E-01 -3.78441587331683371E-01  1.16609317034881838E-01  1.78083757347319876E-01  1.32526927315580412E-01  1.48074761504899149E-01  4.69145185320847535E-02  4.33576235213294775E-02  6.10460759421119908E-02 -1.60056021143161115E-01 -1.45033866666244640E-02 -1.69581010271806248E-01 -5.85120403622860441E-01  1.89839349664875201E-01  2.44885019673434581E-02  8.47644528106645395E-03  3.20945160893023274E-01 -1.79547694368935001E-01  1.34511396530883343E-01 -3.57477962090195556E-01 -3.06391612657251969E-02 -2.75599455269620652E-01 -1.15226812437089848E-01 -5.43308401937846771E-04  4.33953906017027435E-01 -4.32713480670597270E-02  4.85993685139382292E-01  4.95631070387251849E-02 -3.48400852700713026E-01 -2.48633775689015069E-01 -1.85590352193082314E-01  9.76679841251868880E-02 -2.69658589563368634E-01  8.65813152562536353E-02  6.89986187019117764E-02 -1.72865885421750964E-01  4.45664648678411462E-02
 -2.68370247962603330E-02  5.27381742409246179E-01 -1.03617267843240116E-01 -4.33916792741608381E-01  4.25286333377572628E-02  4.77903979283194336E-01 -1.52652538418832251E-01  1.64083351264494554E-01 -1.38335497830230830E-01 -3.06221031553341405E-01 -2.50601159720287459E-01 -3.53836932230629994E-02  6.61921978450486469E-03 -1.31209941262286856E-01 -1.60186116039715776E-01 -3.77569709174346735E-01  2.76068814375608138E-02 -1.55708288212466711E-01 -1.07564681140072047E-01 -4.40878893430615010E-02 -1.28226863626621473E-01  1.44198970026722634E-01  1.02811721312880508E-01  2.22366626135509254E-01  8.88625603395932634E-02  1.05078842936630154E-01 -9.16706705600085908E-02  1.43057941289687296E-01  2.10900220864969734E-01  9.46348151642921742E-02  1.18487460769909500E-01 -5.45682967119664741E-02 -1.69894561898794760E-01  2.39067985361590130E-01  6.69499549489626852E-03 -2.24702256897111319E-01 -3.65485217229242321E-01  5.96948241233074828E-02  9.96649653820822351E-02 -2.13429031457139096E-02  2.19718425676987822E-02  9.64312600469788977E-02  1.47907302783783640E-01 -1.52928709169320803E-01  7.08392391656319509E-02  6.03633407500724570E-02 -1.76226595120724555E-01  8.48480162288726414E-02  1.05551232877875503E-01
 -4.79361976462235884E-01  1.87135275775257098E-01  1.42947220723363050E-01 -1.82145735705618261E-01  8.15132666036238462E-02 -3.29137907886380032E-01  2.83419075708850443E-01  1.21919572199856344E-01 -4.85813370717224149E-02  2.31123263704660992E-01 -1.28600590150779071E-01 -1.91365334074044796E-01 -3.02106376276088995E-01 -3.12844719607288713E-01 -1.60089290121155393E-02  1.59852205647102091E-01 -7.68825666619007541E-03 -1.24027684183105918E-01 -8.07476130410062776E-02 -2.93882889440856165E-01 -8.49248817280811724E-02 -3.50592435494185978E-02 -4.72480725353513764E-01 -7.47488701847716895E-03 -4.80752545026688405E-01  2.32391004803422091E-01 -1.34453621928261297E-01  1.70850125228823368E-01  3.38418810135943271E-01 -1.10196580235957561E-01  8.12001722489506111E-02 -3.89670455098857435E-02  5.83204449276693085E-02  2.71672738066774389E-01 -4.05301501938107933E-01  1.58577547246576606E-01  2.72819740951863565E-01 -4.61077865821956367E-02 -1.74234725825404085E-01  3.62395265232389810E-02 -4.04942355559869821E-02 -5.64207017984991066E-01  1.11634783498485560E-01 -1.10397513441918740E-01  7.55109040282949256E-02  2.40459596379965695E-01  4.30563257325326937E-02 -3.41989380836624279E-01 -3.54068649928023615E-01
  2.18918381274407466E-03 -2.08049682667630714E-01 -5.83110611980813889E-02  2.38859619528658473E-01 -1.24127521239502468E-02 -3.18484932646413532E-01  2.74161002524132058E-01  2.09829489785179041E-01 -1.08616025949000161E-01  1.72915380241458666E-01  2.56400110549142468E-01 -4.80452649596531667E-02  7.73898519420990194E-02 -1.94583547161099740E-01  2.58790989469965982E-01  3.80484861344648900E-02  6.73824422654814570E-02 -4.92657819454369889E-03  3.33798620858217002E-02  3.10011094545610710E-01  2.47499297141837105E-01 -2.17084838479904868E-01  7.41030667587894709E-02 -3.27467084570922051E-01 -2.41024644214036077E-01  3.25846383324075520E-02 -4.06299402009296842E-03 -7.06239912854572938E-02  1.24040426844642407E-01  9.66899781004000869E-02 -9.41220767336705677E-02 -1.21114268314574766E-01 -1.13121041736977748E-01  7.66462046694864479E-02  1.92173221315079440E-01  1.74330852716375662E-01  2.44091911011961316E-01  2.05724511828528439E-01 -2.15000007485121686E-01  5.20430625938718486E-02 -4.43001100722105259E-02  3.60493275781594069E-01 -1.68353276188129314E-01  1.89981460629094989E-01 -2.19778840677855136E-01  3.12946940925044256E-02  1.14260909595583326E-01  3.69087370283207705E-01  7.67584367516355864E-02
 -6.03405061046761171E-02  1.95912317936196512E-01  8.13635336100065193E-02 -2.50004057369939969E-01  2.33677137451700268E-01  5.62367026399181458E-02 -1.53473526715069170E-01  4.71419012974255036E-01  4.80260296465012282E-01 -6.51545311944453070E-03 -3.09843164051305298E-01  4.04346258216485732E-01  1.26827079396625603E-01  1.45344071884987491E-01 -2.03072062121809754E-02 -1.58417262490471916E-01  1.83340176101510127E-01 -5.60109223980358936E-02  4.96194100887384706E-02 -1.22430052893776151E-02 -2.41937372773793569E-01  3.17077439636412120E-02 -2.08039381624841924E-01 -2.70887644780054004E-01 -2.33216462091814895E-02  2.24980496359254240E-01 -3.10031342925461591E-02  4.22231403365179378E-02  1.03705715254065259E-01 -3.07059433473415910E-01  1.03425759133235706E-01  2.64449422666892253E-01  8.45296978728379278E-02 -3.98614335630492755E-01  7.41485338230953306E-02  6.07447301146386426E-02  2.11608366640057832E-01 -6.23187649638597338E-02  1.80214312087654371E-01  9.60789803809732473E-02 -5.35014467730773532E-02 -1.96711466190724521E-01 -1.57752965039302945E-01 -2.64704618048129281E-01 -1.21480349936539084E-01  2.98777200811575383E-01  8.98835619240686418E-02  1.43027658340026592E-01  1.02404366030349733E-01
  2.12348982540616366E-03 -7.69927263733544004E-02  1.52885652239601544E-01 -4.87098128564688426E-01  4.03143055893028512E-02  6.70135506032574990E-01 -8.48676919914954642E-02 -9.12609372449478262E-02  1.39527272712537481E-01 -4.21879784674009592E-02  3.29933949996208441E-03  1.75648993855041874E-01  2.22848803226062264E-01 -1.80044624525074304E-01 -4.45682627896261258E-02 -1.47586043065736555E-01 -1.81001007045049594E-01  5.04187290954428921E-02 -3.22823660068726981E-01  2.78319285143362849E-01  8.00432897787091702E-02 -9.17186889595124483E-02 -2.23058262471658747E-01  3.27948724383708423E-01  1.40112453458944131E-01 -1.91727896728881853E-01 -1.40332804795670479E-01 -7.48945292492987497E-02 -2.67666784470620533E-01 -1.70991796236195231E-01  3.04262394885917664E-01 -7.04957477579978842E-02  2.09970890812368999E-01  1.62124400218720072E-01 -2.63663085654274154E-01 -1.54118640864053053E-01 -2.03608953926669778E-01 -4.36208993988388916E-01 -1.92613584817916877E-01 -1.76650609112745410E-01 -2.54718594232020756E-01 -4.52419488931770086E-01  5.05065813275328290E-01 -3.02896240996287890E-02 -2.10399824112593392E-01 -1.46680729393473236E-01  2.17201300324532998E-01  3.75078692691162632E-02  2.46781651247671124E-01
 -1.70738198338957953E-01  2.50674435774756510E-01  2.97700496559884398E-01 -8.37655820552870994E-02 -3.37693682777773285E-01 -1.85411945118390958E-01 -7.21525634142314021E-02 -1.86636960553620418E-01  4.11016716083011935E-02 -1.18212713584325765E-01  1.37005200021926482E-01 -3.29793943564596764E-02 -4.04680977975663617E-02  4.81217535745676259E-02  2.58110276787094139E-01 -3.83636384779071637E-02 -2.00237941241495548E-01 -4.48965352119528524E-02  1.85579503087097697E-01  6.21565135882421529E-02  2.11140824414370099E-01 -2.51599634117597504E-01 -3.10680092163767574E-01  5.65586644712569656E-02  1.55548831210854360E-01  4.40351657065894617E-02 -2.02982992770587151E-01 -1.25058044781837019E-01 -5.45949208485204535E-02 -1.55940315885443725E-02  3.18083296370777535E-01  1.18425303503140150E-01 -1.43891424801612690E-02 -2.51003320301059818E-01 -2.43771310896943663E-02 -4.86558763306282893E-02  6.74693414102991024E-02  2.30164923507343633E-01 -9.36766078819687709E-02 -8.22868397995652895E-02  2.14764835770328344E-01 -3.08786825834513473E-02 -1.88076290904722276E-01 -8.21824714822027985E-02 -2.01895508729316858E-01 -2.20320936423304387E-01  7.83730455263033504E-02 -5.29143662113215063E-02  8.30096660613529186E-02
 -3.09268955459691408E-01 -3.98363053840913195E-01  4.49986599044190416E-01 -3.91156532342748636E-02  3.25987475730475929E-01  5.10990093918430754E-01 -4.42637627071548079E-01  1.20611462825806121E-01  2.57540383852696675E-01  3.39277624945254819E-01  5.64711804276088136E-01  3.46446478925134693E-01  2.58934780077096249E-01  1.19225633313952946E-03 -3.16621367914262875E-01 -2.30110141742912236E-02  5.82879857760064790E-01 -4.49269833211229819E-01  4.80256752029180403E-02  2.23682498464685992E-01 -4.06163890442905184E-01  6.66219815084359984E-02  9.75187353558663039E-02  2.19671326251879878E-01  6.48479726615294516E-01 -3.25772200999877526E-01 -2.14150415010090356E-01  7.22667655840979917E-01 -1.65883279572547421E-01 -2.92330167510947592E-01 -4.52698395661312647E-01  3.97188899075547330E-01  1.81955734067079627E-01  6.17609823147251893E-02  1.06830202454883658E-01 -4.23478564922704470E-01 -2.57089295030678844E-02  1.69841174404391643E-01 -9.22760595827320888E-03  1.57891346905547625E-02  2.87582492388860245E-01  3.46526441399368834E-01 -1.08154436953935701E-01 -4.64805588254419033E-01 -4.29095624194507225E-02  3.02984599016480338E-01  3.46625056974282808E-01  1.06505906051498067E-01  9.16346740431490531E-02
 -3.31643308837920592E-02  4.30486377694950628E-01 -4.35022806611279456E-01  2.49940484409733515E-01 -6.71962197204827444E-02 -7.91918979980412302E-02 -1.19828202481390353E-02  1.70628692189100900E-01 -4.25897092186102930E-02  6.97182850709549690E-02 -2.36135878449685449E-01 -3.52242926142779578E-01 -1.17218826269599799E-01 -3.63403872157870733E-01  3.38976783684576566E-01  4.58411122273335525E-01 -2.39408586501085763E-01 -4.68942107581905646E-02  8.65319267776069323E-02  6.72262730886204612E-02 -2.66026834436394743E-01  1.50804840503162396E-01  4.38264000452189273E-02 -2.82385983790575945E-01 -7.08173685884533222E-01  5.71474101806163315E-01  1.77865067856278099E-02  1.30790500739041277E-01  4.93147329497025722E-01  2.78261343738536449E-01 -1.02242629529035720E-01  6.06063156717682849E-01 -3.11874676495225933E-01  1.20116731758501058E-01 -5.68522440521477823E-01  2.84488015106222458E-01 -2.02248464192479466E-02  3.88939349935811252E-02  2.32532748995732980E-01 -5.20260867682899364E-01  2.95282101127761876E-01 -1.39836135205061302E-01 -1.86634847348075450E-01 -1.15660770621658499E-01  4.15148916986294747E-01  3.35251557378251699E-02 -3.86902441103476546E-01 -6.98845050755549646E-02 -1.18809586448776247E-01
  1.73455792098870416E-02 -2.26358708804235316E-02 -8.91256411503877320E-03  6.19430468417811741E-02  6.86839181455608516E-02 -1.01843215973494675E-01 -1.05205531539577013E-01 -2.02367208729867770E-01  3.46044245920793414E-01 -1.17559855835195751E-01 -2.79840217236732414E-01  1.03775753254637573E-01 -6.17774452836782687E-02  1.98895556459195766E-01 -2.85279074528835663E-01 -1.96369058239516003E-01  4.23949891003138832E-02 -2.01914140992564745E-01  4.36397097090833408E-01 -1.13570269308363656E-01  2.00496064457549750E-01  7.09172555741545696E-02  2.96632965531246177E-02  2.99386835270314455E-01  5.64161504767734967E-01  1.84561447495632608E-01 -2.68445841800997120E-01 -2.30326199926755015E-01 -2.71844067047417259E-01 -6.88997931096640009E-02 -2.05615650389902288E-01  2.13358114436926427E-01 -1.72109964125717080E-01  1.75425468283125496E-01 -7.52361041387656360E-02 -7.67352237810903087E-02  1.83251941443841854E-01  3.19275842211512673E-01 -1.57304481706387139E-01  3.06662367655377854E-01 -1.50634699384821269E-01  3.38966381068519063E-01  3.84113242612463546E-02 -1.26228288801893719E-02 -1.34468267622276566E-01 -3.19958252964000767E-01  3.53382589432734706E-01  1.25582918672043336E-02  2.47044984373437290E-02
 #l=           4
 -3.28065559800408746E-01 -3.21111319614851010E-01  4.43328743807044484E-02 -2.11175527823924611E-02 -4.06740594516274478E-01 -3.30167974486631877E-01  5.53323384252984996E-01  5.65033057724642740E-01  1.09831434951457377E-01  5.05469215928572413E-01 -2.79146914319821859E-01  4.31501980055026990E-01 -5.81319581161816812E-01  7.64969259307413330E-01  1.58782453452215977E-01  8.20214830628522434E-02 -1.22942963355095891E+00  8.35195103124126842E-02 -7.90892871735990988E-01 -1.91519986496874711E-01  5.36757503421179560E-01 -8.63271260349443292E-02  1.24318222216466023E+00 -6.81538036440102579E-01 -1.04553006517189284E+00  4.82866708460837832E-02  3.00000925565555021E-01  6.78006453442405288E-01 -2.99380192936254050E-02  4.67714670889235684E-01  1.61857281465672714E-01 -1.51783900918834227E-02 -5.57519929007527643E-02 -6.90144288119712068E-01 -8.71196392837441769E-01  3.53553197791827589E-01  4.25968814173722343E-01 -4.03826890369763769E-01  4.80793065257141133E-02  5.73270580729252355E-02  6.58541036842788668E-02 -1.31861385710928397E-01 -4.23158747375311714E-02 -1.70392709804157216E-01 -9.37019662837162870E-01  1.42988855659322622E-01 -3.28098565571534162E-01  5.74535291475364307E-01  3.92870568781585050E-01
  2.41199506298512029E-01 -7.44103747691885142E-01  2.44437336020878804E-01 -2.49258406865446425E-01  6.13124058065551258E-01 -5.56494582648673131E-01  6.50934365763396888E-02 -2.02528621933702746E-01  7.08673966364554292E-02  4.88555010240129095E-01  2.88257779513063084E-02  4.49168125046714994E-01  8.83173810700195627E-01 -6.63616643971883691E-01  8.80654709224580057E-02  5.26507652182562763E-02  1.11248313490928918E+00  3.64141540386715090E-01  7.22538218040723046E-01 -5.65898140526293725E-01  7.71981474900952702E-01  9.52168086539399994E-01 -1.16755298383483766E-01 -3.99811889272558840E-01 -1.15295439657066878E+00  2.01230856675432612E-01  7.04453014675284095E-01 -2.59388697306189631E-01 -2.91900430951796741E-01 -5.27681228959353432E-01  5.90986658460987191E-01 -7.92106447404085229E-02  7.46962886301803630E-01  8.19614374568947007E-02  9.31631802789458119E-01 -4.65505737747577919E-01  3.27878024398734702E-01 -3.54341638427611350E-01 -3.19584894432104749E-01  2.30666077124052238E-01  1.10212627278226585E-02 -6.92333822918322073E-02 -2.28567263907658608E-01  4.97015238527733161E-01 -2.08419216202969132E-01  2.86256127198786903E-01  5.98024646013650407E-02  1.03847755821764465E+00  9.80342070672836408E-01
  9.98924981174425380E-02  8.59497800895924619E-02 -2.11849514678962153E-01 -1.18261645646383728E+00  2.97543133337134169E-01  4.70775138109312208E-01  3.69814141166695920E-01 -5.38068461279959803E-02  9.47273192882414738E-01  7.32089870024384554E-02 -9.15857314582472992E-01  2.39612817138030315E-01 -9.27368503373453001E-01 -4.03234465844451551E-01  1.36881991418311533E-01  6.60728424259092173E-02 -5.20394655146952489E-01  5.56388876186458270E-01  3.22725098263319521E-01 -2.79350691396687056E-01 -1.47725887858851018E-01 -5.74871745320584826E-01 -1.27201415776301896E-01  4.40626068597944787E-01 -3.39416341475220817E-01 -6.17062375541013952E-01  2.92346068302592410E-01 -2.46004013925971793E-01  7.00784874939580305E-01 -7.77171026961616107E-02  1.59457590133549626E-01  4.23680941117045781E-02 -6.40976528800421885E-01  4.49208010455225071E-01 -1.44595334595661942E-02  1.93856433651729110E-01 -1.24216634665842124E-01  2.94342272410888617E-01 -1.06307701691471124E+00  2.08357017276768419E-01 -1.88370974073806090E-02  7.81041318379092409E-01 -6.23044803427348012E-02  1.11611680559764048E+00 -6.23615115238065898E-01  4.94841795625948402E-03  2.16492747415935632E-01 -2.06551031515388367E-01  6.82849467092172757E-01
  1.95632909002181471E-01  2.60369871233647077E-01  2.75370447683768893E-01  1.14703093620953389E+00  5.45591590558931333E-02 -6.76001690773807007E-01  2.40196432731262483E-01 -3.45981835483640754E-01 -1.20565482113281042E+00  4.01520637749893272E-01 -8.94606740818186807E-01 -2.99859456864323248E-01  3.21551446006304809E-01 -1.02358105014434320E-01  1.16021100498267929E-01 -6.58377571602357797E-02 -7.19301039164873535E-02 -5.46771533689542552E-02 -5.49038140323672375E-01  1.44451788053423152E-01 -9.45468801371118106E-01  4.24325081171539720E-01 -3.29716631897555290E-02  3.31956242149466840E-01  4.45700936429242300E-01  1.49704617898273051E-01  6.90217069675881145E-01 -8.73189711543772562E-01  5.58319225100190830E-01  3.47377631035294177E-01  2.35156908202963921E-01  2.82838545389239582E-01  4.21737813560836949E-01 -7.29390830401567963E-02 -3.57584101064807758E-01  5.07525311379624644E-01 -1.62745503993539431E-01  7.48563507017259155E-01 -5.07185323719821612E-01  8.19821229401479640E-02  3.61003708442724988E-02 -2.59633465551913578E-01 -1.78809973548671591E-02 -1.46140848955402136E-01 -3.96383552731764288E-01 -2.62330069290950318E-01 -7.88077242105060916E-01  3.89747532319116463E-01  5.08825706639908781E-01
  9.66161162335716917E-01  7.09022324734823406E-01  1.17327413972202879E-01  2.43193132965327019E-01 -9.90196527468488880E-02 -2.99794339026617895E-01  1.11302272688550474E-01 -4.90292597836283317E-01 -4.25712386662604247E-01 -1.09090380891201572E-01  1.34438830285071087E-01 -1.21836513385268241E-01 -1.89735288772141547E-01 -3.58150316798872215E-01  1.54818275176005016E+00  1.06334441449796113E+00 -1.75265281279728152E-01  7.22434873792596854E-01  2.15649872354527650E-01  4.82023419980152634E-01  5.33117603703136766E-01 -5.54534926001382877E-01 -9.03177938579099004E-01 -3.28484704664722071E-01  3.51142443453141273E-02  7.54109752822213708E-01 -6.63202427214240053E-01  6.56749744458442031E-01 -7.38416054925176701E-02 -1.79720082949775539E-01  4.47143313900916148E-02 -1.61773254126265642E+00 -1.09492971849418774E+00 -1.39802556150862428E-01  1.02382045493573742E-01 -2.50451684872748936E-01  3.89596903839747599E-02  8.30708803215359892E-01 -9.30033526135495420E-02  1.48128523522579436E+00 -1.10538555671504701E+00 -1.04377740434697275E+00 -9.04369419698061061E-01  1.27264526726206112E-01 -1.58053009025752103E-02  3.03077052243901413E-01 -1.73216642949195654E+00 -7.77598336132063972E-01  3.09260065965027364E-01
