   -3.0630528373E+00   -3.1415926536E+00    3.5253122846E-04    1.5037172981E+00    1.0716635751E-03    7.9353218166E-02   -4.9875095880E-01    9.6084680447E-18    1.4969173337E+00   -1.2208716218E-16    7.8459095728E-02   -4.9692208515E-01
   -3.0630528373E+00    3.1415926536E+00   -3.4540698530E-03    1.5010027088E+00   -1.6958906229E-03    7.3455708237E-02   -4.9884074652E-01   -9.6084680447E-18    1.4969173337E+00    1.2208716218E-16    7.8459095728E-02   -4.9692208515E-01
   -3.1415926536E+00   -3.0630528373E+00   -8.7988470256E-04    1.5024193010E+00   -7.7997780296E-02    1.6758693125E-04   -4.9864233704E-01    9.6084680447E-18    1.4969173337E+00   -7.8459095728E-02    1.2208716218E-16   -4.9692208515E-01
    3.1415926536E+00   -3.0630528373E+00   -6.2280960404E-04    1.4984824175E+00   -7.5412061965E-02    1.8444506309E-03   -4.9895299265E-01   -9.6084680447E-18    1.4969173337E+00   -7.8459095728E-02   -1.2208716218E-16   -4.9692208515E-01
   -2.9059732046E+00   -3.1415926536E+00    1.1907003697E-03    1.4720679132E+00   -2.6301507112E-04    2.3459123838E-01   -4.7225278840E-01    2.8588811762E-17    1.4723699204E+00   -1.1908097106E-16    2.3344536386E-01   -4.7275163105E-01
   -2.9059732046E+00    3.1415926536E+00   -2.7253024610E-03    1.4713556902E+00    9.0898174567E-04    2.3324293428E-01   -4.7276370018E-01   -2.8588811762E-17    1.4723699204E+00    1.1908097106E-16    2.3344536386E-01   -4.7275163105E-01
   -3.1415926536E+00   -2.9059732046E+00   -9.3378476045E-04    1.4700673558E+00   -2.3462557795E-01    3.6758603173E-04   -4.7154501286E-01    2.8588811762E-17    1.4723699204E+00   -2.3344536386E-01    1.1908097106E-16   -4.7275163105E-01
    3.1415926536E+00   -2.9059732046E+00   -2.2182563307E-03    1.4705961190E+00   -2.3195267995E-01   -1.2310208055E-03   -4.7331434540E-01   -2.8588811762E-17    1.4723699204E+00   -2.3344536386E-01   -1.1908097106E-16   -4.7275163105E-01
   -2.7488935719E+00   -3.1415926536E+00    9.4923325332E-04    1.4205446041E+00   -7.9674927427E-04    3.8271380022E-01   -4.2567455690E-01    4.6865204053E-17    1.4238795325E+00   -1.1314261123E-16    3.8268343237E-01   -4.2677669530E-01
   -2.7488935719E+00    3.1415926536E+00   -1.4071793081E-03    1.4214460579E+00    1.5288461718E-03    3.8472096093E-01   -4.2568225550E-01   -4.6865204053E-17    1.4238795325E+00    1.1314261123E-16    3.8268343237E-01   -4.2677669530E-01
   -3.1415926536E+00   -2.7488935719E+00   -6.1754191152E-04    1.4194114169E+00   -3.8412599914E-01    1.4064185761E-04   -4.2474556021E-01    4.6865204053E-17    1.4238795325E+00   -3.8268343237E-01    1.1314261123E-16   -4.2677669530E-01
    3.1415926536E+00   -2.7488935719E+00   -2.3920187766E-03    1.4214083785E+00   -3.8274486130E-01   -1.9025880389E-03   -4.2658785165E-01   -4.6865204053E-17    1.4238795325E+00   -3.8268343237E-01   -1.1314261123E-16   -4.2677669530E-01
   -2.5918139392E+00   -3.1415926536E+00    2.1474752697E-04    1.3490085093E+00   -6.7225747656E-04    5.2126398798E-01   -3.6268656316E-01    6.3987619484E-17    1.3526401644E+00   -1.0441830481E-16    5.2249856472E-01   -3.6349762493E-01
   -2.5918139392E+00    3.1415926536E+00   -1.2931921657E-04    1.3509388957E+00    9.6494081113E-04    5.2493260015E-01   -3.6205636439E-01   -6.3987619484E-17    1.3526401644E+00    1.0441830481E-16    5.2249856472E-01   -3.6349762493E-01
   -3.1415926536E+00   -2.5918139392E+00   -1.0441294210E-04    1.3492932239E+00   -5.2348731670E-01   -2.0953062597E-04   -3.6215819388E-01    6.3987619484E-17    1.3526401644E+00   -5.2249856472E-01    1.0441830481E-16   -3.6349762493E-01
    3.1415926536E+00   -2.5918139392E+00   -1.7152786207E-03    1.3508855506E+00   -5.2376170685E-01   -1.2779003084E-03   -3.6306799134E-01   -6.3987619484E-17    1.3526401644E+00   -5.2249856472E-01   -1.0441830481E-16   -3.6349762493E-01
   -2.4347343065E+00   -3.1415926536E+00   -5.6325411188E-04    1.2579826942E+00   -1.1725342031E-04    6.4753713830E-01   -2.8892798058E-01    7.9534447360E-17    1.2604059656E+00   -9.3122873182E-17    6.4944804833E-01   -2.8910861626E-01
   -2.4347343065E+00    3.1415926536E+00    7.8615968096E-04    1.2603343866E+00   -3.1934303944E-05    6.5118448205E-01   -2.8786964033E-01   -7.9534447360E-17    1.2604059656E+00    9.3122873182E-17    6.4944804833E-01   -2.8910861626E-01
   -3.1415926536E+00   -2.4347343065E+00    4.0008328752E-04    1.2594670419E+00   -6.4974841404E-01   -5.0475913501E-04   -2.8905983426E-01    7.9534447360E-17    1.2604059656E+00   -6.4944804833E-01    9.3122873182E-17   -2.8910861626E-01
    3.1415926536E+00   -2.4347343065E+00   -6.7583986700E-04    1.2599112502E+00   -6.5133293922E-01   -2.1989603754E-04   -2.8871475992E-01   -7.9534447360E-17    1.2604059656E+00   -6.4944804833E-01   -9.3122873182E-17   -2.8910861626E-01
   -2.2776546739E+00   -3.1415926536E+00   -1.0917354220E-03    1.1487343786E+00    5.9668703836E-04    7.5865882312E-01   -2.1135447669E-01    9.3122873182E-17    1.1494480483E+00   -7.9534447360E-17    7.6040596560E-01   -2.1089138374E-01
   -2.2776546739E+00    3.1415926536E+00    1.2625689791E-03    1.1509928873E+00   -8.4742828826E-04    7.6105617321E-01   -2.1014553506E-01   -9.3122873182E-17    1.1494480483E+00    7.9534447360E-17    7.6040596560E-01   -2.1089138374E-01
   -3.1415926536E+00   -2.2776546739E+00    7.2326294671E-04    1.1507503300E+00   -7.6009548276E-01   -6.5395520801E-04   -2.1188962411E-01    9.3122873182E-17    1.1494480483E+00   -7.6040596560E-01    7.9534447360E-17   -2.1089138374E-01
    3.1415926536E+00   -2.2776546739E+00    3.4617057558E-04    1.1502118862E+00   -7.6228603853E-01    6.9172028200E-04   -2.1065522042E-01   -9.3122873182E-17    1.1494480483E+00   -7.6040596560E-01   -7.9534447360E-17   -2.1089138374E-01
   -2.1205750412E+00   -3.1415926536E+00   -1.2345719589E-03    1.0232959962E+00    1.2092320065E-03    8.5175769908E-01   -1.3744248053E-01    1.0441830481E-16    1.0224985647E+00   -6.3987619484E-17    8.5264016435E-01   -1.3650237507E-01
   -2.1205750412E+00    3.1415926536E+00    1.3675014267E-03    1.0250962003E+00   -1.0758028056E-03    8.5238543470E-01   -1.3629912786E-01   -1.0441830481E-16    1.0224985647E+00    6.3987619484E-17    8.5264016435E-01   -1.3650237507E-01
   -3.1415926536E+00   -2.1205750412E+00    7.7459372819E-04    1.0250473275E+00   -8.5195866003E-01   -6.2656338976E-04   -1.3782610355E-01    1.0441830481E-16    1.0224985647E+00   -8.5264016435E-01    6.3987619484E-17   -1.3650237507E-01
    3.1415926536E+00   -2.1205750412E+00    1.0955953218E-03    1.0242295212E+00   -8.5401119587E-01    1.1567072656E-03   -1.3647111649E-01   -1.0441830481E-16    1.0224985647E+00   -8.5264016435E-01   -6.3987619484E-17   -1.3650237507E-01
   -1.9634954085E+00   -3.1415926536E+00   -9.9421529285E-04    8.8441173041E-01    1.5271372523E-03    9.2419904316E-01   -7.4377447515E-02    1.1314261123E-16    8.8268343237E-01   -4.6865204053E-17    9.2387953251E-01   -7.3223304703E-02
   -1.9634954085E+00    3.1415926536E+00    1.2168659607E-03    8.8555239652E-01   -5.6860037620E-04    9.2325354831E-01   -7.3419320057E-02   -1.1314261123E-16    8.8268343237E-01    4.6865204053E-17    9.2387953251E-01   -7.3223304703E-02
   -3.1415926536E+00   -1.9634954085E+00    5.6269566646E-04    8.8523607808E-01   -9.2310450309E-01   -4.3964781372E-04   -7.4137669901E-02    1.1314261123E-16    8.8268343237E-01   -9.2387953251E-01    4.6865204053E-17   -7.3223304703E-02
    3.1415926536E+00   -1.9634954085E+00    1.4486163560E-03    8.8497180539E-01   -9.2446604104E-01    1.1151772734E-03   -7.3397217609E-02   -1.1314261123E-16    8.8268343237E-01   -9.2387953251E-01   -4.6865204053E-17   -7.3223304703E-02
   -1.8064157758E+00   -3.1415926536E+00   -4.7769642148E-04    7.3541770271E-01    1.4656063976E-03    9.7382245577E-01   -2.8320779674E-02    1.1908097106E-16    7.3344536386E-01   -2.8588811762E-17    9.7236992040E-01   -2.7248368953E-02
   -1.8064157758E+00    3.1415926536E+00    9.1575536097E-04    7.3585546633E-01    5.5604030411E-04    9.7200025331E-01   -2.7582378865E-02   -1.1908097106E-16    7.3344536386E-01    2.8588811762E-17    9.7236992040E-01   -2.7248368953E-02
   -3.1415926536E+00   -1.8064157758E+00    1.7701048188E-04    7.3494907903E-01   -9.7172467251E-01   -1.5047530519E-04   -2.7369207318E-02    1.1908097106E-16    7.3344536386E-01   -9.7236992040E-01    2.8588811762E-17   -2.7248368953E-02
    3.1415926536E+00   -1.8064157758E+00    1.4036680033E-03    7.3586339938E-01   -9.7214915504E-01    6.8217933563E-04   -2.7568169092E-02   -1.1908097106E-16    7.3344536386E-01   -9.7236992040E-01   -2.8588811762E-17   -2.7248368953E-02
   -1.6493361431E+00   -3.1415926536E+00    1.4745351638E-04    5.8007921694E-01    1.0611720565E-03    9.9912767898E-01   -3.8115835043E-03    1.2208716218E-16    5.7845909573E-01   -9.6084680447E-18    9.9691733373E-01   -3.0779148512E-03
   -1.6493361431E+00    3.1415926536E+00    5.4092163249E-04    5.7991231901E-01    1.9593176201E-03    9.9728884978E-01   -3.2733063378E-03   -1.2208716218E-16    5.7845909573E-01    9.6084680447E-18    9.9691733373E-01   -3.0779148512E-03
   -3.1415926536E+00   -1.6493361431E+00   -2.5431744767E-04    5.7830243994E-01   -9.9652109179E-01    1.5627718828E-04   -2.4979038221E-03    1.2208716218E-16    5.7845909573E-01   -9.9691733373E-01    9.6084680447E-18   -3.0779148512E-03
    3.1415926536E+00   -1.6493361431E+00    1.0553882793E-03    5.8061305049E-01   -9.9607089841E-01    6.7171829888E-05   -3.4178457008E-03   -1.2208716218E-16    5.7845909573E-01   -9.9691733373E-01   -9.6084680447E-18   -3.0779148512E-03
   -1.4922565105E+00   -3.1415926536E+00    7.0059263265E-04    4.2241260355E-01    4.4954929438E-04    9.9937443243E-01   -3.3305811987E-03    1.2208716218E-16    4.2154090427E-01    9.6084680447E-18    9.9691733373E-01   -3.0779148512E-03
   -1.4922565105E+00    3.1415926536E+00    1.4814797398E-04    4.2185166615E-01    3.1860601636E-03    9.9821915783E-01   -2.9561452665E-03   -1.2208716218E-16    4.2154090427E-01   -9.6084680447E-18    9.9691733373E-01   -3.0779148512E-03
   -3.1415926536E+00   -1.4922565105E+00   -6.1091018302E-04    4.1962797475E-01   -9.9678196666E-01    3.9149966383E-04   -2.2338802869E-03    1.2208716218E-16    4.2154090427E-01   -9.9691733373E-01   -9.6084680447E-18   -3.0779148512E-03
    3.1415926536E+00   -1.4922565105E+00    5.5506397382E-04    4.2309994980E-01   -9.9573959881E-01   -5.0785552407E-04   -3.2793991626E-03   -1.2208716218E-16    4.2154090427E-01   -9.9691733373E-01    9.6084680447E-18   -3.0779148512E-03
   -1.3351768778E+00   -3.1415926536E+00    1.0319396730E-03    2.6651422096E-01   -1.8549252696E-04    9.7459357610E-01   -2.7042123025E-02    1.1908097106E-16    2.6655463614E-01    2.8588811762E-17    9.7236992040E-01   -2.7248368953E-02
   -1.3351768778E+00    3.1415926536E+00   -2.1645281250E-04    2.6583290333E-01    3.8076186956E-03    9.7446046125E-01   -2.6811383446E-02   -1.1908097106E-16    2.6655463614E-01   -2.8588811762E-17    9.7236992040E-01   -2.7248368953E-02
   -3.1415926536E+00   -1.3351768778E+00   -8.1353431626E-04    2.6324334070E-01   -9.7243627597E-01    4.8987183914E-04   -2.6629182161E-02    1.1908097106E-16    2.6655463614E-01   -9.7236992040E-01   -2.8588811762E-17   -2.7248368953E-02
    3.1415926536E+00   -1.3351768778E+00    6.5251322692E-05    2.6727507008E-01   -9.7116752533E-01   -8.7661593788E-04   -2.7189382212E-02   -1.1908097106E-16    2.6655463614E-01   -9.7236992040E-01    2.8588811762E-17   -2.7248368953E-02
   -1.1780972451E+00   -3.1415926536E+00    1.0569130334E-03    1.1641020991E-01   -6.7425490506E-04    9.2553273138E-01   -7.2733971442E-02    1.1314261123E-16    1.1731656763E-01    4.6865204053E-17    9.2387953251E-01   -7.3223304703E-02
   -1.1780972451E+00    3.1415926536E+00   -5.1252429111E-04    1.1587523403E-01    3.5623672044E-03    9.2636293743E-01   -7.2657986805E-02   -1.1314261123E-16    1.1731656763E-01   -4.6865204053E-17    9.2387953251E-01   -7.3223304703E-02
   -3.1415926536E+00   -1.1780972451E+00   -8.3605836013E-04    1.1327259300E-01   -9.2407344835E-01    4.3224417355E-04   -7.3085561631E-02    1.1314261123E-16    1.1731656763E-01   -9.2387953251E-01   -4.6865204053E-17   -7.3223304703E-02
    3.1415926536E+00   -1.1780972451E+00   -2.8194613873E-04    1.1706899672E-01   -9.2289015450E-01   -9.7012435848E-04   -7.2883743534E-02   -1.1314261123E-16    1.1731656763E-01   -9.2387953251E-01    4.6865204053E-17   -7.3223304703E-02
   -1.0210176124E+00   -3.1415926536E+00    7.7512082655E-04   -2.4068058945E-02   -9.1176736542E-04    8.5357019354E-01   -1.3598047463E-01    1.0441830481E-16   -2.2498564716E-02    6.3987619484E-17    8.5264016435E-01   -1.3650237507E-01
   -1.0210176124E+00    3.1415926536E+00   -7.0838723893E-04   -2.4275840425E-02    2.4462163017E-03    8.5501179267E-01   -1.3608909806E-01   -1.0441830481E-16   -2.2498564716E-02   -6.3987619484E-17    8.5264016435E-01   -1.3650237507E-01
   -3.1415926536E+00   -1.0210176124E+00   -6.9798476852E-04   -2.6484852805E-02   -8.5292231472E-01    2.5226580814E-04   -1.3674246410E-01    1.0441830481E-16   -2.2498564716E-02   -8.5264016435E-01   -6.3987619484E-17   -1.3650237507E-01
    3.1415926536E+00   -1.0210176124E+00   -4.1428898892E-04   -2.3702571000E-02   -8.5198664145E-01   -8.2444272766E-04   -1.3598163426E-01   -1.0441830481E-16   -2.2498564716E-02   -8.5264016435E-01    6.3987619484E-17   -1.3650237507E-01
   -8.6393797974E-01   -3.1415926536E+00    2.6942137867E-04   -1.5138428799E-01   -8.8034281456E-04    7.6062610452E-01   -2.1054592191E-01    9.3122873182E-17   -1.4944804833E-01    7.9534447360E-17    7.6040596560E-01   -2.1089138374E-01
   -8.6393797974E-01    3.1415926536E+00   -7.8497373421E-04   -1.5123658366E-01    7.1945274457E-04    7.6220893675E-01   -2.1085102115E-01   -9.3122873182E-17   -1.4944804833E-01   -7.9534447360E-17    7.6040596560E-01   -2.1089138374E-01
   -3.1415926536E+00   -8.6393797974E-01   -4.4617977284E-04   -1.5264313552E-01   -7.6079503037E-01    2.4209533574E-05   -2.1112952274E-01    9.3122873182E-17   -1.4944804833E-01   -7.6040596560E-01   -7.9534447360E-17   -2.1089138374E-01
    3.1415926536E+00   -8.6393797974E-01   -3.3070883084E-04   -1.5144131688E-01   -7.6008900318E-01   -5.5570023083E-04   -2.1036344638E-01   -9.3122873182E-17   -1.4944804833E-01   -7.6040596560E-01    7.9534447360E-17   -2.1089138374E-01
   -7.0685834706E-01   -3.1415926536E+00   -3.1643543823E-04   -2.6237829776E-01   -6.4031550438E-04    6.4908594424E-01   -2.8901184457E-01    7.9534447360E-17   -2.6040596560E-01    9.3122873182E-17    6.4944804833E-01   -2.8910861626E-01
   -7.0685834706E-01    3.1415926536E+00   -7.3689204533E-04   -2.6203115374E-01   -1.1739528913E-03    6.5039075340E-01   -2.8946565705E-01   -7.9534447360E-17   -2.6040596560E-01   -9.3122873182E-17    6.4944804833E-01   -2.8910861626E-01
   -3.1415926536E+00   -7.0685834706E-01   -1.3562458425E-04   -2.6228253467E-01   -6.5001048777E-01   -1.6307958348E-04   -2.8892535857E-01    7.9534447360E-17   -2.6040596560E-01   -6.4944804833E-01   -9.3122873182E-17   -2.8910861626E-01
    3.1415926536E+00   -7.0685834706E-01   -9.2941750560E-05   -2.6287667201E-01   -6.4937072580E-01   -3.1207450074E-04   -2.8874100621E-01   -7.9534447360E-17   -2.6040596560E-01   -6.4944804833E-01    9.3122873182E-17   -2.8910861626E-01
   -5.4977871438E-01   -3.1415926536E+00   -8.1758775086E-04   -3.5433336972E-01   -2.9819069875E-04    5.2173705545E-01   -3.6356251804E-01    6.3987619484E-17   -3.5264016435E-01    1.0441830481E-16    5.2249856472E-01   -3.6349762493E-01
   -5.4977871438E-01    3.1415926536E+00   -5.7109672407E-04   -3.5410855277E-01   -2.7455366379E-03    5.2250645869E-01   -3.6403872371E-01   -6.3987619484E-17   -3.5264016435E-01   -1.0441830481E-16    5.2249856472E-01   -3.6349762493E-01
   -3.1415926536E+00   -5.4977871438E-01    1.8402351308E-04   -3.5297178007E-01   -5.2331314846E-01   -2.3609909439E-04   -3.6268759231E-01    6.3987619484E-17   -3.5264016435E-01   -5.2249856472E-01   -1.0441830481E-16   -3.6349762493E-01
    3.1415926536E+00   -5.4977871438E-01    1.9918783272E-04   -3.5517706862E-01   -5.2251037413E-01   -2.1857379722E-04   -3.6338382699E-01   -6.3987619484E-17   -3.5264016435E-01   -5.2249856472E-01    1.0441830481E-16   -3.6349762493E-01
   -3.9269908170E-01   -3.1415926536E+00   -1.0949687112E-03   -4.2503337847E-01    3.1882784405E-05    3.8171044933E-01   -4.2682008449E-01    4.6865204053E-17   -4.2387953251E-01    1.1314261123E-16    3.8268343237E-01   -4.2677669530E-01
   -3.9269908170E-01    3.1415926536E+00   -3.0581151923E-04   -4.2534691133E-01   -3.6099582942E-03    3.8188497221E-01   -4.2713630908E-01   -4.6865204053E-17   -4.2387953251E-01   -1.1314261123E-16    3.8268343237E-01   -4.2677669530E-01
   -3.1415926536E+00   -3.9269908170E-01    4.7395164032E-04   -4.2276858959E-01   -3.8379763659E-01   -1.5987335731E-04   -4.2548312997E-01    4.6865204053E-17   -4.2387953251E-01   -3.8268343237E-01   -1.1314261123E-16   -4.2677669530E-01
    3.1415926536E+00   -3.9269908170E-01    4.4104896280E-04   -4.2604958746E-01   -3.8263051930E-01   -3.3222301224E-04   -4.2691979345E-01   -4.6865204053E-17   -4.2387953251E-01   -3.8268343237E-01    1.1314261123E-16   -4.2677669530E-01
   -2.3561944902E-01   -3.1415926536E+00   -1.0751071389E-03   -4.7280982313E-01    2.5902122463E-04    2.3241927185E-01   -4.7260807913E-01    2.8588811762E-17   -4.7236992040E-01    1.1908097106E-16    2.3344536386E-01   -4.7275163105E-01
   -2.3561944902E-01    3.1415926536E+00    2.8804350550E-05   -4.7405997846E-01   -3.5911050771E-03    2.3211108842E-01   -4.7258563027E-01   -2.8588811762E-17   -4.7236992040E-01   -1.1908097106E-16    2.3344536386E-01   -4.7275163105E-01
   -3.1415926536E+00   -2.3561944902E-01    7.0559284475E-04   -4.7020941875E-01   -2.3484113618E-01    5.2835521613E-05   -4.7141255488E-01    2.8588811762E-17   -4.7236992040E-01   -2.3344536386E-01   -1.1908097106E-16   -4.7275163105E-01
    3.1415926536E+00   -2.3561944902E-01    5.5478035140E-04   -4.7381375817E-01   -2.3321563159E-01   -6.2188557949E-04   -4.7309834879E-01   -2.8588811762E-17   -4.7236992040E-01   -2.3344536386E-01    1.1908097106E-16   -4.7275163105E-01
   -7.8539816340E-02   -3.1415926536E+00   -7.6979286762E-04   -4.9657613263E-01    3.3190249815E-04    7.7489480854E-02   -4.9654613388E-01    9.6084680447E-18   -4.9691733373E-01    1.2208716218E-16    7.8459095728E-02   -4.9692208515E-01
   -7.8539816340E-02    3.1415926536E+00    3.8939841405E-04   -4.9901582673E-01   -2.7565728452E-03    7.6919996569E-02   -4.9607980745E-01   -9.6084680447E-18   -4.9691733373E-01   -1.2208716218E-16    7.8459095728E-02   -4.9692208515E-01
   -3.1415926536E+00   -7.8539816340E-02    8.5753559138E-04   -4.9429916428E-01   -8.0039381466E-02    3.4797170553E-04   -4.9605632388E-01    9.6084680447E-18   -4.9691733373E-01   -7.8459095728E-02   -1.2208716218E-16   -4.9692208515E-01
    3.1415926536E+00   -7.8539816340E-02    5.0967432209E-04   -4.9743855634E-01   -7.8014061497E-02   -9.7918113929E-04   -4.9741006120E-01   -9.6084680447E-18   -4.9691733373E-01   -7.8459095728E-02    1.2208716218E-16   -4.9692208515E-01
    7.8539816340E-02   -3.1415926536E+00   -2.6931855853E-04   -4.9584603074E-01    2.4142831054E-04   -7.9316931325E-02   -4.9642439017E-01   -9.6084680447E-18   -4.9691733373E-01    1.2208716218E-16   -7.8459095728E-02   -4.9692208515E-01
    7.8539816340E-02    3.1415926536E+00    7.2039977821E-04   -4.9947191041E-01   -1.3789136344E-03   -7.9890801950E-02   -4.9552748402E-01    9.6084680447E-18   -4.9691733373E-01   -1.2208716218E-16   -7.8459095728E-02   -4.9692208515E-01
   -3.1415926536E+00    7.8539816340E-02    9.1324681274E-04   -4.9450790235E-01    7.6859823437E-02    6.4829916216E-04   -4.9686360882E-01   -9.6084680447E-18   -4.9691733373E-01    7.8459095728E-02   -1.2208716218E-16   -4.9692208515E-01
    3.1415926536E+00    7.8539816340E-02    3.2602803512E-04   -4.9653909168E-01    7.9070684616E-02   -1.2568460588E-03   -4.9749699842E-01    9.6084680447E-18   -4.9691733373E-01    7.8459095728E-02    1.2208716218E-16   -4.9692208515E-01
    2.3561944902E-01   -3.1415926536E+00    2.8735985681E-04   -4.7073432971E-01    1.5123068776E-05   -2.3418364222E-01   -4.7235024691E-01   -2.8588811762E-17   -4.7236992040E-01    1.1908097106E-16   -2.3344536386E-01   -4.7275163105E-01
    2.3561944902E-01    3.1415926536E+00    9.5959784986E-04   -4.7522471854E-01    1.5423027617E-04   -2.3453785505E-01   -4.7115291897E-01    2.8588811762E-17   -4.7236992040E-01   -1.1908097106E-16   -2.3344536386E-01   -4.7275163105E-01
   -3.1415926536E+00    2.3561944902E-01    8.6120900036E-04   -4.7077651806E-01    2.3202990611E-01    8.7549259380E-04   -4.7346752376E-01   -2.8588811762E-17   -4.7236992040E-01    2.3344536386E-01   -1.1908097106E-16   -4.7275163105E-01
    3.1415926536E+00    2.3561944902E-01    6.3107060686E-05   -4.7133843717E-01    2.3409448224E-01   -1.3214060868E-03   -4.7333995995E-01    2.8588811762E-17   -4.7236992040E-01    2.3344536386E-01    1.1908097106E-16   -4.7275163105E-01
    3.9269908170E-01   -3.1415926536E+00    7.5409798201E-04   -4.2194085543E-01   -2.9169873712E-04   -3.8332481883E-01   -4.2668711676E-01   -4.6865204053E-17   -4.2387953251E-01    1.1314261123E-16   -3.8268343237E-01   -4.2677669530E-01
    3.9269908170E-01    3.1415926536E+00    1.0486178852E-03   -4.2666639711E-01    1.4482369510E-03   -3.8332185454E-01   -4.2539166698E-01    4.6865204053E-17   -4.2387953251E-01   -1.1314261123E-16   -3.8268343237E-01   -4.2677669530E-01
   -3.1415926536E+00    3.9269908170E-01    6.9706001299E-04   -4.2352914220E-01    3.8164733777E-01    9.6824010843E-04   -4.2786578796E-01   -4.6865204053E-17   -4.2387953251E-01    3.8268343237E-01   -1.1314261123E-16   -4.2677669530E-01
    3.1415926536E+00    3.9269908170E-01   -2.0282901505E-04   -4.2260745918E-01    3.8318792751E-01   -1.1014184428E-03   -4.2724262705E-01    4.6865204053E-17   -4.2387953251E-01    3.8268343237E-01    1.1314261123E-16   -4.2677669530E-01
    5.4977871438E-01   -3.1415926536E+00    1.0163587490E-03   -3.5071963347E-01   -6.0600440260E-04   -5.2307297104E-01   -3.6381376692E-01   -6.3987619484E-17   -3.5264016435E-01    1.0441830481E-16   -5.2249856472E-01   -3.6349762493E-01
    5.4977871438E-01    3.1415926536E+00    9.4622017164E-04   -3.5483515907E-01    2.1974653520E-03   -5.2269448334E-01   -3.6263225190E-01    6.3987619484E-17   -3.5264016435E-01   -1.0441830481E-16   -5.2249856472E-01   -3.6349762493E-01
   -3.1415926536E+00    5.4977871438E-01    4.2600726647E-04   -3.5368915400E-01    5.2198207925E-01    8.9161404136E-04   -3.6437972057E-01   -6.3987619484E-17   -3.5264016435E-01    5.2249856472E-01   -1.0441830481E-16   -3.6349762493E-01
    3.1415926536E+00    5.4977871438E-01   -4.0208221976E-04   -3.5159930230E-01    5.2266679785E-01   -6.1330765383E-04   -3.6363594419E-01    6.3987619484E-17   -3.5264016435E-01    5.2249856472E-01    1.0441830481E-16   -3.6349762493E-01
    7.0685834706E-01   -3.1415926536E+00    1.0162287115E-03   -2.5883554315E-01   -8.4896924568E-04   -6.4997035921E-01   -2.8973146283E-01   -7.9534447360E-17   -2.6040596560E-01    9.3122873182E-17   -6.4944804833E-01   -2.8910861626E-01
    7.0685834706E-01    3.1415926536E+00    6.4086250253E-04   -2.6144246393E-01    2.2491302711E-03   -6.4932303665E-01   -2.8883609220E-01    7.9534447360E-17   -2.6040596560E-01   -9.3122873182E-17   -6.4944804833E-01   -2.8910861626E-01
   -3.1415926536E+00    7.0685834706E-01    6.3808131565E-05   -2.6269605453E-01    6.4949626050E-01    6.3793904045E-04   -2.8931776105E-01   -7.9534447360E-17   -2.6040596560E-01    6.4944804833E-01   -9.3122873182E-17   -2.8910861626E-01
    3.1415926536E+00    7.0685834706E-01   -4.8949206471E-04   -2.5999459877E-01    6.4913137214E-01    4.5416102661E-05   -2.8870898997E-01    7.9534447360E-17   -2.6040596560E-01    6.4944804833E-01    9.3122873182E-17   -2.8910861626E-01
    8.6393797974E-01   -3.1415926536E+00    7.5947934915E-04   -1.4851054105E-01   -9.5073450317E-04   -7.6086298208E-01   -2.1154320548E-01   -9.3122873182E-17   -1.4944804833E-01    7.9534447360E-17   -7.6040596560E-01   -2.1089138374E-01
    8.6393797974E-01    3.1415926536E+00    1.5884012384E-04   -1.4886019840E-01    1.6272553224E-03   -7.6015334514E-01   -2.1104613417E-01    9.3122873182E-17   -1.4944804833E-01   -7.9534447360E-17   -7.6040596560E-01   -2.1089138374E-01
   -3.1415926536E+00    8.6393797974E-01   -3.6403868333E-04   -1.5252012541E-01    7.6094951264E-01    2.2332893677E-04   -2.1032844364E-01   -9.3122873182E-17   -1.4944804833E-01    7.6040596560E-01   -7.9534447360E-17   -2.1089138374E-01
    3.1415926536E+00    8.6393797974E-01   -4.5327485612E-04   -1.4986859434E-01    7.5954876290E-01    7.3313639622E-04   -2.0986054594E-01    9.3122873182E-17   -1.4944804833E-01    7.6040596560E-01    7.9534447360E-17   -2.1089138374E-01
    1.0210176124E+00   -3.1415926536E+00    3.0724718394E-04   -2.2362870787E-02   -8.6737947959E-04   -8.5299301187E-01   -1.3683014171E-01   -1.0441830481E-16   -2.2498564716E-02    6.3987619484E-17   -8.5264016435E-01   -1.3650237507E-01
    1.0210176124E+00    3.1415926536E+00   -4.3460911960E-04   -2.0057387928E-02    5.1827104110E-04   -8.5247210444E-01   -1.3678666280E-01    1.0441830481E-16   -2.2498564716E-02   -6.3987619484E-17   -8.5264016435E-01   -1.3650237507E-01
   -3.1415926536E+00    1.0210176124E+00   -8.2341034325E-04   -2.5668843814E-02    8.5350618702E-01   -3.1513711903E-04   -1.3551526371E-01   -1.0441830481E-16   -2.2498564716E-02    8.5264016435E-01   -6.3987619484E-17   -1.3650237507E-01
    3.1415926536E+00    1.0210176124E+00   -3.1486082387E-04   -2.3682843223E-02    8.5131442290E-01    1.3160751413E-03   -1.3498048987E-01    1.0441830481E-16   -2.2498564716E-02    8.5264016435E-01    6.3987619484E-17   -1.3650237507E-01
    1.1780972451E+00   -3.1415926536E+00   -2.4147883129E-04    1.1665438744E-01   -5.9730086877E-04   -9.2408215841E-01   -7.2956720879E-02   -1.1314261123E-16    1.1731656763E-01    4.6865204053E-17   -9.2387953251E-01   -7.3223304703E-02
    1.1780972451E+00    3.1415926536E+00   -1.0421193379E-03    1.2151206822E-01   -7.7479650518E-04   -9.2397024778E-01   -7.3370386519E-02    1.1314261123E-16    1.1731656763E-01   -4.6865204053E-17   -9.2387953251E-01   -7.3223304703E-02
   -3.1415926536E+00    1.1780972451E+00   -1.2706644709E-03    1.1482523002E-01    9.2483520864E-01   -9.1906352179E-04   -7.2465301032E-02   -1.1314261123E-16    1.1731656763E-01    9.2387953251E-01   -4.6865204053E-17   -7.3223304703E-02
    3.1415926536E+00    1.1780972451E+00   -1.2178220139E-04    1.1570648254E-01    9.2229248289E-01    1.7126340407E-03   -7.1614551526E-02    1.1314261123E-16    1.1731656763E-01    9.2387953251E-01    4.6865204053E-17   -7.3223304703E-02
    1.3351768778E+00   -3.1415926536E+00   -7.7048315858E-04    2.6530669460E-01   -1.9245945445E-04   -9.7239679825E-01   -2.6348595363E-02   -1.1908097106E-16    2.6655463614E-01    2.8588811762E-17   -9.7236992040E-01   -2.7248368953E-02
    1.3351768778E+00    3.1415926536E+00   -1.5481144934E-03    2.7205547566E-01   -1.9001198654E-03   -9.7280838979E-01   -2.7159804425E-02    1.1908097106E-16    2.6655463614E-01   -2.8588811762E-17   -9.7236992040E-01   -2.7248368953E-02
   -3.1415926536E+00    1.3351768778E+00   -1.6488343960E-03    2.6544757137E-01    9.7319011340E-01   -1.5065382830E-03   -2.7375388279E-02   -1.1908097106E-16    2.6655463614E-01    9.7236992040E-01   -2.8588811762E-17   -2.7248368953E-02
    3.1415926536E+00    1.3351768778E+00    6.4286220315E-05    2.6504132157E-01    9.7083865080E-01    1.9098394771E-03   -2.6119127154E-02    1.1908097106E-16    2.6655463614E-01    9.7236992040E-01    2.8588811762E-17   -2.7248368953E-02
    1.4922565105E+00   -3.1415926536E+00   -1.1663316064E-03    4.2011644416E-01    2.4098638741E-04   -9.9678759844E-01   -1.8047308707E-03   -1.2208716218E-16    4.2154090427E-01    9.6084680447E-18   -9.9691733373E-01   -3.0779148512E-03
    1.4922565105E+00    3.1415926536E+00   -1.8378896346E-03    4.2759725073E-01   -2.5356918023E-03   -9.9768294461E-01   -2.8643332257E-03    1.2208716218E-16    4.2154090427E-01   -9.6084680447E-18   -9.9691733373E-01   -3.0779148512E-03
   -3.1415926536E+00    1.4922565105E+00   -1.8836845989E-03    4.2228565514E-01    9.9745753062E-01   -1.9724230549E-03   -4.4265652734E-03   -1.2208716218E-16    4.2154090427E-01    9.9691733373E-01   -9.6084680447E-18   -3.0779148512E-03
    3.1415926536E+00    1.4922565105E+00    1.8255496563E-04    4.2067822106E-01    9.9581256310E-01    1.9437701261E-03   -2.9430474372E-03    1.2208716218E-16    4.2154090427E-01    9.9691733373E-01    9.6084680447E-18   -3.0779148512E-03
    1.6493361431E+00   -3.1415926536E+00   -1.3364695488E-03    5.7738799941E-01    5.5800568352E-04   -9.9670227424E-01   -1.9245409437E-03   -1.2208716218E-16    5.7845909573E-01   -9.6084680447E-18   -9.9691733373E-01   -3.0779148512E-03
    1.6493361431E+00    3.1415926536E+00   -1.8194712512E-03    5.8412230006E-01   -2.4653040799E-03   -9.9788743602E-01   -2.9765224978E-03    1.2208716218E-16    5.7845909573E-01    9.6084680447E-18   -9.9691733373E-01   -3.0779148512E-03
   -3.1415926536E+00    1.6493361431E+00   -1.8864533616E-03    5.8115620112E-01    9.9716773482E-01   -2.1963225374E-03   -5.4764641158E-03   -1.2208716218E-16    5.7845909573E-01    9.9691733373E-01    9.6084680447E-18   -3.0779148512E-03
    3.1415926536E+00    1.6493361431E+00    1.8868410731E-04    5.7864921828E-01    9.9658715875E-01    1.8534339762E-03   -4.1591657253E-03    1.2208716218E-16    5.7845909573E-01    9.9691733373E-01   -9.6084680447E-18   -3.0779148512E-03
    1.8064157758E+00   -3.1415926536E+00   -1.2251707173E-03    7.3323482464E-01    6.0908577738E-04   -9.7217793631E-01   -2.6744379717E-02   -1.1908097106E-16    7.3344536386E-01   -2.8588811762E-17   -9.7236992040E-01   -2.7248368953E-02
    1.8064157758E+00    3.1415926536E+00   -1.4456206662E-03    7.3769700512E-01   -1.6363379541E-03   -9.7335912374E-01   -2.7448828411E-02    1.1908097106E-16    7.3344536386E-01    2.8588811762E-17   -9.7236992040E-01   -2.7248368953E-02
   -3.1415926536E+00    1.8064157758E+00   -1.5714541654E-03    7.3776883059E-01    9.7246924984E-01   -2.0621307473E-03   -3.0050371964E-02   -1.1908097106E-16    7.3344536386E-01    9.7236992040E-01    2.8588811762E-17   -2.7248368953E-02
    3.1415926536E+00    1.8064157758E+00    6.6773188975E-05    7.3477866701E-01    9.7306004181E-01    1.6326616481E-03   -2.9314101235E-02    1.1908097106E-16    7.3344536386E-01    9.7236992040E-01   -2.8588811762E-17   -2.7248368953E-02
    1.9634954085E+00   -3.1415926536E+00   -8.2647914607E-04    8.8363670354E-01    2.9098376493E-04   -9.2382442338E-01   -7.3672577078E-02   -1.1314261123E-16    8.8268343237E-01   -4.6865204053E-17   -9.2387953251E-01   -7.3223304703E-02
    1.9634954085E+00    3.1415926536E+00   -7.3262384456E-04    8.8457471184E-01   -1.8477817353E-04   -9.2469871977E-01   -7.3684166580E-02    1.1314261123E-16    8.8268343237E-01    4.6865204053E-17   -9.2387953251E-01   -7.3223304703E-02
   -3.1415926536E+00    1.9634954085E+00   -8.9251568738E-04    8.8791183703E-01    9.2407770891E-01   -1.4903483811E-03   -7.5553106437E-02   -1.1314261123E-16    8.8268343237E-01    9.2387953251E-01    4.6865204053E-17   -7.3223304703E-02
    3.1415926536E+00    1.9634954085E+00   -1.6685892034E-04    8.8485476513E-01    9.2566664903E-01    1.2094836628E-03   -7.5594208843E-02    1.1314261123E-16    8.8268343237E-01    9.2387953251E-01   -4.6865204053E-17   -7.3223304703E-02
    2.1205750412E+00   -3.1415926536E+00   -1.9172518260E-04    1.0245571436E+00   -3.9822731309E-04   -8.5280715962E-01   -1.3777562177E-01   -1.0441830481E-16    1.0224985647E+00   -6.3987619484E-17   -8.5264016435E-01   -1.3650237507E-01
    2.1205750412E+00    3.1415926536E+00    2.2861923909E-04    1.0213031470E+00    1.5805059573E-03   -8.5315286412E-01   -1.3686289429E-01    1.0441830481E-16    1.0224985647E+00    6.3987619484E-17   -8.5264016435E-01   -1.3650237507E-01
   -3.1415926536E+00    2.1205750412E+00    1.0809147816E-04    1.0276429086E+00    8.5321408228E-01   -4.8093879485E-04   -1.3761156756E-01   -1.0441830481E-16    1.0224985647E+00    8.5264016435E-01    6.3987619484E-17   -1.3650237507E-01
    3.1415926536E+00    2.1205750412E+00   -4.7055448069E-04    1.0248423949E+00    8.5538964670E-01    4.7398570432E-04   -1.3824774931E-01    1.0441830481E-16    1.0224985647E+00    8.5264016435E-01   -6.3987619484E-17   -1.3650237507E-01
    2.2776546739E+00   -3.1415926536E+00    5.7201087719E-04    1.1521366840E+00   -1.3208433427E-03   -7.6082705492E-01   -2.1239877976E-01   -9.3122873182E-17    1.1494480483E+00   -7.9534447360E-17   -7.6040596560E-01   -2.1089138374E-01
    2.2776546739E+00    3.1415926536E+00    1.2739334395E-03    1.1448475371E+00    3.2301930173E-03   -7.6055552849E-01   -2.1056459230E-01    9.3122873182E-17    1.1494480483E+00    7.9534447360E-17   -7.6040596560E-01   -2.1089138374E-01
   -3.1415926536E+00    2.2776546739E+00    1.2577993096E-03    1.1534697648E+00    7.6154705852E-01    8.3926558490E-04   -2.1048287860E-01   -9.3122873182E-17    1.1494480483E+00    7.6040596560E-01    7.9534447360E-17   -2.1089138374E-01
    3.1415926536E+00    2.2776546739E+00   -7.9281695217E-04    1.1511158482E+00    7.6375607484E-01   -6.4255078546E-04   -2.1117232055E-01    9.3122873182E-17    1.1494480483E+00    7.6040596560E-01   -7.9534447360E-17   -2.1089138374E-01
    2.4347343065E+00   -3.1415926536E+00    1.3156453723E-03    1.2629495400E+00   -2.1998939798E-03   -6.5008272969E-01   -2.9002144836E-01   -7.9534447360E-17    1.2604059656E+00   -9.3122873182E-17   -6.4944804833E-01   -2.8910861626E-01
    2.4347343065E+00    3.1415926536E+00    2.1820026060E-03    1.2527260736E+00    4.2868366008E-03   -6.4923325631E-01   -2.8757909006E-01    7.9534447360E-17    1.2604059656E+00    9.3122873182E-17   -6.4944804833E-01   -2.8910861626E-01
   -3.1415926536E+00    2.4347343065E+00    2.2472742499E-03    1.2625106765E+00    6.5114895186E-01    2.1742928395E-03   -2.8750133824E-01   -7.9534447360E-17    1.2604059656E+00    6.4944804833E-01    9.3122873182E-17   -2.8910861626E-01
    3.1415926536E+00    2.4347343065E+00   -1.0900448329E-03    1.2606871641E+00    6.5281482855E-01   -2.0537192795E-03   -2.8757186684E-01    7.9534447360E-17    1.2604059656E+00    6.4944804833E-01   -9.3122873182E-17   -2.8910861626E-01
    2.5918139392E+00   -3.1415926536E+00    1.8745237012E-03    1.3542804030E+00   -2.6670592275E-03   -5.2319716957E-01   -3.6318458794E-01   -6.3987619484E-17    1.3526401644E+00   -1.0441830481E-16   -5.2249856472E-01   -3.6349762493E-01
    2.5918139392E+00    3.1415926536E+00    2.7025024987E-03    1.3431338452E+00    4.2933220416E-03   -5.2188620738E-01   -3.6075762409E-01    6.3987619484E-17    1.3526401644E+00    1.0441830481E-16   -5.2249856472E-01   -3.6349762493E-01
   -3.1415926536E+00    2.5918139392E+00    2.6834770298E-03    1.3526288505E+00    5.2446618213E-01    3.0343375866E-03   -3.6156373592E-01   -6.3987619484E-17    1.3526401644E+00    5.2249856472E-01    1.0441830481E-16   -3.6349762493E-01
    3.1415926536E+00    2.5918139392E+00   -1.3385847112E-03    1.3514069015E+00    5.2509139800E-01   -3.3979049174E-03   -3.6059927579E-01    6.3987619484E-17    1.3526401644E+00    5.2249856472E-01   -1.0441830481E-16   -3.6349762493E-01
    2.7488935719E+00   -3.1415926536E+00    2.1040548804E-03    1.4243597680E+00   -2.3432966623E-03   -3.8310139340E-01   -4.2531271208E-01   -4.6865204053E-17    1.4238795325E+00   -1.1314261123E-16   -3.8268343237E-01   -4.2677669530E-01
    2.7488935719E+00    3.1415926536E+00    2.5879193746E-03    1.4150209898E+00    2.8569504398E-03   -3.8145956948E-01   -4.2375102720E-01    4.6865204053E-17    1.4238795325E+00    1.1314261123E-16   -3.8268343237E-01   -4.2677669530E-01
   -3.1415926536E+00    2.7488935719E+00    2.2057767588E-03    1.4225342351E+00    3.8429712368E-01    2.7412205172E-03   -4.2565227629E-01   -4.6865204053E-17    1.4238795325E+00    3.8268343237E-01    1.1314261123E-16   -4.2677669530E-01
    3.1415926536E+00    2.7488935719E+00   -1.5355036139E-03    1.4221168838E+00    3.8352190613E-01   -3.9424121399E-03   -4.2391899835E-01    4.6865204053E-17    1.4238795325E+00    3.8268343237E-01   -1.1314261123E-16   -4.2677669530E-01
    2.9059732046E+00   -3.1415926536E+00    1.9178953066E-03    1.4724993010E+00   -9.1718349474E-04   -2.3288585644E-01   -4.7129111822E-01   -2.8588811762E-17    1.4723699204E+00   -1.1908097106E-16   -2.3344536386E-01   -4.7275163105E-01
    2.9059732046E+00    3.1415926536E+00    1.6185948278E-03    1.4680983299E+00   -3.3938182407E-04   -2.3101819820E-01   -4.7152279165E-01    2.8588811762E-17    1.4723699204E+00    1.1908097106E-16   -2.3344536386E-01   -4.7275163105E-01
   -3.1415926536E+00    2.9059732046E+00    6.3869669215E-04    1.4718413777E+00    2.3376410404E-01    4.7216582575E-04   -4.7337001888E-01   -2.8588811762E-17    1.4723699204E+00    2.3344536386E-01    1.1908097106E-16   -4.7275163105E-01
    3.1415926536E+00    2.9059732046E+00   -1.6876092269E-03    1.4727372250E+00    2.3137171120E-01   -2.5358899393E-03   -4.7214387625E-01    2.8588811762E-17    1.4723699204E+00    2.3344536386E-01   -1.1908097106E-16   -4.7275163105E-01
    3.0630528373E+00   -3.1415926536E+00    1.3213725999E-03    1.4990931820E+00    1.8153739435E-03   -7.5644558159E-02   -4.9773215070E-01   -9.6084680447E-18    1.4969173337E+00   -1.2208716218E-16   -7.8459095728E-02   -4.9692208515E-01
    3.0630528373E+00    3.1415926536E+00   -3.8633944157E-04    1.5027654621E+00   -5.5534126211E-03   -7.3633571687E-02   -5.0059485256E-01    9.6084680447E-18    1.4969173337E+00    1.2208716218E-16   -7.8459095728E-02   -4.9692208515E-01
   -3.1415926536E+00    3.0630528373E+00   -1.8680326572E-03    1.5010670799E+00    7.6263475261E-02   -4.6594566518E-03   -4.9943341307E-01   -9.6084680447E-18    1.4969173337E+00    7.8459095728E-02    1.2208716218E-16   -4.9692208515E-01
    3.1415926536E+00    3.0630528373E+00   -1.7939832196E-03    1.5042731563E+00    7.2143893919E-02    2.3765185504E-03   -5.0111998240E-01    9.6084680447E-18    1.4969173337E+00    7.8459095728E-02   -1.2208716218E-16   -4.9692208515E-01
    1.4550672575E+00    1.7154672497E+00    9.8279783474E-01    4.8337492136E-01   -1.1680698458E-01   -1.4009750371E-01    4.8378071074E-01    9.8293414221E-01    4.8335292842E-01   -1.1426463317E-01   -1.4320244655E-01    4.8294120146E-01
    1.4342424204E-01   -2.9286720493E+00   -2.9998646455E-02   -4.6426117064E-01    2.1002151435E-01   -1.3959338520E-01   -4.6868507874E-01   -3.0203957095E-02   -4.6738214250E-01    2.0914573759E-01   -1.3970530341E-01   -4.6745796530E-01
    2.1535931868E+00    1.8796842402E+00    7.9617330085E-01    6.6507335172E-01    5.2641180242E-01   -2.5490209085E-01    3.0201860485E-01    7.9541142052E-01    6.6730947642E-01    5.2431388955E-01   -2.5381717127E-01    3.0234343350E-01
    8.8605547415E-01   -2.7726648063E+00   -2.7928014843E-01   -8.9481391579E-02    2.2852184553E-01   -7.2106751257E-01   -1.3419401468E-01   -2.7932672580E-01   -8.9916097097E-02    2.2807939563E-01   -7.2246478663E-01   -1.3498879093E-01
    5.3078251165E-01    1.2330071153E+00    4.7762085063E-01    7.8680686204E-01   -8.1218062732E-01    1.6570169583E-01    7.1546355512E-02    4.7760232242E-01    7.8580484449E-01   -8.1367604389E-01    1.6775848142E-01    7.3209784624E-02
   -2.4002432998E+00   -2.1717244558E+00    5.5800581794E-01    9.1903501437E-01   -6.0881945051E-01    3.8217463997E-01    6.8677050257E-02    5.5698160148E-01    9.1702139564E-01   -6.0834612576E-01    3.8181100357E-01    6.8160829984E-02
   -1.5203629168E+00   -2.8945331196E+00    2.4445369379E-01    4.5222652074E-01    1.1326974424E-02    9.6784856782E-01    2.9049167445E-02    2.4424289077E-01    4.5111869240E-01    1.2328456225E-02    9.6840282798E-01    2.8632603728E-02
   -2.2997469333E+00    2.4947954693E+00   -4.5012929747E-01    1.0358185869E+00    4.0213109651E-01    5.9430268033E-01   -4.0147318810E-02   -4.4948861088E-01    1.0315496528E+00    4.0140657711E-01    5.9522072805E-01   -4.0252511064E-02
   -1.7010862370E+00    8.6762364817E-01   -7.5570297982E-01    4.1581220074E-01    9.8077835000E-02   -6.4228860388E-01    2.8258654319E-01   -7.5632920569E-01    4.1598736084E-01    9.9103475677E-02   -6.4116028432E-01    2.8248787192E-01
    9.5132518701E-01    1.3561190446E-02    1.1000912581E-02    1.0796887053E+00   -7.8555795019E-03    8.1399664624E-01   -1.6910068991E-01    1.1040987952E-02    1.0805512639E+00   -7.8734489169E-03    8.1411076359E-01   -1.6845893329E-01
   -2.5072271872E-01   -7.1968230993E-01    1.6243441810E-01    1.2278391273E+00    6.3806443503E-01   -1.8670712646E-01   -2.5291772373E-01    1.6353680500E-01    1.2285021874E+00    6.3853652656E-01   -1.8657808162E-01   -2.5198557526E-01
    9.3448239511E-02    2.8057996831E+00    3.1329254534E-02   -4.3606935344E-01   -3.2602242626E-01   -8.8243253715E-02   -4.4194476260E-01    3.0748075592E-02   -4.4002988098E-01   -3.2808023272E-01   -8.8100735602E-02   -4.4135536649E-01
    2.9780635836E+00    1.9747513815E+00    1.4969647924E-01    8.9024433208E-01    9.0595477151E-01   -6.4018188598E-02   -6.4900390818E-02    1.4969792260E-01    8.8781430258E-01    9.0724629265E-01   -6.3990336386E-02   -6.3995232627E-02
   -8.2624029553E-01    5.6618960929E-01   -3.9377062753E-01    1.0774408240E+00   -3.6283352746E-01   -6.2032335024E-01   -8.5513563020E-02   -3.9447739831E-01    1.0718995481E+00   -3.6350265223E-01   -6.2063218647E-01   -8.5728337695E-02
   -2.7117085184E+00   -4.4093306934E-01    1.7803366078E-01   -3.1919909236E-01   -3.8690802499E-01   -3.7700875196E-01   -3.2342335926E-01    1.7786862111E-01   -3.2207034003E-01   -3.8795217313E-01   -3.7690346380E-01   -3.2208119879E-01
    2.2964146995E+00   -7.8899572212E-01   -5.3114608779E-01    2.9724549118E-02   -4.7358964321E-01    5.2823726759E-01    2.9719920304E-02   -5.3087856180E-01    3.2456368311E-02   -4.7091982365E-01    5.2707250429E-01    3.1617499925E-02
   -2.8524764052E+00   -2.4235358367E+00    1.8796302171E-01    1.2225070444E+00   -6.3071578796E-01    2.1616498540E-01   -2.4416650821E-01    1.8757717707E-01    1.2218297085E+00   -6.3061625451E-01    2.1470867278E-01   -2.4292646533E-01
    2.2998575429E+00   -2.4865977896E+00   -4.5508877484E-01    1.0271811854E+00   -4.0609768087E-01   -5.9181645834E-01   -3.8653090456E-02   -4.5430799931E-01    1.0283066507E+00   -4.0580076788E-01   -5.9145757357E-01   -3.6356079493E-02
   -3.0209517964E+00    2.6097764965E+00   -5.9094524311E-02    1.3511668770E+00    5.0342719589E-01    1.0546731785E-01   -3.6248028232E-01   -6.1028629253E-02    1.3556230747E+00    5.0341375536E-01    1.0372681090E-01   -3.6418317622E-01
   -1.1767961474E+00   -1.1284445459E+00    8.3496761166E-01    6.6585233573E-01    3.4656796851E-01   -3.9765394232E-01    3.3493273536E-01    8.3450307760E-01    6.6432821144E-01    3.4693523795E-01   -3.9526800158E-01    3.3469581273E-01
   -1.5696823550E+00   -2.6955211899E+00    4.3131517600E-01    4.9779145913E-01   -3.2080503834E-04    9.0068243231E-01    9.4394344109E-02    4.3142447986E-01    4.9899503173E-01    4.8059491145E-04    9.0214836765E-01    9.3063035931E-02
    7.1210131487E-01   -2.1429000874E-01   -1.3907958277E-01    1.2404312142E+00    1.6059971828E-01    6.3892265484E-01   -2.6362000123E-01   -1.3895345225E-01    1.2396763226E+00    1.6097685219E-01    6.3848048443E-01   -2.6390650013E-01
    1.9805535987E+00    3.0245879908E+00    1.0669878242E-01    8.9524296626E-01    4.5193204423E-02   -9.1065180338E-01   -7.4188885528E-02    1.0707403046E-01    8.9566283973E-01    4.6506818624E-02   -9.1094631295E-01   -7.2542117371E-02
   -2.7166972083E+00    2.1925951064E+00   -3.3511526215E-01    1.0332082368E+00    7.3846256726E-01    2.3860322541E-01   -8.4015608880E-02   -3.3507009320E-01    1.0307035378E+00    7.4055646011E-01    2.4012063015E-01   -8.4687138828E-02
   -2.5978408890E+00    2.9115014263E+00   -1.1789825877E-01    1.3271549793E+00    1.9448604039E-01    5.0431586777E-01   -3.4104335026E-01   -1.1799019031E-01    1.3332203232E+00    1.9517318945E-01    5.0371582682E-01   -3.4016721096E-01
   -6.3752060039E-01    2.5760904331E+00   -3.1916946703E-01   -1.7644800517E-01   -4.3120729105E-01    5.0213787061E-01   -1.7850405606E-01   -3.1893454054E-01   -1.7847325663E-01   -4.3058701411E-01    5.0254315454E-01   -1.7930335941E-01
   -4.5018044323E-01    1.9054078619E+00   -4.1171441021E-01    1.9846412764E-01   -8.5005474483E-01    1.4298070093E-01    4.1286475034E-02   -4.1099491694E-01    2.0431690320E-01   -8.5043231602E-01    1.4289702722E-01    4.0744164009E-02
    2.2252479640E-01   -2.5664468882E+00   -1.1983221444E-01   -3.1841697309E-01    5.2925753554E-01   -1.8492288099E-01   -3.2733093927E-01   -1.2004745430E-01   -3.1842330855E-01    5.3054495225E-01   -1.8518625861E-01   -3.2770266034E-01
    2.3526193056E+00   -2.0161703648E+00   -6.4086998734E-01    8.0559527388E-01   -6.3604630887E-01   -3.0879653013E-01    1.5999904514E-01   -6.4040557115E-01    8.0352738021E-01   -6.3584272848E-01   -3.0570550952E-01    1.5899521251E-01
   -1.1691600142E+00   -3.0062485453E+00    1.2487193654E-01    1.1359284997E-01    5.2064278291E-02    9.1191084913E-01   -6.7335361749E-02    1.2419379336E-01    1.1265006088E-01    5.2748005945E-02    9.1200524901E-01   -6.7307938512E-02
    2.4348080226E+00    2.2707658898E+00    4.9707499028E-01    9.9243107491E-01    5.8302167850E-01   -4.1926708251E-01    1.4283661416E-03    4.9669512499E-01    9.8988010973E-01    5.8164208775E-01   -4.1833468977E-01    3.3617626385E-03
    2.7635410970E+00   -9.6817408999E-01   -3.0380316565E-01   -2.4817420917E-02   -7.6522346668E-01    2.1226312370E-01   -9.2626875188E-02   -3.0409232841E-01   -2.6780171631E-02   -7.6567631897E-01    2.0921348223E-01   -9.2512602514E-02
    1.1779808371E+00    2.6390679084E+00    4.4453849894E-01    1.6264975974E-01   -1.8499918480E-01   -8.0928377866E-01    4.3489256844E-02    4.4495558410E-01    1.6453372476E-01   -1.8436732378E-01   -8.0962064961E-01    4.2723924997E-02
    1.2161385534E+00    1.3294543307E+00    9.1057786820E-01    5.8490350315E-01   -3.3652326651E-01    2.2296501123E-01    4.1099353835E-01    9.1058716987E-01    5.8299946439E-01   -3.3720493015E-01    2.2413150173E-01    4.1114004142E-01
   -1.7279049362E+00   -2.6717089928E+00    4.4719662445E-01    6.3855144391E-01   -7.1747936713E-02    8.7911806513E-01    9.1759635395E-02    4.4720600067E-01    6.3950576768E-01   -7.0843755833E-02    8.8063959484E-01    9.0265673910E-02
   -2.7367596253E-01   -9.2682857938E-01    2.1521451187E-01    1.0792334368E+00    7.6907125234E-01   -1.6227918216E-01   -1.4391071598E-01    2.1614223456E-01    1.0780296902E+00    7.6995746665E-01   -1.6226432535E-01   -1.4370042857E-01
    1.8643523639E+00   -2.8598282858E+00   -2.6709666957E-01    7.7551324290E-01   -7.6015967926E-02   -9.1776577397E-01   -4.3502880717E-03   -2.6615612405E-01    7.7794752003E-01   -8.0456233528E-02   -9.1947424555E-01   -3.2078707607E-03
    5.5695192262E-01   -1.2954033228E+00   -5.0895477272E-01    7.3156616834E-01    8.1838336175E-01    1.4144819324E-01    1.0355912814E-01   -5.0868269717E-01    7.3082917781E-01    8.1688348300E-01    1.4373997173E-01    1.0273798854E-01
   -5.4844068927E-01   -1.8785790480E+00    4.9729159481E-01    2.4281468657E-01    8.1421125796E-01    1.6161398492E-01    8.9793854773E-02    4.9685743006E-01    2.4148425421E-01    8.1323811639E-01    1.5794324749E-01    9.0018457492E-02
    6.3982773022E-01    4.0492794923E-01    2.3522348784E-01    1.2379585893E+00   -3.1486235690E-01    5.4796687267E-01   -2.4449719604E-01    2.3521222078E-01    1.2373254510E+00   -3.1602818363E-01    5.4877370355E-01   -2.4416201592E-01
   -2.8991043642E+00   -7.2279243987E-01    1.5860487097E-01   -2.2671878602E-01   -6.4031129336E-01   -1.8150602565E-01   -2.5333114865E-01    1.5883417537E-01   -2.2802025604E-01   -6.4212883505E-01   -1.8007990096E-01   -2.5239259897E-01
    1.1724421803E+00   -2.3482976472E+00   -6.5685509661E-01    2.2749467365E-01    2.7574942533E-01   -6.4548793047E-01    1.7881092515E-01   -6.5686711524E-01    2.2788648675E-01    2.7644548759E-01   -6.4657383277E-01    1.7871432149E-01
    2.4093619818E+00    6.9353647065E-01    4.2851134024E-01   -6.4760148138E-02    4.7656325090E-01    5.1216981858E-01   -7.3321385777E-02    4.2736508251E-01   -7.1886390293E-02    4.7540857123E-01    5.1409311730E-01   -7.2206564827E-02
   -2.9858741932E+00   -2.3544761289E+00    1.1026300617E-01    1.1983026994E+00   -6.9928931453E-01    1.1022669912E-01   -2.3805800039E-01    1.0985340693E-01    1.1973496497E+00   -6.9975037469E-01    1.0947651851E-01   -2.3711438149E-01
    1.9651764983E+00    2.6600957551E+00    4.2748082959E-01    8.4138683397E-01    1.7744211475E-01   -8.1882715310E-01    3.3599583874E-02    4.2755599096E-01    8.4054941506E-01    1.7794215744E-01   -8.1826557981E-01    3.3415110656E-02
    1.4861470237E+00    7.4900512167E-01    6.7874958983E-01    5.6268287203E-01   -5.6180093689E-02    7.2809645397E-01    2.2883388775E-01    6.7847240420E-01    5.6192031665E-01   -5.7569787442E-02    7.2974433242E-01    2.2824533883E-01
   -2.9848394949E+00   -2.5303084594E+00    8.9767476028E-02    1.3064474937E+00   -5.6720897988E-01    1.2915410929E-01   -3.2287339815E-01    8.9595733904E-02    1.3088712877E+00   -5.6688295321E-01    1.2784194029E-01   -3.2312268230E-01
   -5.4931710378E-01   -8.5400344163E-01    3.9299837774E-01    1.0599658540E+00    6.4216841947E-01   -3.4491802243E-01   -7.9761319517E-02    3.9362355747E-01    1.0603175388E+00    6.4300132727E-01   -3.4300735251E-01   -7.9508119629E-02
   -2.3266589912E+00   -2.5146277000E+00    4.2778931974E-01    1.0568872701E+00   -4.0340377191E-01    5.8892884088E-01   -6.2963355818E-02    4.2692238010E-01    1.0554634562E+00   -4.0242020773E-01    5.8928397787E-01   -6.3138466285E-02
    6.1835273996E-01   -2.3293195420E+00   -4.2125795486E-01   -6.1617189011E-02    5.8931649895E-01   -3.9861729974E-01   -6.8569464090E-02   -4.2077218683E-01   -6.0484106784E-02    5.9144972424E-01   -3.9874246893E-01   -6.8546600375E-02
   -2.6570548467E+00    2.7439117667E+00   -1.8009395602E-01    1.3097632356E+00    3.4175329420E-01    4.2961981426E-01   -3.1648233301E-01   -1.8039538233E-01    1.3158349262E+00    3.4270143634E-01    4.2944918762E-01   -3.1652206643E-01
    2.2671802524E-01   -4.8288783526E-01   -1.0519013264E-01    1.3639827931E+00    4.5189003922E-01    2.0093085009E-01   -3.6651570391E-01   -1.0437441197E-01    1.3629931425E+00    4.5245601901E-01    1.9907880102E-01   -3.6693157305E-01
   -2.2435007317E+00   -3.0324687191E+00    8.4533209584E-02    1.1188597674E+00   -6.8355544502E-02    7.7581061635E-01   -1.8850638356E-01    8.5180837866E-02    1.1193971964E+00   -6.7860635378E-02    7.7748715240E-01   -1.8819855587E-01
    3.3632354107E-01   -1.7053223722E+00   -3.2720573214E-01    3.7220443383E-01    9.3552458449E-01   -4.4251122822E-02    4.4308895349E-02   -3.2703713026E-01    3.7339354404E-01    9.3544554394E-01   -4.4262343541E-02    4.5462044940E-02
    2.6572603922E+00   -1.4782190727E+00   -4.6340591239E-01    4.2031739586E-01   -8.7975851674E-01    4.3446275653E-02    1.0425205635E-01   -4.6362364993E-01    4.1818740100E-01   -8.8119635726E-01    4.3044045118E-02    1.0412679371E-01
    1.1461278245E-01    3.8269195049E-01    4.2657384456E-02    1.4199553321E+00   -3.7208110555E-01    1.0811235778E-01   -4.2220722468E-01    4.2704955876E-02    1.4215765085E+00   -3.7096909227E-01    1.0608938844E-01   -4.2373977386E-01
    7.5398193984E-01   -2.8992155543E+00   -1.6387212942E-01   -2.0601484791E-01    1.7558886488E-01   -6.6331359596E-01   -2.3701029050E-01   -1.6429872833E-01   -2.0766120911E-01    1.7496047931E-01   -6.6453771275E-01   -2.3689515738E-01
   -6.2493827812E-01    1.1910087478E+00   -5.4356914997E-01    8.0694428042E-01   -7.5197665956E-01   -2.1762429415E-01    1.0207702088E-01   -5.4335874556E-01    8.0065622464E-01   -7.5321018826E-01   -2.1689057266E-01    1.0242228048E-01
    1.4974313226E+00   -2.0353247595E+00   -8.9091509055E-01    4.6838882403E-01    6.5690588410E-02   -4.4599635225E-01    3.9699727673E-01   -8.9162797469E-01    4.6716186274E-01    6.5531905767E-02   -4.4679612893E-01    3.9696105099E-01
    1.9027467290E+00   -1.5028246803E+00   -9.4333593759E-01    4.7809289720E-01   -3.2403479500E-01    6.4292465853E-02    4.4585190472E-01   -9.4322540890E-01    4.7786593797E-01   -3.2513503984E-01    6.4211503371E-02    4.4459212765E-01
   -1.6542658084E+00   -1.8168632214E+00    9.6604876141E-01    5.1816345956E-01   -7.8882041632E-02    2.4194797360E-01    4.6765835933E-01    9.6650130719E-01    5.2030883128E-01   -8.0861241263E-02    2.4274314457E-01    4.6685616409E-01
   -1.9390964934E+00    1.6812629904E+00   -9.2741859837E-01    5.3827624609E-01    3.5797740258E-01    1.0287233044E-01    4.2877276155E-01   -9.2725418715E-01    5.3969048683E-01    3.5783563926E-01    1.0284937012E-01    4.2911249642E-01
   -9.1998444961E-01   -1.6776017090E+00    7.9120615008E-01    4.3809457971E-01    6.0291343545E-01    8.6080059316E-02    3.1065226146E-01    7.9105869616E-01    4.3541677653E-01    6.0238032821E-01    8.4812066664E-02    3.1080143401E-01
   -2.9926145292E+00    1.2356217690E+00   -1.4078498941E-01    1.7412482563E-01    9.3358144371E-01   -4.9334558362E-02   -4.0492804247E-02   -1.4016808603E-01    1.7470949467E-01    9.3389256276E-01   -4.8822904639E-02   -4.3083410258E-02
    8.0762693024E-01    2.3348115579E+00    5.2147003038E-01    2.0277270270E-02   -5.0003592483E-01   -4.9962104358E-01    2.1287773956E-02    5.2179875897E-01    2.1799116685E-02   -4.9910166305E-01   -4.9994749752E-01    2.1798930028E-02
   -2.9053790589E+00    1.7561539814E+00   -2.3073036103E-01    6.8268703592E-01    9.5296743673E-01    4.1014272054E-02    9.9661780134E-03   -2.3001433037E-01    6.7918030911E-01    9.5557711775E-01    4.3129997621E-02    1.0400504501E-02
    1.7674809517E+00    7.2309826879E-01    6.4936272953E-01    3.5403709549E-01    1.2917502323E-01    7.3527096092E-01    2.0031173273E-01    6.4895291863E-01    3.5348284470E-01    1.2931083404E-01    7.3530370651E-01    1.9983630690E-01
    4.5802748449E-01   -1.4344131069E+00   -4.3831434170E-01    6.2209122258E-01    8.8969995893E-01    5.8759054522E-02    8.8407938101E-02   -4.3807378090E-01    6.2194685199E-01    8.8859778243E-01    6.0119122033E-02    8.8518801399E-02
   -2.2492347873E+00    1.4217352916E+00   -7.7043021456E-01    4.0339232181E-01    6.2143923066E-01   -1.1408768364E-01    2.9124714699E-01   -7.6992024220E-01    4.0679860668E-01    6.2061880882E-01   -1.1562272735E-01    2.9204533981E-01
   -1.4582873166E+00    3.8558965664E-01   -3.7263922506E-01    6.0757337892E-01   -4.1368807422E-02   -9.2084580928E-01    6.3213824511E-02   -3.7372764995E-01    6.0402844629E-01   -4.2226048206E-02   -9.2071857094E-01    6.4425219348E-02
    1.8538772281E+00   -2.2398117476E+00   -7.5338367154E-01    6.7360214960E-01   -2.1949094310E-01   -5.9699254595E-01    2.6926856792E-01   -7.5321184620E-01    6.7323521449E-01   -2.1910401393E-01   -5.9552909777E-01    2.6865882285E-01
    3.7041120642E-01   -3.1029046648E+00   -1.3336614630E-02   -4.2901313520E-01    3.6216075721E-02   -3.6198581131E-01   -4.3406657104E-01   -1.4001511312E-02   -4.3148103119E-01    3.6055118070E-02   -3.6172790143E-01   -4.3373043458E-01
    7.4281859436E-01    2.9695136118E+00    1.1634520520E-01   -2.2682687104E-01   -1.2302333637E-01   -6.6448216701E-01   -2.5911354718E-01    1.1581497836E-01   -2.2568668034E-01   -1.2612281555E-01   -6.6637734667E-01   -2.5660402441E-01
    1.7526681967E+00    2.0270817751E+00    8.8335772885E-01    5.7918138275E-01    1.6241733722E-01   -4.3230526594E-01    3.8847031928E-01    8.8288955489E-01    5.7969471824E-01    1.6236695888E-01   -4.3334946222E-01    3.8657135901E-01
   -4.7522714262E-01    5.6561433769E-01   -2.4509142195E-01    1.2530187557E+00   -4.7686651390E-01   -3.8546886282E-01   -2.5014351172E-01   -2.4521173795E-01    1.2507061199E+00   -4.7654703334E-01   -3.8628286290E-01   -2.5171544099E-01
   -9.1759431748E-01   -1.1929669962E+00    7.3835645563E-01    7.2686718670E-01    5.6357804470E-01   -2.9472291584E-01    2.4803671997E-01    7.3812916785E-01    7.2419476317E-01    5.6486753993E-01   -2.9296194644E-01    2.4728568830E-01
    2.7339116756E-01   -2.0620314545E+00   -2.3820154514E-01    4.3587743757E-02    8.4759671864E-01   -1.2680137433E-01   -7.5167052420E-02   -2.3807116126E-01    4.5803795086E-02    8.4900340198E-01   -1.2736229053E-01   -7.4808157367E-02
    8.4430988419E-01   -1.8345371923E-01   -1.3640237300E-01    1.1527970206E+00    1.2079630054E-01    7.3494167232E-01   -2.0410589867E-01   -1.3636609819E-01    1.1531009147E+00    1.2117625816E-01    7.3496924901E-01   -2.0397254600E-01
    1.5271784990E-01   -1.8043219129E+00   -1.4785054591E-01    2.6987861853E-01    9.6095316176E-01   -3.3915708637E-02   -1.5985196431E-02   -1.4799572001E-01    2.7128445936E-01    9.6153378185E-01   -3.5203049289E-02   -1.5204032694E-02
   -2.5066071264E+00    1.2854447210E+00   -5.6964227158E-01    2.7013670435E-01    7.7378227862E-01   -1.6483241243E-01    1.3630924869E-01   -5.6917985853E-01    2.7337404171E-01    7.7252503803E-01   -1.6697313942E-01    1.3630319320E-01
    2.7305821291E+00   -9.3698988644E-01   -3.2157366661E-01   -4.0901050377E-02   -7.3853694429E-01    2.3963166255E-01   -9.5697275135E-02   -3.2193768204E-01   -4.2894975738E-02   -7.3867185680E-01    2.3661162731E-01   -9.5545541781E-02
    2.6709705545E+00    1.3968327469E+00    4.4667562027E-01    3.4473937900E-01    8.7689698458E-01    7.7007939819E-02    8.8498660228E-02    4.4659681370E-01    3.4572951062E-01    8.7783370824E-01    7.8484920730E-02    8.7824665059E-02
    2.4627666136E+00    1.2298029983E+00    5.9172353307E-01    2.3766466316E-01    7.3264287842E-01    2.0991552341E-01    1.4035770007E-01    5.9172828041E-01    2.3971480878E-01    7.3349753695E-01    2.0997767662E-01    1.4119698853E-01
   -2.3031616809E-02    1.1733120042E+00   -2.1534609524E-02    8.8837531923E-01   -9.2179892417E-01   -8.4867771770E-03   -7.4291232931E-02   -2.1234142256E-02    8.8699735506E-01   -9.2179319025E-01   -8.9147511362E-03   -7.4658032012E-02
    2.5797450070E+00    2.4251256984E+00    3.4975726098E-01    1.1385907636E+00    5.5530275307E-01   -4.0083601291E-01   -1.4363727958E-01    3.4987039524E-01    1.1381998351E+00    5.5576761559E-01   -4.0176365497E-01   -1.4244486804E-01
   -1.3700536022E-01   -2.6867993553E+00    6.0223213400E-02   -3.8849764003E-01    4.3628809193E-01    1.2270510593E-01   -3.9499225839E-01    5.9995151895E-02   -3.8993378393E-01    4.3516036293E-01    1.2269433775E-01   -3.9419136076E-01
    5.9522459234E-01    2.7985318515E-01    1.5480401886E-01    1.2964014046E+00   -2.2816904078E-01    5.3906624506E-01   -3.0466920919E-01    1.5487204333E-01    1.2958092019E+00   -2.2871188629E-01    5.3888146875E-01   -3.0466346805E-01
   -2.2606520993E+00   -9.5370027010E-01    6.2883078603E-01    1.2985776220E-01   -5.1900217296E-01   -4.4606239165E-01    1.2845465002E-01    6.2907405316E-01    1.3171987372E-01   -5.1904501401E-01   -4.4634947929E-01    1.3005195647E-01
   -2.2848192471E+00    1.4793305748E-01   -1.1112837627E-01   -1.4819720450E-01    9.5826318347E-02   -7.4710263167E-01   -2.0376132035E-01   -1.1139064101E-01   -1.4772662456E-01    9.6525335658E-02   -7.4747923349E-01   -2.0357095263E-01
    1.5110863244E+00   -1.5237744331E+00   -9.9712724232E-01    5.0299963926E-01    6.2014512646E-02    4.7380375412E-02    4.9731317162E-01   -9.9711453163E-01    5.0280497539E-01    5.9608568407E-02    4.6920800166E-02    4.9711476066E-01
    2.3965262621E+00    1.1075544610E+00    6.0668029232E-01    1.7063244028E-01    6.5660987221E-01    3.0335624328E-01    1.2856732900E-01    6.0656305146E-01    1.7154560648E-01    6.5757566890E-01    3.0297395209E-01    1.3001822339E-01
   -2.6383020676E+00    1.3508357786E+00   -4.7094364906E-01    3.0756675991E-01    8.5546503920E-01   -1.0345226380E-01    9.3016000550E-02   -4.7068993276E-01    3.0886452855E-01    8.5489392410E-01   -1.0523591251E-01    9.2508122177E-02
    1.3895161418E+00    2.9444938178E+00    1.9189027412E-01    3.2465729541E-01   -3.7199546299E-02   -9.6395977513E-01    2.3753176309E-03    1.9261631386E-01    3.2320167719E-01   -3.5305109063E-02   -9.6456977869E-01    2.9216987093E-03
   -2.1537298522E+00    3.9113074892E-01   -3.1821687448E-01   -1.1341502392E-02    2.0970409402E-01   -7.7223001543E-01   -7.9424821911E-02   -3.1827375264E-01   -8.9026738716E-03    2.0985992974E-01   -7.7180223943E-01   -7.8841874927E-02
    1.6371333735E+00   -2.7890384208E+00   -3.4540223294E-01    5.5948174367E-01   -1.8898553131E-02   -9.3474690016E-01    5.8197023860E-02   -3.4453658591E-01    5.6221125634E-01   -2.2889124770E-02   -9.3642959614E-01    5.7417609307E-02
   -2.0518956296E+00    2.4284619915E+00   -5.8021685371E-01    8.5613743679E-01    3.0466544279E-01    6.7024560930E-01    1.0704587078E-01   -5.7994384172E-01    8.4998892362E-01    3.0273584569E-01    6.7046543649E-01    1.0692130645E-01
   -2.7520193251E-01    1.2368514054E-01   -3.3570180037E-02    1.4508819230E+00   -1.1959769142E-01   -2.6818250145E-01   -4.5525169980E-01   -3.3524728194E-02    1.4550185459E+00   -1.1872765386E-01   -2.6966537389E-01   -4.5546825777E-01
    1.4215530216E+00    7.7358145439E-01    6.9120137102E-01    6.0737377214E-01   -1.0207483404E-01    7.0528782707E-01    2.3346238019E-01    6.9093507407E-01    6.0637466580E-01   -1.0388991478E-01    7.0746027415E-01    2.3303785353E-01
    3.3008320154E-01   -2.4946226557E+00   -1.9533907587E-01   -2.5547729911E-01    5.6830621387E-01   -2.5839839809E-01   -2.6520601370E-01   -1.9537134570E-01   -2.5483878055E-01    5.7023110524E-01   -2.5862122741E-01   -2.6580581095E-01
   -9.6248023958E-01    2.5259980355E+00   -4.7400994360E-01    3.2534854410E-02   -3.3037855647E-01    6.7036366140E-01    5.1110193604E-03   -4.7385726784E-01    3.3421198797E-02   -3.3000146229E-01    6.6997204932E-01    3.4224662758E-03
   -2.3069371178E+00    3.0742340201E+00   -4.9126881255E-02    1.1700711091E+00    4.3756445871E-02    7.3887933019E-01   -2.2367891814E-01   -4.9879405288E-02    1.1699103608E+00    4.5192616208E-02    7.3938473130E-01   -2.2314596821E-01
    3.6708461169E-01   -5.7599589002E-01   -1.9603899734E-01    1.2846817925E+00    5.0797901717E-01    3.0191278171E-01   -2.8587738078E-01   -1.9547987169E-01    1.2827774182E+00    5.0838304098E-01    3.0098806792E-01   -2.8726405307E-01
    2.1386834094E+00    2.0676015483E+00    7.4203207962E-01    7.5669571677E-01    4.7568512990E-01   -4.0352835732E-01    2.4137091703E-01    7.4112405291E-01    7.5635069514E-01    4.7283091228E-01   -4.0180889449E-01    2.4177459145E-01
   -4.5036835219E-01   -1.2549835831E+00    4.1349876408E-01    7.8293786289E-01    8.5423912213E-01   -1.3443021596E-01    4.6798754676E-02    4.1376924334E-01    7.7961929369E-01    8.5576247302E-01   -1.3519857112E-01    4.6509018664E-02
    5.4545618387E-01    1.8966270708E+00    4.9167641710E-01    2.2698629426E-01   -8.1095530115E-01   -1.6638763871E-01    8.2048453995E-02    4.9151111232E-01    2.2635296321E-01   -8.0991074916E-01   -1.6606837182E-01    8.3350236394E-02
    8.6123982455E-01    2.1347618676E-02    1.6131627841E-02    1.1512888313E+00   -1.3800683301E-02    7.5850154356E-01   -2.1249730141E-01    1.6194159802E-02    1.1513489303E+00   -1.3906861203E-02    7.5847802827E-01   -2.1199658911E-01
   -2.9542598257E+00   -2.2032247134E+00    1.5070362160E-01    1.0838050281E+00   -7.9161284725E-01    1.1047704712E-01   -1.5867958755E-01    1.5021938685E-01    1.0807635175E+00   -7.9248265108E-01    1.1008687620E-01   -1.5736019953E-01
   -8.3964124455E-01    5.4557023411E-01   -3.8554078909E-01    1.0760887400E+00   -3.4579586390E-01   -6.3604940005E-01   -8.8187905665E-02   -3.8627522661E-01    1.0707965971E+00   -3.4648881808E-01   -6.3633968366E-01   -8.8300102274E-02
   -4.9956759079E-01    2.8107095551E+00   -1.5551023144E-01   -3.2335876498E-01   -2.8662536547E-01    4.5159502293E-01   -3.3436460441E-01   -1.5563168046E-01   -3.3017479426E-01   -2.8517489835E-01    4.5306055707E-01   -3.3248448453E-01
   -2.2334313221E+00    2.8556607294E+00   -2.2254841456E-01    1.0914739560E+00    1.7173621181E-01    7.5352393931E-01   -1.5118247723E-01   -2.2236217669E-01    1.0902188944E+00    1.7351715148E-01    7.5636533314E-01   -1.4945670286E-01
   -5.7105642723E-01   -1.0408651016E+00    4.6593197405E-01    9.2708942398E-01    7.2453227708E-01   -2.7440324696E-01    1.8657913151E-02    4.6638426562E-01    9.2527065503E-01    7.2593508762E-01   -2.7321939043E-01    1.8329576597E-02
   -8.6004893461E-01    2.9934280112E+00   -1.1213210554E-01   -1.4135187110E-01   -9.6947364668E-02    7.4898278867E-01   -2.0371819870E-01   -1.1187980669E-01   -1.4525247845E-01   -9.6309388667E-02    7.4957097701E-01   -2.0191683490E-01
    1.8777127050E-02   -1.6022965354E-01   -3.6642740887E-03    1.4846653594E+00    1.5868612206E-01    2.1102935011E-02   -4.8760337282E-01   -2.9956192426E-03    1.4870166424E+00    1.5951679726E-01    1.8535515366E-02   -4.8709643930E-01
   -2.5822348249E-02   -3.0641927437E+00    1.5926233097E-03   -4.9447056897E-01    7.8284830385E-02    2.5174247799E-02   -4.9751871606E-01    1.9964305750E-03   -4.9667374184E-01    7.7296874795E-02    2.5742178281E-02   -4.9667728097E-01
    1.4634074832E+00   -2.4746423878E+00   -6.1512918647E-01    4.1439418662E-01    6.6813581627E-02   -7.8030243256E-01    1.8667306371E-01   -6.1502916396E-01    4.1578539557E-01    6.6302341097E-02   -7.8118565492E-01    1.8558438646E-01
   -2.2114854365E+00    1.9335819900E+00   -7.4938445756E-01    7.1607112516E-01    5.6061835400E-01    2.8637884322E-01    2.5708603896E-01   -7.4950392474E-01    7.1212879536E-01    5.5884173372E-01    2.8450159514E-01    2.5837875369E-01
   -7.1827753666E-01   -1.0877733037E-01    7.1711451319E-02    1.2428489450E+00    8.2673330189E-02   -6.5600296398E-01   -2.7878296904E-01    7.1444047472E-02    1.2484901835E+00    8.1741420576E-02   -6.5419915422E-01   -2.7756665147E-01
   -1.7263383491E+00    1.5521932981E+00   -9.8797832705E-01    4.9434911739E-01    1.5351733648E-01   -2.0377086109E-02    4.8829412563E-01   -9.8775676573E-01    4.9711826686E-01    1.5488879561E-01   -1.8377387439E-02    4.8782756193E-01
    2.3650398781E-01    1.2903996726E-01    2.9884860572E-02    1.4630105817E+00   -1.2600085661E-01    2.3490818640E-01   -4.6346520033E-01    3.0150919208E-02    1.4640803778E+00   -1.2510003235E-01    2.3235733065E-01   -4.6427094847E-01
    1.6905184379E+00    2.1432495126E-02    2.1012724028E-02    3.7456694913E-01    1.3679493516E-03    9.9322068928E-01   -5.8920095895E-03    2.1277449356E-02    3.8059111842E-01    2.5596222068E-03    9.9261384107E-01   -6.9028755740E-03
    1.5066171873E+00   -2.1667054799E+00   -8.2537524617E-01    4.6455360398E-01    5.2788055300E-02   -5.5950488764E-01    3.4073098101E-01   -8.2593464747E-01    4.6400344724E-01    5.3080674094E-02   -5.6010592600E-01    3.4043614504E-01
    2.3699553445E+00   -2.2555981413E+00   -5.4081061869E-01    9.5383527926E-01   -5.5609870053E-01   -4.4295188604E-01    4.2640372050E-02   -5.4009737223E-01    9.5337096566E-01   -5.5517014031E-01   -4.4106202661E-01    4.3079969494E-02
    1.8094078119E+00   -2.2896652194E+00   -7.3141488141E-01    6.5556338543E-01   -1.7813033800E-01   -6.4096030188E-01    2.5574828901E-01   -7.3122912234E-01    6.5564690562E-01   -1.7786821818E-01   -6.3987569760E-01    2.5523503507E-01
    1.7902946280E-01    1.1983506923E+00    1.6572297606E-01    8.5861993792E-01   -9.1637079777E-01    6.4655915057E-02   -5.0579043411E-02    1.6586586746E-01    8.5807834898E-01   -9.1655295608E-01    6.4800375774E-02   -5.0354309012E-02
   -2.6017136739E-01   -6.9621799220E-01    1.6387877456E-01    1.2404937531E+00    6.1930844444E-01   -1.9756690295E-01   -2.6230216537E-01    1.6497721983E-01    1.2414512673E+00    6.1973739082E-01   -1.9737806775E-01   -2.6126624933E-01
   -7.6430344848E-02   -2.4427729127E+00    4.9535475071E-02   -2.6412832436E-01    6.4145282929E-01    5.9349135603E-02   -2.8977323909E-01    4.9120894432E-02   -2.6336691713E-01    6.4143644901E-01    5.8458270975E-02   -2.9015809395E-01
    3.0055764195E+00    1.3050674723E+00    1.3094752285E-01    2.4043728512E-01    9.5408224731E-01    3.5831925610E-02   -2.3558420215E-02    1.3083794943E-01    2.3981286789E-01    9.5598956468E-01    3.5609542290E-02   -2.5289387352E-02
    1.5156574686E-01    1.7268558046E+00    1.4929365527E-01    3.4537251493E-01   -9.7652319873E-01   -2.3365794886E-02   -4.4247377672E-04    1.4915124214E-01    3.4635504199E-01   -9.7652261638E-01   -2.3467286831E-02   -6.8034004462E-04
   -5.0052690591E-01    1.6108298721E+00   -4.8010557399E-01    4.6314733151E-01   -8.7583396336E-01    1.8762807791E-02    1.1318938489E-01   -4.7950337234E-01    4.6488675761E-01   -8.7662688025E-01    1.9206481708E-02    1.1434527215E-01
    1.4637019570E+00    1.6363018189E+00    9.9199439183E-01    4.9284301831E-01   -1.0901620432E-01   -6.2205550097E-02    4.9308228677E-01    9.9213844651E-01    4.9300313923E-01   -1.0666052423E-01   -6.5083634461E-02    4.9214487049E-01
    8.3022936901E-01   -3.0275318592E+00   -8.3403511251E-02   -1.6877416582E-01    7.7446553073E-02   -7.3249127010E-01   -2.2165744376E-01   -8.4004268107E-02   -1.7032231987E-01    7.6790798150E-02   -7.3329014977E-01   -2.2113764773E-01
   -4.9854256360E-01    7.6140819063E-02   -3.6209833747E-02    1.3710945829E+00   -6.6904960030E-02   -4.7672258554E-01   -3.8323109032E-01   -3.6371261708E-02    1.3757357096E+00   -6.6808389664E-02   -4.7676067094E-01   -3.8279508218E-01
    2.7318168114E+00    2.5330080428E+00    2.2746434472E-01    1.2491930770E+00    5.2296840319E-01   -3.2540972925E-01   -2.5643694913E-01    2.2777011261E-01    1.2525324309E+00    5.2437524900E-01   -3.2687354498E-01   -2.5721291772E-01
    1.1218281972E+00    1.8631102278E-02    1.6730331490E-02    9.3124666516E-01   -8.3539255698E-03    9.0071405383E-01   -9.4677441061E-02    1.6783704261E-02    9.3396082933E-01   -8.0861042280E-03    9.0073909696E-01   -9.4020154331E-02
   -2.3707347072E+00   -2.3574749493E+00    4.9311555388E-01    1.0098309303E+00   -5.0720994988E-01    4.9341238604E-01   -7.8739180141E-03    4.9204603728E-01    1.0078660534E+00   -5.0656711250E-01    4.9330774321E-01   -7.9093127032E-03
   -1.2222450273E+00   -1.4796153081E+00    9.3612078843E-01    5.3324698810E-01    3.4064505393E-01   -8.6773826415E-02    4.3737461078E-01    9.3596416630E-01    5.3109851923E-01    3.4011779789E-01   -8.5579466310E-02    4.3753090135E-01
   -1.1601056662E+00   -1.5033655407E+00    9.1492350742E-01    5.2932002540E-01    3.9870251462E-01   -6.2672093568E-02    4.1794827074E-01    9.1476168309E-01    5.2690084907E-01    3.9833533552E-01   -6.1776758878E-02    4.1803264059E-01
    1.9282074319E-01    1.6785606590E+00    1.9066047607E-01    3.9387940109E-01   -9.7581710546E-01   -2.0580801012E-02    1.2428885804E-02    1.9051649496E-01    3.9443739504E-01   -9.7577415389E-01   -2.0610729866E-02    1.2576535643E-02
    1.9544299204E+00    1.0094103335E+00    7.8520369261E-01    2.9919650576E-01    3.1492352969E-01    4.9523311741E-01    2.8770767364E-01    7.8498529905E-01    3.0074170472E-01    3.1684528540E-01    4.9366312113E-01    2.8824902574E-01
    6.5902286484E-01   -4.8788883706E-01   -2.8717038535E-01    1.1996261355E+00    3.7031879514E-01    5.4041435355E-01   -2.0127503139E-01   -2.8704395008E-01    1.1983483256E+00    3.7059906898E-01    5.4089898952E-01   -2.0264807732E-01
   -9.6724112335E-01   -2.9349639798E+00    1.6918089067E-01   -5.4333900374E-02    1.1656787556E-01    8.0475488402E-01   -1.4042319970E-01    1.6891414567E-01   -5.5499799523E-02    1.1644413310E-01    8.0580937447E-01   -1.4002401933E-01
   -3.0052796007E+00   -8.2997565666E-01    9.9873700851E-02   -1.6883501696E-01   -7.2962554086E-01   -9.3039065450E-02   -2.1877056671E-01    1.0027622110E-01   -1.6863324261E-01   -7.3106986079E-01   -9.1712185751E-02   -2.1850754630E-01
   -2.1956596645E+00   -1.1695564747E+00    7.4627705464E-01    2.6955435979E-01   -5.3836074741E-01   -3.1638318452E-01    2.5185958138E-01    7.4662797585E-01    2.7152768328E-01   -5.3852533348E-01   -3.1676100039E-01    2.5262686741E-01
   -2.1769439299E+00   -2.5947080902E-01    2.1105468539E-01   -4.9876971466E-02   -1.4723727141E-01   -7.9384582618E-01   -1.2713152595E-01    2.1086102708E-01   -5.0635217914E-02   -1.4616886128E-01   -7.9433818242E-01   -1.2936838523E-01
   -2.5510370964E+00    2.2160689221E+00   -4.4509439316E-01    1.0034615542E+00    6.6311292717E-01    3.3438828174E-01   -2.5525808239E-02   -4.4486551681E-01    9.9955525564E-01    6.6362125478E-01    3.3488214154E-01   -2.5825062696E-02
    8.1288761227E-01    2.8233905276E+00    2.2733942698E-01   -1.5489757214E-01   -2.1239915179E-01   -6.8806046645E-01   -1.8943226117E-01    2.2722204405E-01   -1.5289602625E-01   -2.1506086714E-01   -6.8981573267E-01   -1.8732168189E-01
    5.2944750862E-02    2.7983440682E+00    1.8368735228E-02   -4.3596317905E-01   -3.3427974271E-01   -5.0140678532E-02   -4.4251275745E-01    1.7810123703E-02   -4.4034682543E-01   -3.3607635960E-01   -4.9833000169E-02   -4.4196747580E-01
    1.1663311255E+00   -1.7732428150E-01   -1.6223712694E-01    8.8272185111E-01    6.8395635305E-02    9.0477147657E-01   -6.2551883345E-02   -1.6216354441E-01    8.8735634967E-01    6.9416794429E-02    9.0489742617E-01   -6.1873963246E-02
   -1.2822473690E+00   -1.8662597529E+00    9.1673954780E-01    4.1613638229E-01    2.7437159516E-01    2.7908292060E-01    4.1665756142E-01    9.1711656768E-01    4.1714047252E-01    2.7223065624E-01    2.7914506943E-01    4.1711854871E-01
    2.1806911172E+00   -1.4433919661E+00   -8.1324264822E-01    4.2796297343E-01   -5.6783808188E-01    1.0361658989E-01    3.2840416113E-01   -8.1306457878E-01    4.2722243408E-01   -5.6813885125E-01    1.0415211149E-01    3.2788871758E-01
   -2.7392024022E+00   -1.5947633612E+00    3.9125200053E-01    5.2232278497E-01   -9.1997785675E-01    8.4628374808E-03    7.8147616004E-02    3.9150632393E-01    5.2205061761E-01   -9.1986329939E-01    9.3850425892E-03    7.6395485970E-02
    1.4620122798E+00   -1.5353060444E+00   -9.9347211766E-01    5.0420459721E-01    1.1103362574E-01    3.5630537843E-02    4.9339685274E-01   -9.9346285674E-01    5.0385235751E-01    1.0850124825E-01    3.5273088137E-02    4.9347680353E-01
   -2.9808557390E+00    1.0282807827E+00   -1.3722541065E-01   -1.0913028463E-02    8.4551593719E-01   -8.2197991788E-02   -1.1761422116E-01   -1.3706513049E-01   -9.6367625625E-03    8.4537314553E-01   -8.2630291406E-02   -1.2047138988E-01
   -2.4005816215E+00    1.4133587648E+00   -6.6709383709E-01    3.8177190637E-01    7.2975888869E-01   -1.0372578846E-01    2.1473306704E-01   -6.6668555179E-01    3.8432395386E-01    7.2866172200E-01   -1.0583724426E-01    2.1554433866E-01
   -3.0286622375E+00    2.6281104861E+00   -5.3394500592E-02    1.3609394195E+00    4.8825684738E-01    1.0007690747E-01   -3.7136701118E-01   -5.5355089897E-02    1.3654909018E+00    4.8808436084E-01    9.8157881134E-02   -3.7300515756E-01
    2.5760444838E+00   -2.0259388626E+00   -4.8145650925E-01    8.7239635153E-01   -7.5834695900E-01   -2.3692793037E-01    4.7861729526E-02   -4.8132539231E-01    8.7114391815E-01   -7.5834437851E-01   -2.3556710786E-01    4.6963162652E-02
    3.0357166353E+00   -1.2931752751E+00   -1.0178669798E-01    2.2850573690E-01   -9.5414928340E-01    2.9871454688E-02   -3.2198930867E-02   -1.0163191545E-01    2.2746611553E-01   -9.5632493121E-01    2.8963106368E-02   -3.1972835972E-02
    7.8748351852E-01    2.1543455156E+00    5.9112126563E-01    1.1102627160E-01   -5.9078703291E-01   -3.9001206712E-01    9.7972038906E-02    5.9131860016E-01    1.1120508814E-01   -5.8885751030E-01   -3.9041985372E-01    9.9248101703E-02
    9.6312710266E-01   -1.9425411158E+00   -7.6527079815E-01    2.9301405248E-01    5.3264648200E-01   -2.9805455533E-01    2.6842591385E-01   -7.6490389462E-01    2.9260521704E-01    5.3195636617E-01   -2.9821445385E-01    2.7103268600E-01
   -2.2456268964E+00    2.8058970906E+00   -2.5754694344E-01    1.0913828516E+00    2.0434311380E-01    7.3451350710E-01   -1.4241318337E-01   -2.5722003285E-01    1.0898915238E+00    2.0581383748E-01    7.3722893946E-01   -1.4090493226E-01
