# DNNF90 training history: one row per validation event
#  1:epoch  2:patience
#  3:cost_train    4:cost_val    5:cost_input   (per point;
#    the composite objective, Loss_term weights applied --
#    the same sum the optimizer descends)
#  6:cost_train_f  7:cost_train_df  8:cost_val_f  9:cost_val_df
# 10:cost_input_f 11:cost_input_df
# 12:rmse_train_f 13:rmse_train_df 14:rmse_val_f 15:rmse_val_df
# 16:rmse_input_f 17:rmse_input_df
# 18:mae_train_f  19:mae_train_df  20:mae_val_f  21:mae_val_df
# 22:mae_input_f  23:mae_input_df
# 24..: the same 21 metrics for each loss term in turn (2 terms: columns 24-44 are term 1, 45-65 term 2, ...)
1  0    0.17627E+00    0.22764E+00    0.18141E+00    0.16424E+00    0.60138E-01    0.20915E+00    0.92425E-01    0.16874E+00    0.63367E-01    0.10591E+01    0.34681E+00    0.12035E+01    0.42994E+00    0.10744E+01    0.35600E+00    0.85173E+00    0.17339E+00    0.92403E+00    0.20319E+00    0.85896E+00    0.17637E+00    0.48732E+00    0.69718E+00    0.50621E+00    0.48732E+00    0.00000E+00    0.69718E+00    0.00000E+00    0.50621E+00    0.00000E+00    0.98724E+00    0.00000E+00    0.11808E+01    0.00000E+00    0.10062E+01    0.00000E+00    0.85692E+00    0.00000E+00    0.96747E+00    0.00000E+00    0.86687E+00    0.00000E+00    0.18142E-01    0.26407E-01    0.19010E-01    0.00000E+00    0.90711E-01    0.00000E+00    0.13204E+00    0.00000E+00    0.95050E-01    0.10938E+01    0.42594E+00    0.12130E+01    0.51388E+00    0.11069E+01    0.43600E+00    0.84909E+00    0.26154E+00    0.90541E+00    0.29027E+00    0.85500E+00    0.26456E+00
200  0    0.17891E-01    0.28444E-01    0.18946E-01    0.14911E-01    0.14896E-01    0.23798E-01    0.23228E-01    0.15800E-01    0.15730E-01    0.54754E+00    0.17261E+00    0.63436E+00    0.21554E+00    0.55683E+00    0.17737E+00    0.36641E+00    0.11614E+00    0.44501E+00    0.15264E+00    0.37427E+00    0.11979E+00    0.44243E-01    0.79327E-01    0.47400E-01    0.44243E-01    0.00000E+00    0.79327E-01    0.00000E+00    0.47400E-01    0.00000E+00    0.29746E+00    0.00000E+00    0.39831E+00    0.00000E+00    0.30790E+00    0.00000E+00    0.23879E+00    0.00000E+00    0.31421E+00    0.00000E+00    0.24557E+00    0.00000E+00    0.44939E-02    0.66367E-02    0.47189E-02    0.00000E+00    0.22469E-01    0.00000E+00    0.33183E-01    0.00000E+00    0.23594E-01    0.63814E+00    0.21199E+00    0.71196E+00    0.25762E+00    0.64629E+00    0.21723E+00    0.43129E+00    0.17519E+00    0.50106E+00    0.21806E+00    0.43862E+00    0.17969E+00
400  0    0.15220E-02    0.34633E-02    0.17162E-02    0.41696E-03    0.55253E-02    0.80869E-03    0.13273E-01    0.45614E-03    0.63001E-02    0.22400E+00    0.10512E+00    0.27475E+00    0.16293E+00    0.22958E+00    0.11225E+00    0.11905E+00    0.59010E-01    0.15821E+00    0.97935E-01    0.12296E+00    0.62903E-01    0.12371E-02    0.26956E-02    0.13684E-02    0.12371E-02    0.00000E+00    0.26956E-02    0.00000E+00    0.13684E-02    0.00000E+00    0.49742E-01    0.00000E+00    0.73425E-01    0.00000E+00    0.52315E-01    0.00000E+00    0.40118E-01    0.00000E+00    0.50167E-01    0.00000E+00    0.41022E-01    0.00000E+00    0.16669E-02    0.37923E-02    0.18900E-02    0.00000E+00    0.83343E-02    0.00000E+00    0.18962E-01    0.00000E+00    0.94502E-02    0.27282E+00    0.12911E+00    0.32485E+00    0.19474E+00    0.27874E+00    0.13748E+00    0.15917E+00    0.89010E-01    0.20451E+00    0.13991E+00    0.16393E+00    0.94354E-01
600  0    0.58436E-03    0.17851E-02    0.70443E-03    0.33906E-04    0.27523E-02    0.68362E-04    0.85835E-02    0.37351E-04    0.33354E-02    0.15074E+00    0.74192E-01    0.18926E+00    0.13102E+00    0.15502E+00    0.81675E-01    0.69943E-01    0.38356E-01    0.10097E+00    0.68295E-01    0.73046E-01    0.41350E-01    0.10060E-03    0.22787E-03    0.11205E-03    0.10060E-03    0.00000E+00    0.22787E-03    0.00000E+00    0.11205E-03    0.00000E+00    0.14184E-01    0.00000E+00    0.21348E-01    0.00000E+00    0.14970E-01    0.00000E+00    0.10367E-01    0.00000E+00    0.14186E-01    0.00000E+00    0.10711E-01    0.00000E+00    0.83029E-03    0.24524E-02    0.10006E-02    0.00000E+00    0.41514E-02    0.00000E+00    0.12262E-01    0.00000E+00    0.50031E-02    0.18485E+00    0.91120E-01    0.22578E+00    0.15660E+00    0.18956E+00    0.10003E+00    0.10023E+00    0.57856E-01    0.13816E+00    0.97565E-01    0.10421E+00    0.62025E-01
800  0    0.32316E-03    0.84689E-03    0.37553E-03    0.28304E-04    0.14743E-02    0.31442E-04    0.40772E-02    0.28618E-04    0.17346E-02    0.11700E+00    0.54301E-01    0.14683E+00    0.90302E-01    0.12031E+00    0.58900E-01    0.56312E-01    0.29907E-01    0.80840E-01    0.47915E-01    0.58765E-01    0.31708E-01    0.83979E-04    0.10481E-03    0.85853E-04    0.83979E-04    0.00000E+00    0.10481E-03    0.00000E+00    0.85853E-04    0.00000E+00    0.12960E-01    0.00000E+00    0.14478E-01    0.00000E+00    0.13104E-01    0.00000E+00    0.10149E-01    0.00000E+00    0.13040E-01    0.00000E+00    0.10409E-01    0.00000E+00    0.44476E-03    0.11649E-02    0.52037E-03    0.00000E+00    0.22238E-02    0.00000E+00    0.58246E-02    0.00000E+00    0.26019E-02    0.14340E+00    0.66690E-01    0.17524E+00    0.10793E+00    0.14706E+00    0.72137E-01    0.79781E-01    0.45111E-01    0.10990E+00    0.68450E-01    0.82943E-01    0.47562E-01
1000  0    0.26312E-03    0.73105E-03    0.30991E-03    0.20009E-04    0.12155E-02    0.26030E-04    0.35251E-02    0.20611E-04    0.14465E-02    0.10388E+00    0.49306E-01    0.13180E+00    0.83966E-01    0.10700E+00    0.53786E-01    0.51221E-01    0.26605E-01    0.73489E-01    0.42777E-01    0.53448E-01    0.28222E-01    0.59368E-04    0.86766E-04    0.61834E-04    0.59368E-04    0.00000E+00    0.86766E-04    0.00000E+00    0.61834E-04    0.00000E+00    0.10897E-01    0.00000E+00    0.13173E-01    0.00000E+00    0.11121E-01    0.00000E+00    0.82292E-02    0.00000E+00    0.10029E-01    0.00000E+00    0.83912E-02    0.00000E+00    0.36670E-03    0.10072E-02    0.43395E-03    0.00000E+00    0.18335E-02    0.00000E+00    0.50359E-02    0.00000E+00    0.21697E-02    0.12735E+00    0.60555E-01    0.15729E+00    0.10036E+00    0.13081E+00    0.65875E-01    0.73077E-01    0.40131E-01    0.10069E+00    0.61110E-01    0.75976E-01    0.42334E-01
1200  0    0.23088E-03    0.52428E-03    0.26022E-03    0.17611E-04    0.10663E-02    0.12530E-04    0.25588E-02    0.17103E-04    0.12156E-02    0.95070E-01    0.46181E-01    0.12128E+00    0.71537E-01    0.98007E-01    0.49307E-01    0.43707E-01    0.24353E-01    0.64378E-01    0.37981E-01    0.45774E-01    0.25715E-01    0.52253E-04    0.41766E-04    0.51309E-04    0.52253E-04    0.00000E+00    0.41766E-04    0.00000E+00    0.51309E-04    0.00000E+00    0.10223E-01    0.00000E+00    0.91396E-02    0.00000E+00    0.10130E-01    0.00000E+00    0.83037E-02    0.00000E+00    0.75365E-02    0.00000E+00    0.82346E-02    0.00000E+00    0.32169E-03    0.73108E-03    0.36467E-03    0.00000E+00    0.16084E-02    0.00000E+00    0.36554E-02    0.00000E+00    0.18234E-02    0.11653E+00    0.56717E-01    0.14484E+00    0.85503E-01    0.11982E+00    0.60388E-01    0.61706E-01    0.36733E-01    0.88739E-01    0.54258E-01    0.64544E-01    0.38573E-01
1400  1    0.16452E-03    0.53093E-03    0.20116E-03    0.21774E-04    0.71371E-03    0.23808E-04    0.25356E-02    0.21977E-04    0.89590E-03    0.89047E-01    0.37781E-01    0.11352E+00    0.71213E-01    0.91788E-01    0.42330E-01    0.44691E-01    0.21159E-01    0.65807E-01    0.32483E-01    0.46803E-01    0.22292E-01    0.64603E-04    0.79361E-04    0.65932E-04    0.64603E-04    0.00000E+00    0.79361E-04    0.00000E+00    0.65932E-04    0.00000E+00    0.11367E-01    0.00000E+00    0.12599E-01    0.00000E+00    0.11483E-01    0.00000E+00    0.99755E-02    0.00000E+00    0.10541E-01    0.00000E+00    0.10026E-01    0.00000E+00    0.21531E-03    0.72446E-03    0.26877E-03    0.00000E+00    0.10765E-02    0.00000E+00    0.36223E-02    0.00000E+00    0.13438E-02    0.10906E+00    0.46401E-01    0.13543E+00    0.85115E-01    0.11212E+00    0.51843E-01    0.62340E-01    0.31916E-01    0.89493E-01    0.46404E-01    0.65191E-01    0.33438E-01
1600  2    0.13897E-03    0.57212E-03    0.18228E-03    0.22199E-04    0.58385E-03    0.23267E-04    0.27442E-02    0.22306E-04    0.79989E-03    0.93387E-01    0.34172E-01    0.11574E+00    0.74084E-01    0.95857E-01    0.39997E-01    0.43261E-01    0.16818E-01    0.61429E-01    0.31714E-01    0.45078E-01    0.18308E-01    0.65866E-04    0.77557E-04    0.66918E-04    0.65866E-04    0.00000E+00    0.77557E-04    0.00000E+00    0.66918E-04    0.00000E+00    0.11477E-01    0.00000E+00    0.12454E-01    0.00000E+00    0.11569E-01    0.00000E+00    0.88629E-02    0.00000E+00    0.90837E-02    0.00000E+00    0.88827E-02    0.00000E+00    0.17613E-03    0.78407E-03    0.23997E-03    0.00000E+00    0.88067E-03    0.00000E+00    0.39203E-02    0.00000E+00    0.11998E-02    0.11440E+00    0.41968E-01    0.13809E+00    0.88548E-01    0.11711E+00    0.48986E-01    0.60748E-01    0.25368E-01    0.83862E-01    0.45306E-01    0.63175E-01    0.27461E-01
1800  2    0.12297E-03    0.41766E-03    0.15244E-03    0.14502E-04    0.54233E-03    0.13769E-04    0.20194E-02    0.14429E-04    0.69005E-03    0.86695E-01    0.32934E-01    0.11013E+00    0.63552E-01    0.89316E-01    0.37150E-01    0.38850E-01    0.16448E-01    0.56814E-01    0.30105E-01    0.40646E-01    0.17814E-01    0.43028E-04    0.45895E-04    0.43286E-04    0.43028E-04    0.00000E+00    0.45895E-04    0.00000E+00    0.43286E-04    0.00000E+00    0.92767E-02    0.00000E+00    0.95807E-02    0.00000E+00    0.93044E-02    0.00000E+00    0.76763E-02    0.00000E+00    0.82848E-02    0.00000E+00    0.77311E-02    0.00000E+00    0.16361E-03    0.57698E-03    0.20701E-03    0.00000E+00    0.81805E-03    0.00000E+00    0.28849E-02    0.00000E+00    0.10351E-02    0.10627E+00    0.40449E-01    0.13148E+00    0.75959E-01    0.10919E+00    0.45499E-01    0.54698E-01    0.24810E-01    0.77612E-01    0.43007E-01    0.57104E-01    0.26721E-01
2000  2    0.92241E-04    0.28036E-03    0.11105E-03    0.10178E-04    0.41032E-03    0.15887E-04    0.13224E-02    0.10749E-04    0.50152E-03    0.66758E-01    0.28647E-01    0.84944E-01    0.51427E-01    0.68793E-01    0.31671E-01    0.32131E-01    0.15698E-01    0.46998E-01    0.26658E-01    0.33618E-01    0.16794E-01    0.30198E-04    0.52956E-04    0.32246E-04    0.30198E-04    0.00000E+00    0.52956E-04    0.00000E+00    0.32246E-04    0.00000E+00    0.77714E-02    0.00000E+00    0.10291E-01    0.00000E+00    0.80307E-02    0.00000E+00    0.61221E-02    0.00000E+00    0.95283E-02    0.00000E+00    0.64287E-02    0.00000E+00    0.12378E-03    0.37782E-03    0.15046E-03    0.00000E+00    0.61891E-03    0.00000E+00    0.18891E-02    0.00000E+00    0.75229E-03    0.81802E-01    0.35183E-01    0.10130E+00    0.61467E-01    0.84062E-01    0.38789E-01    0.45354E-01    0.23679E-01    0.63056E-01    0.38083E-01    0.47213E-01    0.25191E-01
2200  3    0.75838E-04    0.28108E-03    0.96363E-04    0.12029E-04    0.31905E-03    0.18362E-04    0.13136E-02    0.12662E-04    0.41850E-03    0.65510E-01    0.25261E-01    0.82620E-01    0.51256E-01    0.67417E-01    0.28931E-01    0.32221E-01    0.13727E-01    0.46852E-01    0.23830E-01    0.33684E-01    0.14738E-01    0.35691E-04    0.61206E-04    0.37987E-04    0.35691E-04    0.00000E+00    0.61206E-04    0.00000E+00    0.37987E-04    0.00000E+00    0.84487E-02    0.00000E+00    0.11064E-01    0.00000E+00    0.87163E-02    0.00000E+00    0.73108E-02    0.00000E+00    0.98263E-02    0.00000E+00    0.75372E-02    0.00000E+00    0.96249E-04    0.37531E-03    0.12555E-03    0.00000E+00    0.48124E-03    0.00000E+00    0.18766E-02    0.00000E+00    0.62775E-03    0.80231E-01    0.31024E-01    0.98483E-01    0.61263E-01    0.82338E-01    0.35433E-01    0.44885E-01    0.20706E-01    0.62720E-01    0.34043E-01    0.46758E-01    0.22106E-01
2400  3    0.89638E-04    0.26157E-03    0.10683E-03    0.13976E-04    0.37831E-03    0.23826E-04    0.11887E-02    0.14961E-04    0.45935E-03    0.63172E-01    0.27507E-01    0.78714E-01    0.48759E-01    0.64894E-01    0.30310E-01    0.30935E-01    0.13538E-01    0.43147E-01    0.24387E-01    0.32156E-01    0.14623E-01    0.41468E-04    0.79419E-04    0.44883E-04    0.41468E-04    0.00000E+00    0.79419E-04    0.00000E+00    0.44883E-04    0.00000E+00    0.91069E-02    0.00000E+00    0.12603E-01    0.00000E+00    0.94745E-02    0.00000E+00    0.68286E-02    0.00000E+00    0.10825E-01    0.00000E+00    0.71882E-02    0.00000E+00    0.11413E-03    0.33963E-03    0.13781E-03    0.00000E+00    0.57064E-03    0.00000E+00    0.16981E-02    0.00000E+00    0.68903E-03    0.77313E-01    0.33783E-01    0.93719E-01    0.58278E-01    0.79195E-01    0.37122E-01    0.43191E-01    0.20421E-01    0.57000E-01    0.34839E-01    0.44641E-01    0.21935E-01
2600  3    0.55340E-04    0.14955E-03    0.64761E-04    0.13565E-04    0.20888E-03    0.11682E-04    0.68932E-03    0.13376E-04    0.25692E-03    0.48834E-01    0.20439E-01    0.59198E-01    0.37130E-01    0.49968E-01    0.22668E-01    0.24164E-01    0.10964E-01    0.32245E-01    0.20670E-01    0.24972E-01    0.11934E-01    0.40247E-04    0.38938E-04    0.40129E-04    0.40247E-04    0.00000E+00    0.38938E-04    0.00000E+00    0.40129E-04    0.00000E+00    0.89718E-02    0.00000E+00    0.88248E-02    0.00000E+00    0.89587E-02    0.00000E+00    0.72771E-02    0.00000E+00    0.70760E-02    0.00000E+00    0.72590E-02    0.00000E+00    0.63013E-04    0.19695E-03    0.77077E-04    0.00000E+00    0.31507E-03    0.00000E+00    0.98474E-03    0.00000E+00    0.38538E-03    0.59634E-01    0.25102E-01    0.70519E-01    0.44379E-01    0.60869E-01    0.27763E-01    0.32749E-01    0.16537E-01    0.43032E-01    0.29528E-01    0.33828E-01    0.17901E-01
2800  3    0.47613E-04    0.13572E-03    0.56424E-04    0.10912E-04    0.18351E-03    0.13342E-04    0.61190E-03    0.11155E-04    0.22634E-03    0.44055E-01    0.19158E-01    0.55871E-01    0.34983E-01    0.45376E-01    0.21277E-01    0.23187E-01    0.11029E-01    0.31954E-01    0.20096E-01    0.24064E-01    0.11936E-01    0.32377E-04    0.44474E-04    0.33466E-04    0.32377E-04    0.00000E+00    0.44474E-04    0.00000E+00    0.33466E-04    0.00000E+00    0.80470E-02    0.00000E+00    0.94312E-02    0.00000E+00    0.81811E-02    0.00000E+00    0.64043E-02    0.00000E+00    0.79408E-02    0.00000E+00    0.65426E-02    0.00000E+00    0.55359E-04    0.17483E-03    0.67903E-04    0.00000E+00    0.27680E-03    0.00000E+00    0.87414E-03    0.00000E+00    0.33952E-03    0.53802E-01    0.23529E-01    0.66493E-01    0.41813E-01    0.55272E-01    0.26058E-01    0.31719E-01    0.16636E-01    0.42245E-01    0.28709E-01    0.32824E-01    0.17903E-01
3000  3    0.53893E-04    0.13435E-03    0.61939E-04    0.10253E-04    0.21820E-03    0.14396E-04    0.59979E-03    0.10668E-04    0.25636E-03    0.45900E-01    0.20890E-01    0.55763E-01    0.34635E-01    0.46980E-01    0.22643E-01    0.22641E-01    0.11667E-01    0.29680E-01    0.21184E-01    0.23344E-01    0.12619E-01    0.30422E-04    0.47986E-04    0.32003E-04    0.30422E-04    0.00000E+00    0.47986E-04    0.00000E+00    0.32003E-04    0.00000E+00    0.78002E-02    0.00000E+00    0.97966E-02    0.00000E+00    0.80003E-02    0.00000E+00    0.55984E-02    0.00000E+00    0.85733E-02    0.00000E+00    0.58662E-02    0.00000E+00    0.65825E-04    0.17137E-03    0.76907E-04    0.00000E+00    0.32912E-03    0.00000E+00    0.85684E-03    0.00000E+00    0.38453E-03    0.56098E-01    0.25656E-01    0.66340E-01    0.41397E-01    0.57259E-01    0.27732E-01    0.31304E-01    0.17598E-01    0.38726E-01    0.30263E-01    0.32084E-01    0.18928E-01
3200  4    0.49595E-04    0.13810E-03    0.58445E-04    0.16902E-04    0.16346E-03    0.24213E-04    0.56944E-03    0.17633E-04    0.20406E-03    0.43623E-01    0.18081E-01    0.60424E-01    0.33747E-01    0.45582E-01    0.20202E-01    0.24291E-01    0.95582E-02    0.36352E-01    0.17823E-01    0.25497E-01    0.10385E-01    0.50149E-04    0.80709E-04    0.52900E-04    0.50149E-04    0.00000E+00    0.80709E-04    0.00000E+00    0.52900E-04    0.00000E+00    0.10015E-01    0.00000E+00    0.12705E-01    0.00000E+00    0.10286E-01    0.00000E+00    0.87313E-02    0.00000E+00    0.10506E-01    0.00000E+00    0.88911E-02    0.00000E+00    0.49313E-04    0.16270E-03    0.61218E-04    0.00000E+00    0.24656E-03    0.00000E+00    0.81348E-03    0.00000E+00    0.30609E-03    0.53097E-01    0.22207E-01    0.71740E-01    0.40336E-01    0.55351E-01    0.24742E-01    0.32201E-01    0.14417E-01    0.47429E-01    0.25461E-01    0.33800E-01    0.15577E-01
3400  4    0.49100E-04    0.11505E-03    0.55695E-04    0.25863E-04    0.11619E-03    0.26649E-04    0.44200E-03    0.25941E-04    0.14877E-03    0.40226E-01    0.15244E-01    0.54326E-01    0.29732E-01    0.41850E-01    0.17249E-01    0.22642E-01    0.81913E-02    0.32592E-01    0.17290E-01    0.23637E-01    0.91012E-02    0.76735E-04    0.88830E-04    0.77824E-04    0.76735E-04    0.00000E+00    0.88830E-04    0.00000E+00    0.77824E-04    0.00000E+00    0.12388E-01    0.00000E+00    0.13329E-01    0.00000E+00    0.12476E-01    0.00000E+00    0.10951E-01    0.00000E+00    0.11727E-01    0.00000E+00    0.11021E-01    0.00000E+00    0.35051E-04    0.12629E-03    0.44631E-04    0.00000E+00    0.17525E-03    0.00000E+00    0.63143E-03    0.00000E+00    0.22315E-03    0.48608E-01    0.18722E-01    0.64343E-01    0.35537E-01    0.50491E-01    0.21126E-01    0.28585E-01    0.12356E-01    0.41534E-01    0.24701E-01    0.29945E-01    0.13652E-01
3600  4    0.40065E-04    0.71431E-04    0.43202E-04    0.13728E-04    0.13168E-03    0.13580E-04    0.28925E-03    0.13713E-04    0.14744E-03    0.26833E-01    0.16229E-01    0.33310E-01    0.24052E-01    0.27549E-01    0.17172E-01    0.15955E-01    0.93903E-02    0.20729E-01    0.14847E-01    0.16432E-01    0.99359E-02    0.40732E-04    0.45268E-04    0.41140E-04    0.40732E-04    0.00000E+00    0.45268E-04    0.00000E+00    0.41140E-04    0.00000E+00    0.90257E-02    0.00000E+00    0.95151E-02    0.00000E+00    0.90708E-02    0.00000E+00    0.70415E-02    0.00000E+00    0.77338E-02    0.00000E+00    0.71038E-02    0.00000E+00    0.39726E-04    0.82643E-04    0.44232E-04    0.00000E+00    0.19863E-03    0.00000E+00    0.41322E-03    0.00000E+00    0.22116E-03    0.32321E-01    0.19931E-01    0.39323E-01    0.28748E-01    0.33125E-01    0.21031E-01    0.20486E-01    0.14164E-01    0.26298E-01    0.21210E-01    0.21096E-01    0.14904E-01
3800  4    0.15583E-04    0.55924E-04    0.19617E-04    0.26804E-05    0.64514E-04    0.22127E-05    0.26856E-03    0.26337E-05    0.84918E-04    0.29995E-01    0.11359E-01    0.40714E-01    0.23176E-01    0.31233E-01    0.13032E-01    0.14144E-01    0.64540E-02    0.20920E-01    0.14439E-01    0.14822E-01    0.72525E-02    0.79530E-05    0.73757E-05    0.79010E-05    0.79530E-05    0.00000E+00    0.73757E-05    0.00000E+00    0.79010E-05    0.00000E+00    0.39882E-02    0.00000E+00    0.38407E-02    0.00000E+00    0.39752E-02    0.00000E+00    0.33685E-02    0.00000E+00    0.32539E-02    0.00000E+00    0.33582E-02    0.00000E+00    0.19462E-04    0.76730E-04    0.25476E-04    0.00000E+00    0.97312E-04    0.00000E+00    0.38365E-03    0.00000E+00    0.12738E-03    0.36729E-01    0.13951E-01    0.48598E-01    0.27700E-01    0.38149E-01    0.15961E-01    0.19623E-01    0.97351E-02    0.28491E-01    0.20627E-01    0.20554E-01    0.10879E-01
4000  4    0.16598E-04    0.47067E-04    0.19645E-04    0.54107E-05    0.55936E-04    0.35637E-05    0.21752E-03    0.52260E-05    0.72094E-04    0.26377E-01    0.10577E-01    0.37098E-01    0.20857E-01    0.27637E-01    0.12008E-01    0.13108E-01    0.59455E-02    0.19457E-01    0.12479E-01    0.13743E-01    0.65988E-02    0.16054E-04    0.11879E-04    0.15678E-04    0.16054E-04    0.00000E+00    0.11879E-04    0.00000E+00    0.15678E-04    0.00000E+00    0.56663E-02    0.00000E+00    0.48742E-02    0.00000E+00    0.55996E-02    0.00000E+00    0.47041E-02    0.00000E+00    0.39835E-02    0.00000E+00    0.46393E-02    0.00000E+00    0.16875E-04    0.62148E-04    0.21628E-04    0.00000E+00    0.84373E-04    0.00000E+00    0.31074E-03    0.00000E+00    0.10814E-03    0.32142E-01    0.12990E-01    0.44225E-01    0.24929E-01    0.33615E-01    0.14707E-01    0.17380E-01    0.89680E-02    0.26089E-01    0.17827E-01    0.18295E-01    0.98982E-02
4200  4    0.13324E-04    0.41513E-04    0.16143E-04    0.29843E-05    0.51697E-04    0.23610E-05    0.19576E-03    0.29220E-05    0.66103E-04    0.23258E-01    0.10168E-01    0.31107E-01    0.19787E-01    0.24158E-01    0.11498E-01    0.11072E-01    0.61717E-02    0.16621E-01    0.11874E-01    0.11627E-01    0.67419E-02    0.88545E-05    0.78701E-05    0.87659E-05    0.88545E-05    0.00000E+00    0.78701E-05    0.00000E+00    0.87659E-05    0.00000E+00    0.42082E-02    0.00000E+00    0.39674E-02    0.00000E+00    0.41871E-02    0.00000E+00    0.35287E-02    0.00000E+00    0.32456E-02    0.00000E+00    0.35032E-02    0.00000E+00    0.15596E-04    0.55931E-04    0.19831E-04    0.00000E+00    0.77979E-04    0.00000E+00    0.27966E-03    0.00000E+00    0.99155E-04    0.28406E-01    0.12488E-01    0.37089E-01    0.23650E-01    0.29439E-01    0.14082E-01    0.14907E-01    0.93093E-02    0.22353E-01    0.16962E-01    0.15689E-01    0.10113E-01
4400  4    0.27661E-04    0.41219E-04    0.29017E-04    0.92765E-05    0.91924E-04    0.58062E-05    0.17706E-03    0.89295E-05    0.10044E-03    0.27939E-01    0.13559E-01    0.36378E-01    0.18818E-01    0.28894E-01    0.14173E-01    0.16762E-01    0.74489E-02    0.22611E-01    0.11651E-01    0.17347E-01    0.78691E-02    0.27524E-04    0.19354E-04    0.26788E-04    0.27524E-04    0.00000E+00    0.19354E-04    0.00000E+00    0.26788E-04    0.00000E+00    0.74194E-02    0.00000E+00    0.62216E-02    0.00000E+00    0.73196E-02    0.00000E+00    0.59596E-02    0.00000E+00    0.52011E-02    0.00000E+00    0.58913E-02    0.00000E+00    0.27731E-04    0.50590E-04    0.30131E-04    0.00000E+00    0.13866E-03    0.00000E+00    0.25295E-03    0.00000E+00    0.15066E-03    0.33904E-01    0.16653E-01    0.43289E-01    0.22492E-01    0.35007E-01    0.17358E-01    0.22254E-01    0.11236E-01    0.30073E-01    0.16644E-01    0.23075E-01    0.11804E-01
4600  4    0.11661E-04    0.26638E-04    0.13158E-04    0.31313E-05    0.42647E-04    0.27428E-05    0.11948E-03    0.30924E-05    0.50330E-04    0.19302E-01    0.92355E-02    0.26703E-01    0.15458E-01    0.20165E-01    0.10033E-01    0.10350E-01    0.54127E-02    0.14702E-01    0.96836E-02    0.10785E-01    0.58398E-02    0.92907E-05    0.91427E-05    0.92773E-05    0.92907E-05    0.00000E+00    0.91427E-05    0.00000E+00    0.92773E-05    0.00000E+00    0.43106E-02    0.00000E+00    0.42761E-02    0.00000E+00    0.43075E-02    0.00000E+00    0.36870E-02    0.00000E+00    0.34837E-02    0.00000E+00    0.36687E-02    0.00000E+00    0.12866E-04    0.34136E-04    0.15099E-04    0.00000E+00    0.64328E-04    0.00000E+00    0.17068E-03    0.00000E+00    0.75495E-04    0.23506E-01    0.11343E-01    0.31793E-01    0.18476E-01    0.24508E-01    0.12288E-01    0.13737E-01    0.81645E-02    0.19511E-01    0.13834E-01    0.14344E-01    0.87597E-02
4800  5    0.88666E-03    0.86334E-03    0.88432E-03    0.76398E-03    0.61339E-03    0.70886E-03    0.77239E-03    0.75847E-03    0.62929E-03    0.68132E-01    0.35025E-01    0.62842E-01    0.39304E-01    0.67622E-01    0.35476E-01    0.65750E-01    0.15989E-01    0.58176E-01    0.22159E-01    0.64993E-01    0.16606E-01    0.22667E-02    0.23629E-02    0.22754E-02    0.22667E-02    0.00000E+00    0.23629E-02    0.00000E+00    0.22754E-02    0.00000E+00    0.67331E-01    0.00000E+00    0.68744E-01    0.00000E+00    0.67460E-01    0.00000E+00    0.66021E-01    0.00000E+00    0.65420E-01    0.00000E+00    0.65967E-01    0.00000E+00    0.18505E-03    0.22068E-03    0.18879E-03    0.00000E+00    0.92523E-03    0.00000E+00    0.11034E-02    0.00000E+00    0.94394E-03    0.68536E-01    0.43017E-01    0.60136E-01    0.46977E-01    0.67703E-01    0.43450E-01    0.65612E-01    0.24117E-01    0.55071E-01    0.31656E-01    0.64505E-01    0.24909E-01
5000  5    0.68478E-05    0.20310E-04    0.81940E-05    0.79592E-06    0.30259E-04    0.53816E-06    0.98860E-04    0.77014E-06    0.37119E-04    0.16964E-01    0.77794E-02    0.23410E-01    0.14061E-01    0.17714E-01    0.86162E-02    0.86593E-02    0.45321E-02    0.12138E-01    0.85259E-02    0.90072E-02    0.49315E-02    0.23615E-05    0.17939E-05    0.23104E-05    0.23615E-05    0.00000E+00    0.17939E-05    0.00000E+00    0.23104E-05    0.00000E+00    0.21733E-02    0.00000E+00    0.18941E-02    0.00000E+00    0.21496E-02    0.00000E+00    0.17973E-02    0.00000E+00    0.16350E-02    0.00000E+00    0.17827E-02    0.00000E+00    0.91285E-05    0.28246E-04    0.11136E-04    0.00000E+00    0.45643E-04    0.00000E+00    0.14123E-03    0.00000E+00    0.55679E-04    0.20776E-01    0.95543E-02    0.27952E-01    0.16806E-01    0.21642E-01    0.10553E-01    0.12148E-01    0.68361E-02    0.16639E-01    0.12180E-01    0.12619E-01    0.73972E-02
5200  6    0.12203E-04    0.20836E-04    0.13066E-04    0.11178E-05    0.55424E-04    0.88305E-06    0.99766E-04    0.10943E-05    0.59858E-04    0.17458E-01    0.10528E-01    0.24994E-01    0.14126E-01    0.18351E-01    0.10941E-01    0.86835E-02    0.56530E-02    0.13192E-01    0.79286E-02    0.91344E-02    0.58806E-02    0.33166E-05    0.29435E-05    0.32830E-05    0.33166E-05    0.00000E+00    0.29435E-05    0.00000E+00    0.32830E-05    0.00000E+00    0.25755E-02    0.00000E+00    0.24263E-02    0.00000E+00    0.25624E-02    0.00000E+00    0.21699E-02    0.00000E+00    0.20450E-02    0.00000E+00    0.21587E-02    0.00000E+00    0.16720E-04    0.28505E-04    0.17957E-04    0.00000E+00    0.83600E-04    0.00000E+00    0.14252E-03    0.00000E+00    0.89787E-04    0.21362E-01    0.12931E-01    0.29832E-01    0.16883E-01    0.22402E-01    0.13400E-01    0.11995E-01    0.85269E-02    0.17970E-01    0.11327E-01    0.12622E-01    0.88209E-02
5400  7    0.56031E-05    0.22520E-04    0.72948E-05    0.84602E-06    0.23786E-04    0.54112E-06    0.10989E-03    0.81553E-06    0.32396E-04    0.18325E-01    0.68972E-02    0.25362E-01    0.14825E-01    0.19146E-01    0.80494E-02    0.86380E-02    0.40700E-02    0.12872E-01    0.88276E-02    0.90615E-02    0.45457E-02    0.25102E-05    0.18037E-05    0.24466E-05    0.25102E-05    0.00000E+00    0.18037E-05    0.00000E+00    0.24466E-05    0.00000E+00    0.22406E-02    0.00000E+00    0.18993E-02    0.00000E+00    0.22120E-02    0.00000E+00    0.18441E-02    0.00000E+00    0.14877E-02    0.00000E+00    0.18120E-02    0.00000E+00    0.71755E-05    0.31398E-04    0.97189E-05    0.00000E+00    0.35878E-04    0.00000E+00    0.15699E-03    0.00000E+00    0.48594E-04    0.22449E-01    0.84708E-02    0.30287E-01    0.17720E-01    0.23396E-01    0.98584E-02    0.12092E-01    0.61391E-02    0.17751E-01    0.12611E-01    0.12686E-01    0.68186E-02
5600  8    0.27191E-04    0.38673E-04    0.28339E-04    0.13989E-04    0.66010E-04    0.65573E-05    0.16058E-03    0.13246E-04    0.75467E-04    0.20830E-01    0.11490E-01    0.22409E-01    0.17921E-01    0.20993E-01    0.12285E-01    0.14203E-01    0.67565E-02    0.16226E-01    0.11654E-01    0.14405E-01    0.72463E-02    0.41505E-04    0.21858E-04    0.39737E-04    0.41505E-04    0.00000E+00    0.21858E-04    0.00000E+00    0.39737E-04    0.00000E+00    0.91110E-02    0.00000E+00    0.66118E-02    0.00000E+00    0.89148E-02    0.00000E+00    0.75355E-02    0.00000E+00    0.55323E-02    0.00000E+00    0.73552E-02    0.00000E+00    0.19914E-04    0.45880E-04    0.22640E-04    0.00000E+00    0.99568E-04    0.00000E+00    0.22940E-03    0.00000E+00    0.11320E-03    0.24744E-01    0.14112E-01    0.26432E-01    0.21420E-01    0.24927E-01    0.15047E-01    0.17592E-01    0.10191E-01    0.20809E-01    0.16649E-01    0.17930E-01    0.10869E-01
5800  9    0.11392E-04    0.21880E-04    0.12441E-04    0.53733E-05    0.30094E-04    0.38433E-05    0.90181E-04    0.52203E-05    0.36103E-04    0.16113E-01    0.77581E-02    0.20032E-01    0.13430E-01    0.16546E-01    0.84974E-02    0.88537E-02    0.47349E-02    0.11670E-01    0.73839E-02    0.91354E-02    0.49998E-02    0.15943E-04    0.12811E-04    0.15661E-04    0.15943E-04    0.00000E+00    0.12811E-04    0.00000E+00    0.15661E-04    0.00000E+00    0.56467E-02    0.00000E+00    0.50618E-02    0.00000E+00    0.55966E-02    0.00000E+00    0.45133E-02    0.00000E+00    0.45128E-02    0.00000E+00    0.45133E-02    0.00000E+00    0.90787E-05    0.25766E-04    0.10831E-04    0.00000E+00    0.45393E-04    0.00000E+00    0.12883E-03    0.00000E+00    0.54154E-04    0.19375E-01    0.95282E-02    0.23712E-01    0.16052E-01    0.19875E-01    0.10407E-01    0.11060E-01    0.71420E-02    0.14737E-01    0.10548E-01    0.11446E-01    0.74997E-02
6000  10    0.90399E-05    0.36925E-04    0.11828E-04    0.20809E-05    0.34795E-04    0.68091E-06    0.18122E-03    0.19409E-05    0.49437E-04    0.19205E-01    0.83420E-02    0.27968E-01    0.19038E-01    0.20253E-01    0.99436E-02    0.98475E-02    0.46563E-02    0.14653E-01    0.10674E-01    0.10328E-01    0.52581E-02    0.61742E-05    0.22697E-05    0.58228E-05    0.61742E-05    0.00000E+00    0.22697E-05    0.00000E+00    0.58228E-05    0.00000E+00    0.35140E-02    0.00000E+00    0.21306E-02    0.00000E+00    0.34126E-02    0.00000E+00    0.27878E-02    0.00000E+00    0.18460E-02    0.00000E+00    0.27030E-02    0.00000E+00    0.10497E-04    0.51778E-04    0.14831E-04    0.00000E+00    0.52484E-04    0.00000E+00    0.25889E-03    0.00000E+00    0.74156E-04    0.23453E-01    0.10245E-01    0.33399E-01    0.22755E-01    0.24687E-01    0.12178E-01    0.13437E-01    0.70235E-02    0.20142E-01    0.15249E-01    0.14141E-01    0.78872E-02
6200  11    0.25614E-04    0.44336E-04    0.27486E-04    0.65973E-05    0.95083E-04    0.57650E-05    0.19285E-03    0.65141E-05    0.10486E-03    0.22060E-01    0.13790E-01    0.31136E-01    0.19639E-01    0.23128E-01    0.14482E-01    0.13007E-01    0.61404E-02    0.19234E-01    0.12095E-01    0.13630E-01    0.67358E-02    0.19574E-04    0.19217E-04    0.19542E-04    0.19574E-04    0.00000E+00    0.19217E-04    0.00000E+00    0.19542E-04    0.00000E+00    0.62569E-02    0.00000E+00    0.61995E-02    0.00000E+00    0.62518E-02    0.00000E+00    0.50649E-02    0.00000E+00    0.50739E-02    0.00000E+00    0.50657E-02    0.00000E+00    0.28684E-04    0.55101E-04    0.31458E-04    0.00000E+00    0.14342E-03    0.00000E+00    0.27550E-03    0.00000E+00    0.15729E-03    0.26723E-01    0.16936E-01    0.36993E-01    0.23474E-01    0.27979E-01    0.17736E-01    0.17045E-01    0.92620E-02    0.25302E-01    0.17278E-01    0.17912E-01    0.10104E-01
6400  12    0.12706E-03    0.14852E-03    0.12920E-03    0.10688E-03    0.10090E-03    0.11897E-03    0.14777E-03    0.10809E-03    0.10559E-03    0.28404E-01    0.14206E-01    0.29710E-01    0.17191E-01    0.28537E-01    0.14532E-01    0.24846E-01    0.81742E-02    0.25786E-01    0.10600E-01    0.24940E-01    0.84168E-02    0.31711E-03    0.39656E-03    0.32426E-03    0.31711E-03    0.00000E+00    0.39656E-03    0.00000E+00    0.32426E-03    0.00000E+00    0.25184E-01    0.00000E+00    0.28162E-01    0.00000E+00    0.25466E-01    0.00000E+00    0.22647E-01    0.00000E+00    0.26136E-01    0.00000E+00    0.22961E-01    0.00000E+00    0.30440E-04    0.42221E-04    0.31677E-04    0.00000E+00    0.15220E-03    0.00000E+00    0.21110E-03    0.00000E+00    0.15839E-03    0.29908E-01    0.17447E-01    0.30350E-01    0.20548E-01    0.29955E-01    0.17798E-01    0.25964E-01    0.12330E-01    0.25637E-01    0.15143E-01    0.25930E-01    0.12625E-01
6600  13    0.29760E-04    0.50619E-04    0.31846E-04    0.23054E-04    0.33527E-04    0.20450E-04    0.15084E-03    0.22794E-04    0.45258E-04    0.23036E-01    0.81886E-02    0.31237E-01    0.17369E-01    0.23983E-01    0.95140E-02    0.17119E-01    0.48101E-02    0.23277E-01    0.97019E-02    0.17735E-01    0.52993E-02    0.68403E-04    0.68166E-04    0.68382E-04    0.68403E-04    0.00000E+00    0.68166E-04    0.00000E+00    0.68382E-04    0.00000E+00    0.11696E-01    0.00000E+00    0.11676E-01    0.00000E+00    0.11695E-01    0.00000E+00    0.11423E-01    0.00000E+00    0.11396E-01    0.00000E+00    0.11421E-01    0.00000E+00    0.10114E-04    0.43098E-04    0.13577E-04    0.00000E+00    0.50571E-04    0.00000E+00    0.21549E-03    0.00000E+00    0.67887E-04    0.27035E-01    0.10057E-01    0.36545E-01    0.20760E-01    0.28185E-01    0.11652E-01    0.20015E-01    0.72555E-02    0.28369E-01    0.13860E-01    0.20892E-01    0.79490E-02
6800  13    0.43886E-05    0.18536E-04    0.58034E-05    0.11864E-05    0.16011E-04    0.95566E-06    0.87901E-04    0.11634E-05    0.23200E-04    0.15513E-01    0.56588E-02    0.21202E-01    0.13259E-01    0.16172E-01    0.68118E-02    0.72320E-02    0.34191E-02    0.10887E-01    0.74664E-02    0.75975E-02    0.38238E-02    0.35202E-05    0.31855E-05    0.34901E-05    0.35202E-05    0.00000E+00    0.31855E-05    0.00000E+00    0.34901E-05    0.00000E+00    0.26534E-02    0.00000E+00    0.25241E-02    0.00000E+00    0.26420E-02    0.00000E+00    0.21665E-02    0.00000E+00    0.20680E-02    0.00000E+00    0.21576E-02    0.00000E+00    0.48301E-05    0.25115E-04    0.69600E-05    0.00000E+00    0.24151E-04    0.00000E+00    0.12557E-03    0.00000E+00    0.34800E-04    0.18958E-01    0.69499E-02    0.25287E-01    0.15848E-01    0.19718E-01    0.83427E-02    0.98072E-02    0.51573E-02    0.14667E-01    0.10666E-01    0.10317E-01    0.57357E-02
7000  14    0.16035E-03    0.19770E-03    0.16408E-03    0.95511E-04    0.32417E-03    0.10859E-03    0.44552E-03    0.96819E-04    0.33631E-03    0.32798E-01    0.25463E-01    0.44591E-01    0.29850E-01    0.34161E-01    0.25935E-01    0.26293E-01    0.12779E-01    0.35898E-01    0.17877E-01    0.27253E-01    0.13288E-01    0.28338E-03    0.36198E-03    0.29046E-03    0.28338E-03    0.00000E+00    0.36198E-03    0.00000E+00    0.29046E-03    0.00000E+00    0.23807E-01    0.00000E+00    0.26906E-01    0.00000E+00    0.24102E-01    0.00000E+00    0.21274E-01    0.00000E+00    0.24897E-01    0.00000E+00    0.21600E-01    0.00000E+00    0.97796E-04    0.12729E-03    0.10089E-03    0.00000E+00    0.48898E-03    0.00000E+00    0.63645E-03    0.00000E+00    0.50446E-03    0.36530E-01    0.31272E-01    0.50301E-01    0.35678E-01    0.38210E-01    0.31764E-01    0.28844E-01    0.19275E-01    0.40613E-01    0.25539E-01    0.30080E-01    0.19933E-01
7200  15    0.15858E-04    0.23254E-04    0.16598E-04    0.49955E-05    0.54313E-04    0.46996E-05    0.92771E-04    0.49659E-05    0.58159E-04    0.18194E-01    0.10422E-01    0.26729E-01    0.13621E-01    0.19219E-01    0.10785E-01    0.93546E-02    0.58038E-02    0.14850E-01    0.72083E-02    0.99042E-02    0.59443E-02    0.14822E-04    0.15665E-04    0.14898E-04    0.14822E-04    0.00000E+00    0.15665E-04    0.00000E+00    0.14898E-04    0.00000E+00    0.54446E-02    0.00000E+00    0.55974E-02    0.00000E+00    0.54585E-02    0.00000E+00    0.42373E-02    0.00000E+00    0.46239E-02    0.00000E+00    0.42721E-02    0.00000E+00    0.16385E-04    0.26506E-04    0.17448E-04    0.00000E+00    0.81925E-04    0.00000E+00    0.13253E-03    0.00000E+00    0.87238E-04    0.22005E-01    0.12800E-01    0.31736E-01    0.16281E-01    0.23219E-01    0.13209E-01    0.11956E-01    0.87544E-02    0.19233E-01    0.10298E-01    0.12720E-01    0.89164E-02
7400  16    0.71314E-05    0.27934E-04    0.92116E-05    0.31060E-05    0.20127E-04    0.36848E-05    0.12125E-03    0.31639E-05    0.30239E-04    0.18070E-01    0.63446E-02    0.26004E-01    0.15572E-01    0.19013E-01    0.77767E-02    0.99153E-02    0.38682E-02    0.15087E-01    0.85602E-02    0.10432E-01    0.43374E-02    0.92156E-05    0.12283E-04    0.94916E-05    0.92156E-05    0.00000E+00    0.12283E-04    0.00000E+00    0.94916E-05    0.00000E+00    0.42931E-02    0.00000E+00    0.49564E-02    0.00000E+00    0.43570E-02    0.00000E+00    0.35687E-02    0.00000E+00    0.39481E-02    0.00000E+00    0.36029E-02    0.00000E+00    0.60718E-05    0.34641E-04    0.90716E-05    0.00000E+00    0.30359E-04    0.00000E+00    0.17321E-03    0.00000E+00    0.45358E-04    0.21981E-01    0.77922E-02    0.30911E-01    0.18612E-01    0.23081E-01    0.95245E-02    0.13142E-01    0.58347E-02    0.19860E-01    0.12229E-01    0.13847E-01    0.65061E-02
7600  17    0.38631E-05    0.25562E-04    0.60331E-05    0.40151E-06    0.17308E-04    0.23227E-06    0.12665E-03    0.38458E-06    0.28242E-04    0.17057E-01    0.58836E-02    0.25619E-01    0.15915E-01    0.18096E-01    0.75156E-02    0.79932E-02    0.37094E-02    0.13275E-01    0.92153E-02    0.85214E-02    0.42600E-02    0.11913E-05    0.77422E-06    0.11538E-05    0.11913E-05    0.00000E+00    0.77422E-06    0.00000E+00    0.11538E-05    0.00000E+00    0.15436E-02    0.00000E+00    0.12444E-02    0.00000E+00    0.15190E-02    0.00000E+00    0.12272E-02    0.00000E+00    0.10482E-02    0.00000E+00    0.12111E-02    0.00000E+00    0.52214E-05    0.36186E-04    0.84727E-05    0.00000E+00    0.26107E-04    0.00000E+00    0.18093E-03    0.00000E+00    0.42364E-04    0.20919E-01    0.72260E-02    0.30609E-01    0.19023E-01    0.22137E-01    0.92047E-02    0.11433E-01    0.55951E-02    0.18515E-01    0.13165E-01    0.12176E-01    0.63899E-02
7800  18    0.17977E-04    0.45299E-04    0.20709E-04    0.12195E-04    0.28909E-04    0.11227E-04    0.17036E-03    0.12098E-04    0.43054E-04    0.20828E-01    0.76039E-02    0.28608E-01    0.18459E-01    0.21731E-01    0.92795E-02    0.13310E-01    0.42798E-02    0.17921E-01    0.10775E-01    0.13771E-01    0.49293E-02    0.36183E-04    0.37423E-04    0.36294E-04    0.36183E-04    0.00000E+00    0.37423E-04    0.00000E+00    0.36294E-04    0.00000E+00    0.85068E-02    0.00000E+00    0.86513E-02    0.00000E+00    0.85199E-02    0.00000E+00    0.79961E-02    0.00000E+00    0.81070E-02    0.00000E+00    0.80061E-02    0.00000E+00    0.87212E-05    0.48675E-04    0.12916E-04    0.00000E+00    0.43606E-04    0.00000E+00    0.24337E-03    0.00000E+00    0.64582E-04    0.24850E-01    0.93388E-02    0.33721E-01    0.22062E-01    0.25925E-01    0.11365E-01    0.16011E-01    0.64556E-02    0.22128E-01    0.15393E-01    0.16653E-01    0.73940E-02
8000  19    0.64802E-04    0.56991E-04    0.64021E-04    0.29634E-04    0.17584E-03    0.30133E-04    0.13429E-03    0.29684E-04    0.17169E-03    0.18996E-01    0.18753E-01    0.23758E-01    0.16388E-01    0.19525E-01    0.18530E-01    0.15006E-01    0.10362E-01    0.18565E-01    0.10473E-01    0.15362E-01    0.10373E-01    0.87924E-04    0.10044E-03    0.89051E-04    0.87924E-04    0.00000E+00    0.10044E-03    0.00000E+00    0.89051E-04    0.00000E+00    0.13261E-01    0.00000E+00    0.14173E-01    0.00000E+00    0.13345E-01    0.00000E+00    0.11988E-01    0.00000E+00    0.13050E-01    0.00000E+00    0.12084E-01    0.00000E+00    0.53048E-04    0.38369E-04    0.51507E-04    0.00000E+00    0.26524E-03    0.00000E+00    0.19184E-03    0.00000E+00    0.25753E-03    0.21328E-01    0.23032E-01    0.26838E-01    0.19588E-01    0.21972E-01    0.22695E-01    0.16540E-01    0.15630E-01    0.20929E-01    0.14961E-01    0.17001E-01    0.15559E-01
8200  20    0.46302E-05    0.21808E-04    0.63480E-05    0.19394E-05    0.13454E-04    0.17332E-05    0.10037E-03    0.19187E-05    0.22146E-04    0.14824E-01    0.51873E-02    0.21881E-01    0.14169E-01    0.15674E-01    0.66552E-02    0.79806E-02    0.29954E-02    0.12602E-01    0.77065E-02    0.84427E-02    0.34665E-02    0.57541E-05    0.57772E-05    0.57562E-05    0.57541E-05    0.00000E+00    0.57772E-05    0.00000E+00    0.57562E-05    0.00000E+00    0.33924E-02    0.00000E+00    0.33992E-02    0.00000E+00    0.33930E-02    0.00000E+00    0.28693E-02    0.00000E+00    0.28231E-02    0.00000E+00    0.28651E-02    0.00000E+00    0.40588E-05    0.28678E-04    0.66438E-05    0.00000E+00    0.20294E-04    0.00000E+00    0.14339E-03    0.00000E+00    0.33219E-04    0.18045E-01    0.63709E-02    0.26058E-01    0.16935E-01    0.19046E-01    0.81510E-02    0.10579E-01    0.45182E-02    0.16792E-01    0.11009E-01    0.11232E-01    0.51998E-02
8400  20    0.74190E-05    0.16408E-04    0.83180E-05    0.22586E-05    0.25802E-04    0.84980E-06    0.77792E-04    0.21177E-05    0.31001E-04    0.13639E-01    0.71836E-02    0.19749E-01    0.12473E-01    0.14368E-01    0.78742E-02    0.69601E-02    0.39786E-02    0.10721E-01    0.57096E-02    0.73363E-02    0.41517E-02    0.67013E-05    0.28327E-05    0.63531E-05    0.67013E-05    0.00000E+00    0.28327E-05    0.00000E+00    0.63531E-05    0.00000E+00    0.36610E-02    0.00000E+00    0.23802E-02    0.00000E+00    0.35646E-02    0.00000E+00    0.31412E-02    0.00000E+00    0.18349E-02    0.00000E+00    0.30237E-02    0.00000E+00    0.77839E-05    0.22226E-04    0.93004E-05    0.00000E+00    0.38920E-04    0.00000E+00    0.11113E-03    0.00000E+00    0.46502E-04    0.16547E-01    0.88226E-02    0.23554E-01    0.14908E-01    0.17416E-01    0.96438E-02    0.89016E-02    0.60012E-02    0.14530E-01    0.81566E-02    0.94926E-02    0.62275E-02
8600  21    0.28853E-04    0.43933E-04    0.30361E-04    0.21783E-04    0.35348E-04    0.19728E-04    0.12103E-03    0.21578E-04    0.43916E-04    0.16548E-01    0.84081E-02    0.20870E-01    0.15558E-01    0.17030E-01    0.93719E-02    0.11473E-01    0.41645E-02    0.14563E-01    0.72122E-02    0.11782E-01    0.44692E-02    0.64632E-04    0.65759E-04    0.64733E-04    0.64632E-04    0.00000E+00    0.65759E-04    0.00000E+00    0.64733E-04    0.00000E+00    0.11369E-01    0.00000E+00    0.11468E-01    0.00000E+00    0.11378E-01    0.00000E+00    0.93608E-02    0.00000E+00    0.87066E-02    0.00000E+00    0.93019E-02    0.00000E+00    0.10664E-04    0.34579E-04    0.13175E-04    0.00000E+00    0.53318E-04    0.00000E+00    0.17290E-03    0.00000E+00    0.65874E-04    0.18637E-01    0.10326E-01    0.23787E-01    0.18596E-01    0.19242E-01    0.11478E-01    0.12547E-01    0.62816E-02    0.17072E-01    0.10303E-01    0.13022E-01    0.67039E-02
8800  22    0.21641E-04    0.40586E-04    0.23536E-04    0.67227E-05    0.74592E-04    0.43794E-05    0.18103E-03    0.64884E-05    0.85236E-04    0.28126E-01    0.12214E-01    0.41812E-01    0.19028E-01    0.29779E-01    0.13057E-01    0.15915E-01    0.67164E-02    0.24245E-01    0.10020E-01    0.16748E-01    0.70467E-02    0.19947E-04    0.14598E-04    0.19465E-04    0.19947E-04    0.00000E+00    0.14598E-04    0.00000E+00    0.19465E-04    0.00000E+00    0.63161E-02    0.00000E+00    0.54033E-02    0.00000E+00    0.62394E-02    0.00000E+00    0.55676E-02    0.00000E+00    0.51761E-02    0.00000E+00    0.55324E-02    0.00000E+00    0.22503E-04    0.51723E-04    0.25571E-04    0.00000E+00    0.11251E-03    0.00000E+00    0.25861E-03    0.00000E+00    0.12785E-03    0.34249E-01    0.15001E-01    0.49849E-01    0.22743E-01    0.36204E-01    0.15991E-01    0.21175E-01    0.10131E-01    0.32417E-01    0.14314E-01    0.22355E-01    0.10570E-01
9000  23    0.69132E-05    0.27934E-04    0.90153E-05    0.32520E-05    0.18306E-04    0.26043E-05    0.12665E-03    0.31872E-05    0.29140E-04    0.20174E-01    0.60508E-02    0.29061E-01    0.15915E-01    0.21231E-01    0.76342E-02    0.11024E-01    0.34687E-02    0.16054E-01    0.81579E-02    0.11527E-01    0.39376E-02    0.96488E-05    0.86809E-05    0.95616E-05    0.96488E-05    0.00000E+00    0.86809E-05    0.00000E+00    0.95616E-05    0.00000E+00    0.43929E-02    0.00000E+00    0.41667E-02    0.00000E+00    0.43730E-02    0.00000E+00    0.40552E-02    0.00000E+00    0.37161E-02    0.00000E+00    0.40247E-02    0.00000E+00    0.55225E-05    0.36185E-04    0.87421E-05    0.00000E+00    0.27613E-04    0.00000E+00    0.18093E-03    0.00000E+00    0.43711E-04    0.24578E-01    0.74314E-02    0.34627E-01    0.19022E-01    0.25818E-01    0.93499E-02    0.14566E-01    0.52321E-02    0.21341E-01    0.11654E-01    0.15278E-01    0.59064E-02
9200  24    0.29441E-04    0.26525E-04    0.29150E-04    0.74881E-05    0.10976E-03    0.96389E-05    0.84431E-04    0.77032E-05    0.10723E-03    0.13963E-01    0.14817E-01    0.19544E-01    0.12995E-01    0.14617E-01    0.14645E-01    0.92678E-02    0.74701E-02    0.11997E-01    0.73662E-02    0.95408E-02    0.74597E-02    0.22218E-04    0.32130E-04    0.23110E-04    0.22218E-04    0.00000E+00    0.32130E-04    0.00000E+00    0.23110E-04    0.00000E+00    0.66660E-02    0.00000E+00    0.80162E-02    0.00000E+00    0.67985E-02    0.00000E+00    0.55540E-02    0.00000E+00    0.70069E-02    0.00000E+00    0.56848E-02    0.00000E+00    0.33113E-04    0.24123E-04    0.32169E-04    0.00000E+00    0.16557E-03    0.00000E+00    0.12062E-03    0.00000E+00    0.16085E-03    0.16477E-01    0.18197E-01    0.22762E-01    0.15532E-01    0.17245E-01    0.17936E-01    0.11156E-01    0.11268E-01    0.14136E-01    0.10523E-01    0.11469E-01    0.11190E-01
9400  25    0.26009E-05    0.17897E-04    0.41305E-05    0.34639E-06    0.11272E-04    0.26684E-06    0.88153E-04    0.33843E-06    0.18961E-04    0.16658E-01    0.47481E-02    0.24432E-01    0.13278E-01    0.17591E-01    0.61580E-02    0.76074E-02    0.28515E-02    0.12230E-01    0.70866E-02    0.80697E-02    0.32750E-02    0.10277E-05    0.88948E-06    0.10153E-05    0.10277E-05    0.00000E+00    0.88948E-06    0.00000E+00    0.10153E-05    0.00000E+00    0.14337E-02    0.00000E+00    0.13338E-02    0.00000E+00    0.14250E-02    0.00000E+00    0.11243E-02    0.00000E+00    0.10942E-02    0.00000E+00    0.11215E-02    0.00000E+00    0.34006E-05    0.25187E-04    0.56882E-05    0.00000E+00    0.17003E-04    0.00000E+00    0.12593E-03    0.00000E+00    0.28441E-04    0.20433E-01    0.58315E-02    0.29189E-01    0.15870E-01    0.21520E-01    0.75420E-02    0.10903E-01    0.43012E-02    0.17002E-01    0.10124E-01    0.11544E-01    0.49125E-02
9600  26    0.26367E-04    0.33513E-04    0.27082E-04    0.15952E-04    0.52074E-04    0.14819E-04    0.93469E-04    0.15839E-04    0.56214E-04    0.21752E-01    0.10205E-01    0.30653E-01    0.13672E-01    0.22799E-01    0.10603E-01    0.14621E-01    0.52858E-02    0.18901E-01    0.73191E-02    0.15049E-01    0.54891E-02    0.47331E-04    0.49396E-04    0.47517E-04    0.47331E-04    0.00000E+00    0.49396E-04    0.00000E+00    0.47517E-04    0.00000E+00    0.97295E-02    0.00000E+00    0.99394E-02    0.00000E+00    0.97485E-02    0.00000E+00    0.93633E-02    0.00000E+00    0.95040E-02    0.00000E+00    0.93760E-02    0.00000E+00    0.15710E-04    0.26705E-04    0.16864E-04    0.00000E+00    0.78548E-04    0.00000E+00    0.13353E-03    0.00000E+00    0.84320E-04    0.25799E-01    0.12534E-01    0.36054E-01    0.16342E-01    0.27059E-01    0.12986E-01    0.17293E-01    0.79730E-02    0.22928E-01    0.10456E-01    0.17885E-01    0.82337E-02
9800  27    0.35828E-05    0.19996E-04    0.52241E-05    0.66270E-06    0.14600E-04    0.47376E-06    0.97612E-04    0.64381E-06    0.22902E-04    0.14842E-01    0.54038E-02    0.21355E-01    0.13972E-01    0.15616E-01    0.67678E-02    0.66958E-02    0.30182E-02    0.10880E-01    0.71830E-02    0.71143E-02    0.34347E-02    0.19663E-05    0.15792E-05    0.19314E-05    0.19663E-05    0.00000E+00    0.15792E-05    0.00000E+00    0.19314E-05    0.00000E+00    0.19831E-02    0.00000E+00    0.17772E-02    0.00000E+00    0.19654E-02    0.00000E+00    0.17720E-02    0.00000E+00    0.16037E-02    0.00000E+00    0.17568E-02    0.00000E+00    0.44046E-05    0.27889E-04    0.68705E-05    0.00000E+00    0.22023E-04    0.00000E+00    0.13945E-03    0.00000E+00    0.34352E-04    0.18173E-01    0.66367E-02    0.25497E-01    0.16700E-01    0.19075E-01    0.82888E-02    0.91991E-02    0.45526E-02    0.14856E-01    0.10261E-01    0.97930E-02    0.51520E-02
10000  28    0.14120E-04    0.24579E-04    0.15165E-04    0.84932E-05    0.28132E-04    0.87291E-05    0.79247E-04    0.85168E-05    0.33243E-04    0.19509E-01    0.75009E-02    0.27137E-01    0.12589E-01    0.20401E-01    0.81539E-02    0.12393E-01    0.48038E-02    0.16463E-01    0.72912E-02    0.12800E-01    0.50525E-02    0.25200E-04    0.29097E-04    0.25550E-04    0.25200E-04    0.00000E+00    0.29097E-04    0.00000E+00    0.25550E-04    0.00000E+00    0.70992E-02    0.00000E+00    0.76285E-02    0.00000E+00    0.71485E-02    0.00000E+00    0.59727E-02    0.00000E+00    0.64507E-02    0.00000E+00    0.60158E-02    0.00000E+00    0.84866E-05    0.22642E-04    0.99730E-05    0.00000E+00    0.42433E-04    0.00000E+00    0.11321E-03    0.00000E+00    0.49865E-04    0.23420E-01    0.92123E-02    0.32048E-01    0.15047E-01    0.24469E-01    0.99865E-02    0.15657E-01    0.72459E-02    0.20753E-01    0.10416E-01    0.16192E-01    0.75788E-02
10200  29    0.11679E-04    0.22953E-04    0.12806E-04    0.70795E-05    0.22997E-04    0.91196E-05    0.69167E-04    0.72835E-05    0.27614E-04    0.19000E-01    0.67819E-02    0.27849E-01    0.11762E-01    0.20061E-01    0.74315E-02    0.11913E-01    0.40250E-02    0.18257E-01    0.58864E-02    0.12548E-01    0.42111E-02    0.21005E-04    0.30399E-04    0.21851E-04    0.21005E-04    0.00000E+00    0.30399E-04    0.00000E+00    0.21851E-04    0.00000E+00    0.64815E-02    0.00000E+00    0.77973E-02    0.00000E+00    0.66107E-02    0.00000E+00    0.50834E-02    0.00000E+00    0.62406E-02    0.00000E+00    0.51875E-02    0.00000E+00    0.69376E-05    0.19762E-04    0.82841E-05    0.00000E+00    0.34688E-04    0.00000E+00    0.98810E-04    0.00000E+00    0.41421E-04    0.22872E-01    0.83292E-02    0.32892E-01    0.14058E-01    0.24121E-01    0.91017E-02    0.15385E-01    0.60712E-02    0.23407E-01    0.84091E-02    0.16228E-01    0.63167E-02
10400  30    0.16335E-04    0.26866E-04    0.17388E-04    0.35179E-05    0.64085E-04    0.42230E-05    0.11322E-03    0.35884E-05    0.68998E-04    0.22044E-01    0.11321E-01    0.30003E-01    0.15048E-01    0.22964E-01    0.11747E-01    0.12621E-01    0.52831E-02    0.17451E-01    0.79349E-02    0.13104E-01    0.55483E-02    0.10438E-04    0.14077E-04    0.10765E-04    0.10438E-04    0.00000E+00    0.14077E-04    0.00000E+00    0.10765E-04    0.00000E+00    0.45689E-02    0.00000E+00    0.53060E-02    0.00000E+00    0.46401E-02    0.00000E+00    0.37240E-02    0.00000E+00    0.44399E-02    0.00000E+00    0.37884E-02    0.00000E+00    0.19333E-04    0.32347E-04    0.20699E-04    0.00000E+00    0.96665E-04    0.00000E+00    0.16174E-03    0.00000E+00    0.10350E-03    0.26877E-01    0.13904E-01    0.35691E-01    0.17985E-01    0.27933E-01    0.14387E-01    0.17145E-01    0.79689E-02    0.23028E-01    0.11336E-01    0.17762E-01    0.83224E-02
10600  30    0.52134E-05    0.14931E-04    0.61851E-05    0.19147E-05    0.16493E-04    0.16001E-05    0.66653E-04    0.18832E-05    0.21509E-04    0.12880E-01    0.57434E-02    0.18265E-01    0.11546E-01    0.13516E-01    0.65589E-02    0.69946E-02    0.31780E-02    0.10338E-01    0.60040E-02    0.73290E-02    0.34606E-02    0.56809E-05    0.53335E-05    0.56496E-05    0.56809E-05    0.00000E+00    0.53335E-05    0.00000E+00    0.56496E-05    0.00000E+00    0.33707E-02    0.00000E+00    0.32660E-02    0.00000E+00    0.33614E-02    0.00000E+00    0.27475E-02    0.00000E+00    0.28792E-02    0.00000E+00    0.27594E-02    0.00000E+00    0.49757E-05    0.19044E-04    0.64528E-05    0.00000E+00    0.24878E-04    0.00000E+00    0.95218E-04    0.00000E+00    0.32264E-04    0.15636E-01    0.70538E-02    0.21726E-01    0.13800E-01    0.16382E-01    0.80329E-02    0.91538E-02    0.47936E-02    0.13535E-01    0.85771E-02    0.96138E-02    0.51909E-02
10800  31    0.41357E-05    0.15878E-04    0.53100E-05    0.91268E-06    0.16115E-04    0.55508E-06    0.76616E-04    0.87692E-06    0.22165E-04    0.16213E-01    0.56772E-02    0.22682E-01    0.12379E-01    0.16971E-01    0.66581E-02    0.73582E-02    0.31849E-02    0.11189E-01    0.66849E-02    0.77413E-02    0.35349E-02    0.27079E-05    0.18503E-05    0.26308E-05    0.27079E-05    0.00000E+00    0.18503E-05    0.00000E+00    0.26308E-05    0.00000E+00    0.23272E-02    0.00000E+00    0.19237E-02    0.00000E+00    0.22938E-02    0.00000E+00    0.19440E-02    0.00000E+00    0.15997E-02    0.00000E+00    0.19130E-02    0.00000E+00    0.48615E-05    0.21890E-04    0.66496E-05    0.00000E+00    0.24308E-04    0.00000E+00    0.10945E-03    0.00000E+00    0.33248E-04    0.19843E-01    0.69725E-02    0.27081E-01    0.14795E-01    0.20722E-01    0.81545E-02    0.10111E-01    0.48041E-02    0.15299E-01    0.95498E-02    0.10655E-01    0.53024E-02
11000  32    0.14403E-04    0.18916E-04    0.14854E-04    0.65021E-05    0.39502E-04    0.55059E-05    0.67049E-04    0.64025E-05    0.42257E-04    0.13947E-01    0.88884E-02    0.19788E-01    0.11580E-01    0.14636E-01    0.91931E-02    0.85612E-02    0.43180E-02    0.11509E-01    0.61798E-02    0.88559E-02    0.45042E-02    0.19292E-04    0.18353E-04    0.19207E-04    0.19292E-04    0.00000E+00    0.18353E-04    0.00000E+00    0.19207E-04    0.00000E+00    0.62116E-02    0.00000E+00    0.60586E-02    0.00000E+00    0.61980E-02    0.00000E+00    0.51610E-02    0.00000E+00    0.50516E-02    0.00000E+00    0.51512E-02    0.00000E+00    0.11917E-04    0.19157E-04    0.12677E-04    0.00000E+00    0.59584E-04    0.00000E+00    0.95784E-04    0.00000E+00    0.63385E-04    0.16546E-01    0.10916E-01    0.23316E-01    0.13841E-01    0.17381E-01    0.11259E-01    0.10290E-01    0.65131E-02    0.14276E-01    0.88282E-02    0.10708E-01    0.67562E-02
11200  33    0.21977E-04    0.59172E-04    0.25697E-04    0.82404E-05    0.68685E-04    0.12459E-04    0.23357E-03    0.86622E-05    0.85173E-04    0.22815E-01    0.11720E-01    0.31925E-01    0.21613E-01    0.23882E-01    0.13052E-01    0.14206E-01    0.58545E-02    0.20612E-01    0.12055E-01    0.14847E-01    0.64745E-02    0.24449E-04    0.41529E-04    0.25987E-04    0.24449E-04    0.00000E+00    0.41529E-04    0.00000E+00    0.25987E-04    0.00000E+00    0.69928E-02    0.00000E+00    0.91136E-02    0.00000E+00    0.72092E-02    0.00000E+00    0.57607E-02    0.00000E+00    0.77048E-02    0.00000E+00    0.59357E-02    0.00000E+00    0.20721E-04    0.66733E-04    0.25552E-04    0.00000E+00    0.10360E-03    0.00000E+00    0.33367E-03    0.00000E+00    0.12776E-03    0.27573E-01    0.14395E-01    0.37688E-01    0.25833E-01    0.28802E-01    0.15985E-01    0.18500E-01    0.88308E-02    0.26143E-01    0.17221E-01    0.19303E-01    0.97118E-02
11400  34    0.31234E-04    0.35203E-04    0.31631E-04    0.25029E-04    0.31027E-04    0.16697E-04    0.92529E-04    0.24196E-04    0.37177E-04    0.19586E-01    0.78774E-02    0.24938E-01    0.13604E-01    0.20185E-01    0.86229E-02    0.12974E-01    0.41873E-02    0.15651E-01    0.58327E-02    0.13242E-01    0.43518E-02    0.74261E-04    0.55658E-04    0.72587E-04    0.74261E-04    0.00000E+00    0.55658E-04    0.00000E+00    0.72587E-04    0.00000E+00    0.12187E-01    0.00000E+00    0.10551E-01    0.00000E+00    0.12049E-01    0.00000E+00    0.81224E-02    0.00000E+00    0.89194E-02    0.00000E+00    0.81941E-02    0.00000E+00    0.93600E-05    0.26437E-04    0.11153E-04    0.00000E+00    0.46800E-04    0.00000E+00    0.13218E-03    0.00000E+00    0.55766E-04    0.22430E-01    0.96747E-02    0.28996E-01    0.16259E-01    0.23207E-01    0.10561E-01    0.15441E-01    0.63160E-02    0.18536E-01    0.83324E-02    0.15766E-01    0.65277E-02
11600  35    0.69649E-05    0.15986E-04    0.78670E-05    0.12241E-05    0.28704E-04    0.11075E-05    0.74394E-04    0.12124E-05    0.33273E-04    0.12498E-01    0.75768E-02    0.18347E-01    0.12198E-01    0.13200E-01    0.81576E-02    0.68363E-02    0.40379E-02    0.10428E-01    0.70272E-02    0.71954E-02    0.43368E-02    0.36319E-05    0.36917E-05    0.36373E-05    0.36319E-05    0.00000E+00    0.36917E-05    0.00000E+00    0.36373E-05    0.00000E+00    0.26951E-02    0.00000E+00    0.27172E-02    0.00000E+00    0.26971E-02    0.00000E+00    0.19716E-02    0.00000E+00    0.22258E-02    0.00000E+00    0.19944E-02    0.00000E+00    0.86593E-05    0.21256E-04    0.99819E-05    0.00000E+00    0.43297E-04    0.00000E+00    0.10628E-03    0.00000E+00    0.49910E-04    0.15228E-01    0.93055E-02    0.21856E-01    0.14579E-01    0.16053E-01    0.99910E-02    0.93094E-02    0.60906E-02    0.13943E-01    0.10039E-01    0.97959E-02    0.65052E-02
11800  35    0.16460E-04    0.12152E-04    0.16029E-04    0.10260E-05    0.77170E-04    0.20821E-05    0.50350E-04    0.11316E-05    0.74488E-04    0.12368E-01    0.12423E-01    0.17982E-01    0.10035E-01    0.13038E-01    0.12206E-01    0.63341E-02    0.56530E-02    0.10288E-01    0.48334E-02    0.67295E-02    0.55710E-02    0.30441E-05    0.69403E-05    0.33947E-05    0.30441E-05    0.00000E+00    0.69403E-05    0.00000E+00    0.33947E-05    0.00000E+00    0.24674E-02    0.00000E+00    0.37257E-02    0.00000E+00    0.26057E-02    0.00000E+00    0.18035E-02    0.00000E+00    0.26962E-02    0.00000E+00    0.18838E-02    0.00000E+00    0.23280E-04    0.14386E-04    0.22346E-04    0.00000E+00    0.11640E-03    0.00000E+00    0.71929E-04    0.00000E+00    0.11173E-03    0.15087E-01    0.15258E-01    0.21354E-01    0.11994E-01    0.15862E-01    0.14949E-01    0.86374E-02    0.85268E-02    0.13542E-01    0.69049E-02    0.91524E-02    0.83565E-02
12000  36    0.29635E-04    0.20083E-04    0.28680E-04    0.79401E-05    0.10847E-03    0.70955E-05    0.64938E-04    0.78557E-05    0.10412E-03    0.20245E-01    0.14729E-01    0.25899E-01    0.11396E-01    0.20880E-01    0.14431E-01    0.10874E-01    0.79363E-02    0.14037E-01    0.63901E-02    0.11191E-01    0.77817E-02    0.23559E-04    0.23652E-04    0.23567E-04    0.23559E-04    0.00000E+00    0.23652E-04    0.00000E+00    0.23567E-04    0.00000E+00    0.68642E-02    0.00000E+00    0.68777E-02    0.00000E+00    0.68654E-02    0.00000E+00    0.56414E-02    0.00000E+00    0.58527E-02    0.00000E+00    0.56604E-02    0.00000E+00    0.32724E-04    0.18554E-04    0.31236E-04    0.00000E+00    0.16362E-03    0.00000E+00    0.92768E-04    0.00000E+00    0.15618E-03    0.24378E-01    0.18090E-01    0.30626E-01    0.13621E-01    0.25107E-01    0.17674E-01    0.13535E-01    0.11971E-01    0.17545E-01    0.91287E-02    0.13956E-01    0.11673E-01
12200  37    0.49176E-04    0.68213E-04    0.51080E-04    0.22572E-04    0.13302E-03    0.19682E-04    0.24266E-03    0.22283E-04    0.14398E-03    0.21452E-01    0.16311E-01    0.28087E-01    0.22030E-01    0.22205E-01    0.16970E-01    0.17355E-01    0.82713E-02    0.22476E-01    0.12482E-01    0.17867E-01    0.86923E-02    0.66972E-04    0.65605E-04    0.66849E-04    0.66972E-04    0.00000E+00    0.65605E-04    0.00000E+00    0.66849E-04    0.00000E+00    0.11573E-01    0.00000E+00    0.11455E-01    0.00000E+00    0.11563E-01    0.00000E+00    0.10926E-01    0.00000E+00    0.11121E-01    0.00000E+00    0.10943E-01    0.00000E+00    0.40129E-04    0.69331E-04    0.43195E-04    0.00000E+00    0.20064E-03    0.00000E+00    0.34665E-03    0.00000E+00    0.21598E-03    0.25021E-01    0.20032E-01    0.32722E-01    0.26331E-01    0.25937E-01    0.20783E-01    0.20623E-01    0.12476E-01    0.27342E-01    0.17831E-01    0.21329E-01    0.13039E-01
12400  38    0.78206E-05    0.26881E-04    0.97267E-05    0.31182E-05    0.23512E-04    0.28665E-05    0.12007E-03    0.30930E-05    0.33168E-04    0.18293E-01    0.68574E-02    0.27719E-01    0.15497E-01    0.19442E-01    0.81447E-02    0.10165E-01    0.38688E-02    0.15162E-01    0.88444E-02    0.10665E-01    0.43664E-02    0.92518E-05    0.95549E-05    0.92791E-05    0.92518E-05    0.00000E+00    0.95549E-05    0.00000E+00    0.92791E-05    0.00000E+00    0.43016E-02    0.00000E+00    0.43715E-02    0.00000E+00    0.43079E-02    0.00000E+00    0.37317E-02    0.00000E+00    0.35208E-02    0.00000E+00    0.37127E-02    0.00000E+00    0.70931E-05    0.34306E-04    0.99504E-05    0.00000E+00    0.35465E-04    0.00000E+00    0.17153E-03    0.00000E+00    0.49752E-04    0.22256E-01    0.84220E-02    0.33007E-01    0.18522E-01    0.23616E-01    0.99752E-02    0.13436E-01    0.58357E-02    0.20151E-01    0.12635E-01    0.14141E-01    0.65496E-02
12600  39    0.49270E-05    0.18839E-04    0.63183E-05    0.18335E-05    0.15467E-04    0.12619E-05    0.87888E-04    0.17764E-05    0.22709E-04    0.14760E-01    0.55619E-02    0.22189E-01    0.13258E-01    0.15662E-01    0.67394E-02    0.77910E-02    0.31089E-02    0.11987E-01    0.69570E-02    0.82106E-02    0.34937E-02    0.54402E-05    0.42062E-05    0.53291E-05    0.54402E-05    0.00000E+00    0.42062E-05    0.00000E+00    0.53291E-05    0.00000E+00    0.32985E-02    0.00000E+00    0.29004E-02    0.00000E+00    0.32647E-02    0.00000E+00    0.28861E-02    0.00000E+00    0.23728E-02    0.00000E+00    0.28399E-02    0.00000E+00    0.46662E-05    0.25111E-04    0.68128E-05    0.00000E+00    0.23331E-04    0.00000E+00    0.12555E-03    0.00000E+00    0.34064E-04    0.17974E-01    0.68309E-02    0.26452E-01    0.15846E-01    0.19043E-01    0.82540E-02    0.10285E-01    0.46894E-02    0.16108E-01    0.99386E-02    0.10896E-01    0.52406E-02
12800  40    0.92441E-05    0.21211E-04    0.10441E-04    0.61000E-05    0.15720E-04    0.38970E-05    0.86569E-04    0.58797E-05    0.22805E-04    0.16638E-01    0.56072E-02    0.23397E-01    0.13158E-01    0.17432E-01    0.67535E-02    0.10732E-01    0.32271E-02    0.14629E-01    0.72221E-02    0.11122E-01    0.36266E-02    0.18099E-04    0.12990E-04    0.17639E-04    0.18099E-04    0.00000E+00    0.12990E-04    0.00000E+00    0.17639E-04    0.00000E+00    0.60165E-02    0.00000E+00    0.50971E-02    0.00000E+00    0.59395E-02    0.00000E+00    0.57304E-02    0.00000E+00    0.48119E-02    0.00000E+00    0.56477E-02    0.00000E+00    0.47424E-05    0.24734E-04    0.68416E-05    0.00000E+00    0.23712E-04    0.00000E+00    0.12367E-03    0.00000E+00    0.34208E-04    0.19979E-01    0.68865E-02    0.27765E-01    0.15727E-01    0.20933E-01    0.82714E-02    0.13275E-01    0.48676E-02    0.18836E-01    0.10317E-01    0.13859E-01    0.54398E-02
13000  41    0.37357E-04    0.60317E-04    0.39653E-04    0.16122E-04    0.10618E-03    0.28737E-04    0.15790E-03    0.17383E-04    0.11135E-03    0.35851E-01    0.14572E-01    0.51972E-01    0.17771E-01    0.37774E-01    0.14923E-01    0.19861E-01    0.75315E-02    0.30907E-01    0.97766E-02    0.20965E-01    0.77560E-02    0.47834E-04    0.95788E-04    0.52150E-04    0.47834E-04    0.00000E+00    0.95788E-04    0.00000E+00    0.52150E-04    0.00000E+00    0.97810E-02    0.00000E+00    0.13841E-01    0.00000E+00    0.10213E-01    0.00000E+00    0.75174E-02    0.00000E+00    0.11066E-01    0.00000E+00    0.78368E-02    0.00000E+00    0.32031E-04    0.45115E-04    0.33405E-04    0.00000E+00    0.16015E-03    0.00000E+00    0.22557E-03    0.00000E+00    0.16702E-03    0.43476E-01    0.17897E-01    0.61454E-01    0.21240E-01    0.45697E-01    0.18277E-01    0.26136E-01    0.11360E-01    0.39410E-01    0.13967E-01    0.27529E-01    0.11634E-01
13200  42    0.60648E-05    0.19181E-04    0.73764E-05    0.19866E-05    0.20391E-04    0.17215E-05    0.87298E-04    0.19601E-05    0.27082E-04    0.17304E-01    0.63861E-02    0.26437E-01    0.13213E-01    0.18423E-01    0.73596E-02    0.92108E-02    0.38107E-02    0.14778E-01    0.72721E-02    0.97675E-02    0.41568E-02    0.58944E-05    0.57383E-05    0.58803E-05    0.58944E-05    0.00000E+00    0.57383E-05    0.00000E+00    0.58803E-05    0.00000E+00    0.34335E-02    0.00000E+00    0.33877E-02    0.00000E+00    0.34294E-02    0.00000E+00    0.30382E-02    0.00000E+00    0.29266E-02    0.00000E+00    0.30281E-02    0.00000E+00    0.61515E-05    0.24942E-04    0.81245E-05    0.00000E+00    0.30757E-04    0.00000E+00    0.12471E-03    0.00000E+00    0.40622E-04    0.21111E-01    0.78431E-02    0.31520E-01    0.15793E-01    0.22432E-01    0.90136E-02    0.12349E-01    0.57480E-02    0.19857E-01    0.10389E-01    0.13137E-01    0.62352E-02
13400  43    0.97748E-05    0.37529E-04    0.12550E-04    0.35870E-05    0.30939E-04    0.25501E-05    0.17489E-03    0.34833E-05    0.45334E-04    0.17766E-01    0.78662E-02    0.24737E-01    0.18703E-01    0.18581E-01    0.95220E-02    0.10013E-01    0.44509E-02    0.13695E-01    0.10020E-01    0.10382E-01    0.50078E-02    0.10643E-04    0.85002E-05    0.10450E-04    0.10643E-04    0.00000E+00    0.85002E-05    0.00000E+00    0.10450E-04    0.00000E+00    0.46136E-02    0.00000E+00    0.41231E-02    0.00000E+00    0.45716E-02    0.00000E+00    0.41960E-02    0.00000E+00    0.38241E-02    0.00000E+00    0.41625E-02    0.00000E+00    0.93335E-05    0.49969E-04    0.13600E-04    0.00000E+00    0.46668E-04    0.00000E+00    0.24985E-03    0.00000E+00    0.68001E-04    0.21570E-01    0.96610E-02    0.29442E-01    0.22354E-01    0.22527E-01    0.11662E-01    0.12971E-01    0.67137E-02    0.17925E-01    0.14314E-01    0.13491E-01    0.75118E-02
13600  44    0.22776E-05    0.14187E-04    0.34685E-05    0.26700E-06    0.10053E-04    0.37848E-06    0.69043E-04    0.27815E-06    0.15952E-04    0.16582E-01    0.44839E-02    0.24579E-01    0.11751E-01    0.17546E-01    0.56483E-02    0.75356E-02    0.26926E-02    0.12311E-01    0.62884E-02    0.80131E-02    0.30522E-02    0.79219E-06    0.12616E-05    0.83444E-06    0.79219E-06    0.00000E+00    0.12616E-05    0.00000E+00    0.83444E-06    0.00000E+00    0.12587E-02    0.00000E+00    0.15885E-02    0.00000E+00    0.12919E-02    0.00000E+00    0.11033E-02    0.00000E+00    0.12744E-02    0.00000E+00    0.11187E-02    0.00000E+00    0.30327E-05    0.19727E-04    0.47856E-05    0.00000E+00    0.15163E-04    0.00000E+00    0.98633E-04    0.00000E+00    0.23928E-04    0.20345E-01    0.55070E-02    0.29360E-01    0.14045E-01    0.21470E-01    0.69178E-02    0.10806E-01    0.40614E-02    0.17041E-01    0.89834E-02    0.11460E-01    0.45782E-02
13800  45    0.26052E-04    0.52146E-04    0.28661E-04    0.10857E-04    0.75976E-04    0.12284E-04    0.19931E-03    0.10999E-04    0.88309E-04    0.22754E-01    0.12327E-01    0.29772E-01    0.19965E-01    0.23550E-01    0.13290E-01    0.12257E-01    0.60284E-02    0.17284E-01    0.96255E-02    0.12760E-01    0.63881E-02    0.32212E-04    0.40947E-04    0.32998E-04    0.32212E-04    0.00000E+00    0.40947E-04    0.00000E+00    0.32998E-04    0.00000E+00    0.80265E-02    0.00000E+00    0.90495E-02    0.00000E+00    0.81238E-02    0.00000E+00    0.55936E-02    0.00000E+00    0.65875E-02    0.00000E+00    0.56830E-02    0.00000E+00    0.22920E-04    0.56946E-04    0.26493E-04    0.00000E+00    0.11460E-03    0.00000E+00    0.28473E-03    0.00000E+00    0.13246E-03    0.27353E-01    0.15139E-01    0.35088E-01    0.23863E-01    0.28265E-01    0.16277E-01    0.15645E-01    0.90931E-02    0.21869E-01    0.13751E-01    0.16298E-01    0.95822E-02
14000  46    0.86123E-05    0.16968E-04    0.94479E-05    0.32778E-05    0.26673E-04    0.10216E-05    0.79734E-04    0.30522E-05    0.31979E-04    0.13489E-01    0.73038E-02    0.19691E-01    0.12628E-01    0.14231E-01    0.79974E-02    0.69349E-02    0.39027E-02    0.10378E-01    0.61835E-02    0.72792E-02    0.41307E-02    0.97253E-05    0.34054E-05    0.91565E-05    0.97253E-05    0.00000E+00    0.34054E-05    0.00000E+00    0.91565E-05    0.00000E+00    0.44103E-02    0.00000E+00    0.26097E-02    0.00000E+00    0.42794E-02    0.00000E+00    0.26115E-02    0.00000E+00    0.19731E-02    0.00000E+00    0.25540E-02    0.00000E+00    0.80465E-05    0.22781E-04    0.95937E-05    0.00000E+00    0.40233E-04    0.00000E+00    0.11391E-03    0.00000E+00    0.47968E-04    0.16265E-01    0.89703E-02    0.23473E-01    0.15093E-01    0.17165E-01    0.97947E-02    0.91328E-02    0.58867E-02    0.13981E-01    0.88336E-02    0.96418E-02    0.61961E-02
14200  47    0.57419E-05    0.17302E-04    0.68979E-05    0.32005E-05    0.12707E-04    0.26514E-05    0.73252E-04    0.31455E-05    0.18762E-04    0.14266E-01    0.50413E-02    0.21113E-01    0.12104E-01    0.15091E-01    0.61257E-02    0.82465E-02    0.29276E-02    0.12211E-01    0.62456E-02    0.86429E-02    0.32594E-02    0.94958E-05    0.88380E-05    0.94366E-05    0.94958E-05    0.00000E+00    0.88380E-05    0.00000E+00    0.94366E-05    0.00000E+00    0.43579E-02    0.00000E+00    0.42043E-02    0.00000E+00    0.43443E-02    0.00000E+00    0.35093E-02    0.00000E+00    0.33701E-02    0.00000E+00    0.34968E-02    0.00000E+00    0.38335E-05    0.20929E-04    0.56286E-05    0.00000E+00    0.19168E-04    0.00000E+00    0.10465E-03    0.00000E+00    0.28143E-04    0.17243E-01    0.61916E-02    0.25084E-01    0.14467E-01    0.18226E-01    0.75024E-02    0.10655E-01    0.44160E-02    0.16000E-01    0.89223E-02    0.11216E-01    0.48891E-02
14400  48    0.33094E-04    0.65861E-04    0.36371E-04    0.14046E-04    0.95241E-04    0.19683E-04    0.23089E-03    0.14610E-04    0.10881E-03    0.21951E-01    0.13802E-01    0.30906E-01    0.21489E-01    0.23004E-01    0.14752E-01    0.14753E-01    0.73895E-02    0.21821E-01    0.92946E-02    0.15460E-01    0.75800E-02    0.41674E-04    0.65611E-04    0.43829E-04    0.41674E-04    0.00000E+00    0.65611E-04    0.00000E+00    0.43829E-04    0.00000E+00    0.91295E-02    0.00000E+00    0.11455E-01    0.00000E+00    0.93625E-02    0.00000E+00    0.69182E-02    0.00000E+00    0.92551E-02    0.00000E+00    0.71285E-02    0.00000E+00    0.28732E-04    0.65968E-04    0.32642E-04    0.00000E+00    0.14366E-03    0.00000E+00    0.32984E-03    0.00000E+00    0.16321E-03    0.26161E-01    0.16951E-01    0.36170E-01    0.25684E-01    0.27385E-01    0.18067E-01    0.18736E-01    0.11146E-01    0.27206E-01    0.13278E-01    0.19626E-01    0.11370E-01
14600  49    0.15158E-04    0.15981E-04    0.15240E-04    0.90936E-05    0.30321E-04    0.80453E-05    0.39680E-04    0.89888E-05    0.31256E-04    0.12306E-01    0.77872E-02    0.16421E-01    0.89084E-02    0.12777E-01    0.79065E-02    0.90350E-02    0.37762E-02    0.11633E-01    0.42413E-02    0.92948E-02    0.38227E-02    0.26981E-04    0.26818E-04    0.26966E-04    0.26981E-04    0.00000E+00    0.26818E-04    0.00000E+00    0.26966E-04    0.00000E+00    0.73459E-02    0.00000E+00    0.73236E-02    0.00000E+00    0.73439E-02    0.00000E+00    0.64387E-02    0.00000E+00    0.61344E-02    0.00000E+00    0.64113E-02    0.00000E+00    0.91470E-05    0.11337E-04    0.93769E-05    0.00000E+00    0.45735E-04    0.00000E+00    0.56686E-04    0.00000E+00    0.46885E-04    0.14177E-01    0.95640E-02    0.19032E-01    0.10648E-01    0.14762E-01    0.96835E-02    0.10355E-01    0.56960E-02    0.13989E-01    0.60590E-02    0.10737E-01    0.57341E-02
14800  50    0.28089E-04    0.42577E-04    0.29537E-04    0.21919E-04    0.30848E-04    0.22688E-04    0.99449E-04    0.21996E-04    0.37708E-04    0.15147E-01    0.78547E-02    0.20124E-01    0.14103E-01    0.15716E-01    0.86842E-02    0.12043E-01    0.51263E-02    0.15221E-01    0.92844E-02    0.12361E-01    0.55421E-02    0.65034E-04    0.75626E-04    0.65987E-04    0.65034E-04    0.00000E+00    0.75626E-04    0.00000E+00    0.65987E-04    0.00000E+00    0.11405E-01    0.00000E+00    0.12298E-01    0.00000E+00    0.11488E-01    0.00000E+00    0.10748E-01    0.00000E+00    0.12090E-01    0.00000E+00    0.10868E-01    0.00000E+00    0.93061E-05    0.28414E-04    0.11312E-04    0.00000E+00    0.46530E-04    0.00000E+00    0.14207E-03    0.00000E+00    0.56562E-04    0.16731E-01    0.96468E-02    0.22666E-01    0.16856E-01    0.17450E-01    0.10636E-01    0.12702E-01    0.77325E-02    0.16562E-01    0.13263E-01    0.13107E-01    0.83132E-02
15000  51    0.52995E-05    0.17778E-04    0.65473E-05    0.10219E-05    0.21388E-04    0.13565E-05    0.82108E-04    0.10554E-05    0.27460E-04    0.13845E-01    0.65403E-02    0.18549E-01    0.12815E-01    0.14385E-01    0.74108E-02    0.67288E-02    0.36854E-02    0.94780E-02    0.59455E-02    0.70037E-02    0.39114E-02    0.30321E-05    0.45215E-05    0.31661E-05    0.30321E-05    0.00000E+00    0.45215E-05    0.00000E+00    0.31661E-05    0.00000E+00    0.24625E-02    0.00000E+00    0.30072E-02    0.00000E+00    0.25164E-02    0.00000E+00    0.14223E-02    0.00000E+00    0.14711E-02    0.00000E+00    0.14267E-02    0.00000E+00    0.64522E-05    0.23459E-04    0.82380E-05    0.00000E+00    0.32261E-04    0.00000E+00    0.11730E-03    0.00000E+00    0.41190E-04    0.16913E-01    0.80326E-02    0.22083E-01    0.15316E-01    0.17528E-01    0.90763E-02    0.94265E-02    0.55589E-02    0.12909E-01    0.84935E-02    0.97922E-02    0.58671E-02
15200  52    0.12040E-04    0.28958E-04    0.13732E-04    0.84632E-05    0.17886E-04    0.14990E-04    0.69842E-04    0.91158E-05    0.23081E-04    0.16153E-01    0.59809E-02    0.22374E-01    0.11819E-01    0.16879E-01    0.67943E-02    0.11272E-01    0.37149E-02    0.15524E-01    0.69250E-02    0.11698E-01    0.40359E-02    0.25111E-04    0.49965E-04    0.27348E-04    0.25111E-04    0.00000E+00    0.49965E-04    0.00000E+00    0.27348E-04    0.00000E+00    0.70867E-02    0.00000E+00    0.99965E-02    0.00000E+00    0.73956E-02    0.00000E+00    0.53864E-02    0.00000E+00    0.76301E-02    0.00000E+00    0.55883E-02    0.00000E+00    0.53957E-05    0.19955E-04    0.69244E-05    0.00000E+00    0.26979E-04    0.00000E+00    0.99774E-04    0.00000E+00    0.34622E-04    0.19185E-01    0.73456E-02    0.25929E-01    0.14126E-01    0.20000E-01    0.83213E-02    0.14265E-01    0.56035E-02    0.18908E-01    0.98929E-02    0.14752E-01    0.60539E-02
15400  53    0.52560E-04    0.65182E-04    0.53822E-04    0.10778E-04    0.20891E-03    0.72348E-05    0.28974E-03    0.10424E-04    0.21699E-03    0.13019E-01    0.20441E-01    0.12257E-01    0.24072E-01    0.12945E-01    0.20832E-01    0.10456E-01    0.95498E-02    0.10132E-01    0.13183E-01    0.10424E-01    0.99132E-02    0.31978E-04    0.24116E-04    0.31271E-04    0.31978E-04    0.00000E+00    0.24116E-04    0.00000E+00    0.31271E-04    0.00000E+00    0.79973E-02    0.00000E+00    0.69449E-02    0.00000E+00    0.79083E-02    0.00000E+00    0.67227E-02    0.00000E+00    0.63117E-02    0.00000E+00    0.66857E-02    0.00000E+00    0.63024E-04    0.82782E-04    0.65098E-04    0.00000E+00    0.31512E-03    0.00000E+00    0.41391E-03    0.00000E+00    0.32549E-03    0.14939E-01    0.25105E-01    0.13926E-01    0.28772E-01    0.14836E-01    0.25514E-01    0.12355E-01    0.14405E-01    0.11769E-01    0.18833E-01    0.12293E-01    0.14870E-01
15600  54    0.16040E-04    0.26761E-04    0.17112E-04    0.28481E-05    0.65957E-04    0.29607E-05    0.11900E-03    0.28593E-05    0.71262E-04    0.10915E-01    0.11485E-01    0.16360E-01    0.15427E-01    0.11575E-01    0.11938E-01    0.59101E-02    0.58607E-02    0.91135E-02    0.69124E-02    0.62304E-02    0.59658E-02    0.84504E-05    0.98691E-05    0.85780E-05    0.84504E-05    0.00000E+00    0.98691E-05    0.00000E+00    0.85780E-05    0.00000E+00    0.41110E-02    0.00000E+00    0.44428E-02    0.00000E+00    0.41420E-02    0.00000E+00    0.34478E-02    0.00000E+00    0.37004E-02    0.00000E+00    0.34705E-02    0.00000E+00    0.19898E-04    0.34001E-04    0.21379E-04    0.00000E+00    0.99488E-04    0.00000E+00    0.17000E-03    0.00000E+00    0.10689E-03    0.13080E-01    0.14106E-01    0.19336E-01    0.18439E-01    0.13870E-01    0.14621E-01    0.71618E-02    0.88401E-02    0.11433E-01    0.98749E-02    0.76103E-02    0.89488E-02
15800  55    0.91898E-05    0.16204E-04    0.98912E-05    0.13433E-05    0.39233E-04    0.10927E-05    0.75555E-04    0.13182E-05    0.42865E-04    0.12048E-01    0.88581E-02    0.18811E-01    0.12293E-01    0.12885E-01    0.92590E-02    0.62231E-02    0.42853E-02    0.10242E-01    0.63584E-02    0.66249E-02    0.44926E-02    0.39855E-05    0.36423E-05    0.39546E-05    0.39855E-05    0.00000E+00    0.36423E-05    0.00000E+00    0.39546E-05    0.00000E+00    0.28233E-02    0.00000E+00    0.26990E-02    0.00000E+00    0.28123E-02    0.00000E+00    0.17703E-02    0.00000E+00    0.21022E-02    0.00000E+00    0.18002E-02    0.00000E+00    0.11836E-04    0.21587E-04    0.12859E-04    0.00000E+00    0.59178E-04    0.00000E+00    0.10794E-03    0.00000E+00    0.64297E-04    0.14659E-01    0.10879E-01    0.22414E-01    0.14693E-01    0.15655E-01    0.11340E-01    0.84867E-02    0.64639E-02    0.13730E-01    0.90834E-02    0.90373E-02    0.67390E-02
16000  56    0.25031E-05    0.17362E-04    0.39890E-05    0.98317E-06    0.75997E-05    0.16581E-05    0.78521E-04    0.10507E-05    0.14692E-04    0.13624E-01    0.38986E-02    0.20636E-01    0.12532E-01    0.14478E-01    0.54207E-02    0.72883E-02    0.21656E-02    0.11850E-01    0.62269E-02    0.77445E-02    0.25718E-02    0.29171E-05    0.55272E-05    0.31520E-05    0.29171E-05    0.00000E+00    0.55272E-05    0.00000E+00    0.31520E-05    0.00000E+00    0.24154E-02    0.00000E+00    0.33248E-02    0.00000E+00    0.25108E-02    0.00000E+00    0.21934E-02    0.00000E+00    0.29035E-02    0.00000E+00    0.22573E-02    0.00000E+00    0.22926E-05    0.22434E-04    0.44075E-05    0.00000E+00    0.11463E-04    0.00000E+00    0.11217E-03    0.00000E+00    0.22038E-04    0.16643E-01    0.47882E-02    0.24568E-01    0.14978E-01    0.17643E-01    0.66389E-02    0.98785E-02    0.32666E-02    0.15684E-01    0.88956E-02    0.10488E-01    0.38577E-02
16200  57    0.27800E-05    0.19906E-04    0.44925E-05    0.71817E-06    0.10309E-04    0.40948E-06    0.97481E-04    0.68730E-06    0.19026E-04    0.11883E-01    0.45407E-02    0.18355E-01    0.13963E-01    0.12679E-01    0.61687E-02    0.60998E-02    0.25575E-02    0.99755E-02    0.73514E-02    0.64874E-02    0.30369E-02    0.21308E-05    0.13649E-05    0.20619E-05    0.21308E-05    0.00000E+00    0.13649E-05    0.00000E+00    0.20619E-05    0.00000E+00    0.20644E-02    0.00000E+00    0.16522E-02    0.00000E+00    0.20307E-02    0.00000E+00    0.18212E-02    0.00000E+00    0.13377E-02    0.00000E+00    0.17777E-02    0.00000E+00    0.31100E-05    0.27852E-04    0.57078E-05    0.00000E+00    0.15550E-04    0.00000E+00    0.13926E-03    0.00000E+00    0.28539E-04    0.14519E-01    0.55767E-02    0.21912E-01    0.16689E-01    0.15462E-01    0.75550E-02    0.82750E-02    0.38577E-02    0.13677E-01    0.10502E-01    0.88422E-02    0.45553E-02
16400  58    0.50380E-04    0.68638E-04    0.52206E-04    0.30447E-04    0.99667E-04    0.28994E-04    0.19822E-03    0.30302E-04    0.10952E-03    0.26946E-01    0.14119E-01    0.36921E-01    0.19911E-01    0.28104E-01    0.14800E-01    0.18867E-01    0.60272E-02    0.25179E-01    0.94432E-02    0.19498E-01    0.63688E-02    0.90337E-04    0.96647E-04    0.90905E-04    0.90337E-04    0.00000E+00    0.96647E-04    0.00000E+00    0.90905E-04    0.00000E+00    0.13441E-01    0.00000E+00    0.13903E-01    0.00000E+00    0.13484E-01    0.00000E+00    0.12358E-01    0.00000E+00    0.12689E-01    0.00000E+00    0.12388E-01    0.00000E+00    0.30067E-04    0.56634E-04    0.32857E-04    0.00000E+00    0.15034E-03    0.00000E+00    0.28317E-03    0.00000E+00    0.16428E-03    0.31676E-01    0.17340E-01    0.43181E-01    0.23798E-01    0.33073E-01    0.18126E-01    0.22176E-01    0.90913E-02    0.30532E-01    0.13490E-01    0.23053E-01    0.95532E-02
16600  59    0.46620E-05    0.12265E-04    0.54223E-05    0.23746E-05    0.11437E-04    0.15909E-05    0.53371E-04    0.22962E-05    0.15630E-04    0.11864E-01    0.47827E-02    0.17988E-01    0.10332E-01    0.12611E-01    0.55911E-02    0.70977E-02    0.26149E-02    0.10845E-01    0.52865E-02    0.74725E-02    0.28820E-02    0.70455E-05    0.53030E-05    0.68886E-05    0.70455E-05    0.00000E+00    0.53030E-05    0.00000E+00    0.68886E-05    0.00000E+00    0.37538E-02    0.00000E+00    0.32567E-02    0.00000E+00    0.37118E-02    0.00000E+00    0.35118E-02    0.00000E+00    0.30674E-02    0.00000E+00    0.34718E-02    0.00000E+00    0.34503E-05    0.15249E-04    0.46891E-05    0.00000E+00    0.17251E-04    0.00000E+00    0.76245E-04    0.00000E+00    0.23446E-04    0.14323E-01    0.58739E-02    0.21393E-01    0.12349E-01    0.15221E-01    0.68477E-02    0.89207E-02    0.39442E-02    0.14179E-01    0.75521E-02    0.94728E-02    0.43230E-02
16800  60    0.28929E-05    0.18856E-04    0.44892E-05    0.58347E-06    0.11547E-04    0.87367E-06    0.89911E-04    0.61249E-06    0.19383E-04    0.12825E-01    0.48056E-02    0.19667E-01    0.13410E-01    0.13664E-01    0.62263E-02    0.64592E-02    0.25043E-02    0.10733E-01    0.66186E-02    0.68866E-02    0.29157E-02    0.17312E-05    0.29122E-05    0.18375E-05    0.17312E-05    0.00000E+00    0.29122E-05    0.00000E+00    0.18375E-05    0.00000E+00    0.18607E-02    0.00000E+00    0.24134E-02    0.00000E+00    0.19170E-02    0.00000E+00    0.14183E-02    0.00000E+00    0.20115E-02    0.00000E+00    0.14717E-02    0.00000E+00    0.34835E-05    0.25689E-04    0.58150E-05    0.00000E+00    0.17417E-04    0.00000E+00    0.12844E-03    0.00000E+00    0.29075E-04    0.15695E-01    0.59021E-02    0.23454E-01    0.16028E-01    0.16680E-01    0.76256E-02    0.90220E-02    0.37774E-02    0.14471E-01    0.94552E-02    0.95941E-02    0.43736E-02
17000  61    0.94855E-05    0.20499E-04    0.10587E-04    0.36372E-05    0.29242E-04    0.44444E-05    0.80272E-04    0.37179E-05    0.34345E-04    0.86932E-02    0.76475E-02    0.13157E-01    0.12671E-01    0.92371E-02    0.82879E-02    0.59577E-02    0.41476E-02    0.84765E-02    0.59494E-02    0.62095E-02    0.43277E-02    0.10792E-04    0.14815E-04    0.11154E-04    0.10792E-04    0.00000E+00    0.14815E-04    0.00000E+00    0.11154E-04    0.00000E+00    0.46458E-02    0.00000E+00    0.54433E-02    0.00000E+00    0.47231E-02    0.00000E+00    0.39755E-02    0.00000E+00    0.52887E-02    0.00000E+00    0.40937E-02    0.00000E+00    0.88215E-05    0.22935E-04    0.10303E-04    0.00000E+00    0.44108E-04    0.00000E+00    0.11467E-03    0.00000E+00    0.51517E-04    0.10150E-01    0.93923E-02    0.15316E-01    0.15144E-01    0.10809E-01    0.10151E-01    0.69654E-02    0.62561E-02    0.98427E-02    0.84992E-02    0.72675E-02    0.64916E-02
17200  62    0.44153E-04    0.35339E-04    0.43272E-04    0.21437E-04    0.11358E-03    0.12337E-04    0.11501E-03    0.20527E-04    0.11373E-03    0.14380E-01    0.15072E-01    0.17593E-01    0.15166E-01    0.14733E-01    0.15081E-01    0.89470E-02    0.91049E-02    0.11592E-01    0.10332E-01    0.92114E-02    0.92276E-02    0.63604E-04    0.41124E-04    0.61581E-04    0.63604E-04    0.00000E+00    0.41124E-04    0.00000E+00    0.61581E-04    0.00000E+00    0.11279E-01    0.00000E+00    0.90691E-02    0.00000E+00    0.11098E-01    0.00000E+00    0.64347E-02    0.00000E+00    0.67140E-02    0.00000E+00    0.64598E-02    0.00000E+00    0.34265E-04    0.32860E-04    0.34118E-04    0.00000E+00    0.17133E-03    0.00000E+00    0.16430E-03    0.00000E+00    0.17059E-03    0.15724E-01    0.18511E-01    0.20172E-01    0.18127E-01    0.16248E-01    0.18471E-01    0.10224E-01    0.13734E-01    0.13682E-01    0.14759E-01    0.10587E-01    0.13841E-01
17400  63    0.17382E-04    0.20420E-04    0.17686E-04    0.82502E-05    0.45660E-04    0.69262E-05    0.67467E-04    0.81178E-05    0.47841E-04    0.17512E-01    0.95562E-02    0.24544E-01    0.11616E-01    0.18337E-01    0.97817E-02    0.10497E-01    0.45833E-02    0.14717E-01    0.64368E-02    0.10919E-01    0.47686E-02    0.24479E-04    0.23087E-04    0.24353E-04    0.24479E-04    0.00000E+00    0.23087E-04    0.00000E+00    0.24353E-04    0.00000E+00    0.69969E-02    0.00000E+00    0.67952E-02    0.00000E+00    0.69790E-02    0.00000E+00    0.60924E-02    0.00000E+00    0.52326E-02    0.00000E+00    0.60150E-02    0.00000E+00    0.13775E-04    0.19276E-04    0.14352E-04    0.00000E+00    0.68873E-04    0.00000E+00    0.96382E-04    0.00000E+00    0.71762E-04    0.20921E-01    0.11737E-01    0.28997E-01    0.13884E-01    0.21909E-01    0.11980E-01    0.12737E-01    0.69133E-02    0.18782E-01    0.91954E-02    0.13371E-01    0.71529E-02
17600  63    0.21687E-05    0.76809E-05    0.27199E-05    0.35419E-06    0.90725E-05    0.49169E-06    0.35946E-04    0.36794E-06    0.11760E-04    0.92603E-02    0.42597E-02    0.14513E-01    0.84789E-02    0.99116E-02    0.48497E-02    0.45648E-02    0.24337E-02    0.76868E-02    0.43655E-02    0.48770E-02    0.26269E-02    0.10509E-05    0.16390E-05    0.11038E-05    0.10509E-05    0.00000E+00    0.16390E-05    0.00000E+00    0.11038E-05    0.00000E+00    0.14497E-02    0.00000E+00    0.18105E-02    0.00000E+00    0.14858E-02    0.00000E+00    0.11463E-02    0.00000E+00    0.13594E-02    0.00000E+00    0.11655E-02    0.00000E+00    0.27370E-05    0.10270E-04    0.35280E-05    0.00000E+00    0.13685E-04    0.00000E+00    0.51351E-04    0.00000E+00    0.17640E-04    0.11326E-01    0.52316E-02    0.17305E-01    0.10134E-01    0.12094E-01    0.59397E-02    0.63027E-02    0.36709E-02    0.10399E-01    0.62364E-02    0.67328E-02    0.39403E-02
17800  64    0.11787E-03    0.91512E-04    0.11523E-03    0.93982E-04    0.11944E-03    0.45891E-04    0.22810E-03    0.89173E-04    0.13030E-03    0.30148E-01    0.15455E-01    0.38123E-01    0.21359E-01    0.31038E-01    0.16143E-01    0.19380E-01    0.77963E-02    0.23858E-01    0.10956E-01    0.19828E-01    0.81123E-02    0.27885E-03    0.15297E-03    0.26752E-03    0.27885E-03    0.00000E+00    0.15297E-03    0.00000E+00    0.26752E-03    0.00000E+00    0.23616E-01    0.00000E+00    0.17491E-01    0.00000E+00    0.23131E-01    0.00000E+00    0.13442E-01    0.00000E+00    0.13951E-01    0.00000E+00    0.13488E-01    0.00000E+00    0.36031E-04    0.65172E-04    0.39091E-04    0.00000E+00    0.18015E-03    0.00000E+00    0.32586E-03    0.00000E+00    0.19545E-03    0.32976E-01    0.18982E-01    0.44103E-01    0.25529E-01    0.34315E-01    0.19771E-01    0.22399E-01    0.11760E-01    0.28104E-01    0.15652E-01    0.22998E-01    0.12168E-01
18000  65    0.11939E-03    0.13262E-03    0.12072E-03    0.10794E-03    0.57264E-04    0.10615E-03    0.13235E-03    0.10776E-03    0.64773E-04    0.24715E-01    0.10702E-01    0.24043E-01    0.16270E-01    0.24649E-01    0.11382E-01    0.23976E-01    0.58555E-02    0.23611E-01    0.86408E-02    0.23940E-01    0.61341E-02    0.32027E-03    0.35384E-03    0.32329E-03    0.32027E-03    0.00000E+00    0.35384E-03    0.00000E+00    0.32329E-03    0.00000E+00    0.25309E-01    0.00000E+00    0.26602E-01    0.00000E+00    0.25428E-01    0.00000E+00    0.25037E-01    0.00000E+00    0.26185E-01    0.00000E+00    0.25141E-01    0.00000E+00    0.17275E-04    0.37815E-04    0.19432E-04    0.00000E+00    0.86376E-04    0.00000E+00    0.18907E-03    0.00000E+00    0.97159E-04    0.24408E-01    0.13143E-01    0.22859E-01    0.19446E-01    0.24250E-01    0.13940E-01    0.23437E-01    0.88324E-02    0.22508E-01    0.12344E-01    0.23339E-01    0.92011E-02
18200  66    0.64884E-05    0.16938E-04    0.75333E-05    0.40071E-05    0.12406E-04    0.36722E-05    0.66331E-04    0.39736E-05    0.17799E-04    0.97891E-02    0.49813E-02    0.13672E-01    0.11518E-01    0.10244E-01    0.59664E-02    0.64910E-02    0.26953E-02    0.87266E-02    0.58727E-02    0.67146E-02    0.30131E-02    0.11889E-04    0.12241E-04    0.11921E-04    0.11889E-04    0.00000E+00    0.12241E-04    0.00000E+00    0.11921E-04    0.00000E+00    0.48763E-02    0.00000E+00    0.49478E-02    0.00000E+00    0.48828E-02    0.00000E+00    0.40536E-02    0.00000E+00    0.39841E-02    0.00000E+00    0.40473E-02    0.00000E+00    0.37427E-05    0.18952E-04    0.53397E-05    0.00000E+00    0.18714E-04    0.00000E+00    0.94758E-04    0.00000E+00    0.26698E-04    0.11509E-01    0.61178E-02    0.16017E-01    0.13766E-01    0.12062E-01    0.73073E-02    0.77302E-02    0.40656E-02    0.10759E-01    0.83896E-02    0.80482E-02    0.45196E-02
18400  67    0.49476E-04    0.56535E-04    0.50182E-04    0.21103E-04    0.14186E-03    0.24316E-04    0.16110E-03    0.21425E-04    0.14379E-03    0.16571E-01    0.16844E-01    0.21349E-01    0.17950E-01    0.17109E-01    0.16958E-01    0.13074E-01    0.87610E-02    0.18196E-01    0.85779E-02    0.13587E-01    0.87427E-02    0.62614E-04    0.81054E-04    0.64274E-04    0.62614E-04    0.00000E+00    0.81054E-04    0.00000E+00    0.64274E-04    0.00000E+00    0.11191E-01    0.00000E+00    0.12732E-01    0.00000E+00    0.11338E-01    0.00000E+00    0.89833E-02    0.00000E+00    0.10554E-01    0.00000E+00    0.91247E-02    0.00000E+00    0.42797E-04    0.46027E-04    0.43136E-04    0.00000E+00    0.21398E-03    0.00000E+00    0.23014E-03    0.00000E+00    0.21568E-03    0.18723E-01    0.20687E-01    0.24118E-01    0.21454E-01    0.19360E-01    0.20769E-01    0.15154E-01    0.13215E-01    0.21471E-01    0.12254E-01    0.15817E-01    0.13114E-01
18600  68    0.28586E-05    0.18488E-04    0.44216E-05    0.49775E-06    0.11804E-04    0.12414E-05    0.86234E-04    0.57211E-06    0.19247E-04    0.11251E-01    0.48589E-02    0.16909E-01    0.13133E-01    0.11938E-01    0.62044E-02    0.56474E-02    0.24190E-02    0.89684E-02    0.67085E-02    0.59795E-02    0.28480E-02    0.14768E-05    0.41379E-05    0.17163E-05    0.14768E-05    0.00000E+00    0.41379E-05    0.00000E+00    0.17163E-05    0.00000E+00    0.17186E-02    0.00000E+00    0.28768E-02    0.00000E+00    0.18527E-02    0.00000E+00    0.12093E-02    0.00000E+00    0.17748E-02    0.00000E+00    0.12602E-02    0.00000E+00    0.35611E-05    0.24638E-04    0.57742E-05    0.00000E+00    0.17805E-04    0.00000E+00    0.12319E-03    0.00000E+00    0.28871E-04    0.13764E-01    0.59675E-02    0.20122E-01    0.15697E-01    0.14562E-01    0.75988E-02    0.79037E-02    0.36488E-02    0.12051E-01    0.95836E-02    0.83392E-02    0.42720E-02
18800  69    0.11824E-04    0.31623E-04    0.13804E-04    0.82854E-05    0.17691E-04    0.74564E-05    0.12083E-03    0.82025E-05    0.28005E-04    0.15718E-01    0.59482E-02    0.21678E-01    0.15546E-01    0.16411E-01    0.74840E-02    0.10349E-01    0.32906E-02    0.13659E-01    0.77198E-02    0.10680E-01    0.37335E-02    0.24583E-04    0.24855E-04    0.24608E-04    0.24583E-04    0.00000E+00    0.24855E-04    0.00000E+00    0.24608E-04    0.00000E+00    0.70119E-02    0.00000E+00    0.70505E-02    0.00000E+00    0.70153E-02    0.00000E+00    0.59338E-02    0.00000E+00    0.62798E-02    0.00000E+00    0.59650E-02    0.00000E+00    0.53369E-05    0.34524E-04    0.84015E-05    0.00000E+00    0.26684E-04    0.00000E+00    0.17262E-03    0.00000E+00    0.42008E-04    0.18645E-01    0.73054E-02    0.25496E-01    0.18581E-01    0.19478E-01    0.91660E-02    0.12594E-01    0.49635E-02    0.16821E-01    0.11028E-01    0.13038E-01    0.56003E-02
19000  70    0.40819E-04    0.76086E-04    0.44346E-04    0.25233E-04    0.77928E-04    0.32877E-04    0.21605E-03    0.25998E-04    0.91740E-04    0.21171E-01    0.12484E-01    0.26587E-01    0.20787E-01    0.21773E-01    0.13545E-01    0.16197E-01    0.67338E-02    0.21438E-01    0.10807E-01    0.16721E-01    0.71411E-02    0.74869E-04    0.10959E-03    0.77993E-04    0.74869E-04    0.00000E+00    0.10959E-03    0.00000E+00    0.77993E-04    0.00000E+00    0.12237E-01    0.00000E+00    0.14805E-01    0.00000E+00    0.12489E-01    0.00000E+00    0.10558E-01    0.00000E+00    0.12724E-01    0.00000E+00    0.10753E-01    0.00000E+00    0.23509E-04    0.61727E-04    0.27522E-04    0.00000E+00    0.11755E-03    0.00000E+00    0.30864E-03    0.00000E+00    0.13761E-03    0.24494E-01    0.15333E-01    0.30263E-01    0.24845E-01    0.25162E-01    0.16590E-01    0.19064E-01    0.10157E-01    0.25173E-01    0.15438E-01    0.19705E-01    0.10712E-01
19200  71    0.49635E-05    0.25396E-04    0.70067E-05    0.17010E-05    0.16313E-04    0.13070E-05    0.12044E-03    0.16616E-05    0.26726E-04    0.13648E-01    0.57118E-02    0.20096E-01    0.15521E-01    0.14423E-01    0.73110E-02    0.75413E-02    0.29488E-02    0.11516E-01    0.80077E-02    0.79388E-02    0.34547E-02    0.50468E-05    0.43567E-05    0.49847E-05    0.50468E-05    0.00000E+00    0.43567E-05    0.00000E+00    0.49847E-05    0.00000E+00    0.31770E-02    0.00000E+00    0.29519E-02    0.00000E+00    0.31574E-02    0.00000E+00    0.25522E-02    0.00000E+00    0.23133E-02    0.00000E+00    0.25307E-02    0.00000E+00    0.49211E-05    0.34412E-04    0.80177E-05    0.00000E+00    0.24605E-04    0.00000E+00    0.17206E-03    0.00000E+00    0.40088E-04    0.16609E-01    0.70150E-02    0.23942E-01    0.18551E-01    0.17523E-01    0.89541E-02    0.10078E-01    0.44479E-02    0.15460E-01    0.11440E-01    0.10643E-01    0.51820E-02
19400  72    0.20702E-05    0.10996E-04    0.29628E-05    0.69365E-06    0.68829E-05    0.10629E-05    0.49668E-04    0.73057E-06    0.11161E-04    0.10504E-01    0.37102E-02    0.15615E-01    0.99667E-02    0.11121E-01    0.47247E-02    0.56886E-02    0.21794E-02    0.89636E-02    0.52544E-02    0.60161E-02    0.24869E-02    0.20581E-05    0.35429E-05    0.21917E-05    0.20581E-05    0.00000E+00    0.35429E-05    0.00000E+00    0.21917E-05    0.00000E+00    0.20288E-02    0.00000E+00    0.26619E-02    0.00000E+00    0.20937E-02    0.00000E+00    0.18056E-02    0.00000E+00    0.21704E-02    0.00000E+00    0.18384E-02    0.00000E+00    0.20764E-05    0.14191E-04    0.33484E-05    0.00000E+00    0.10382E-04    0.00000E+00    0.70954E-04    0.00000E+00    0.16742E-04    0.12819E-01    0.45567E-02    0.18582E-01    0.11912E-01    0.13540E-01    0.57865E-02    0.76626E-02    0.32873E-02    0.11875E-01    0.75063E-02    0.81049E-02    0.37303E-02
19600  73    0.29766E-05    0.10799E-04    0.37589E-05    0.74827E-06    0.11142E-04    0.51139E-06    0.51438E-04    0.72459E-06    0.15171E-04    0.10351E-01    0.47206E-02    0.15781E-01    0.10143E-01    0.11015E-01    0.55084E-02    0.49611E-02    0.25398E-02    0.78320E-02    0.52519E-02    0.52481E-02    0.28110E-02    0.22202E-05    0.17046E-05    0.21738E-05    0.22202E-05    0.00000E+00    0.17046E-05    0.00000E+00    0.21738E-05    0.00000E+00    0.21072E-02    0.00000E+00    0.18464E-02    0.00000E+00    0.20851E-02    0.00000E+00    0.12089E-02    0.00000E+00    0.10036E-02    0.00000E+00    0.11904E-02    0.00000E+00    0.33612E-05    0.14697E-04    0.45514E-05    0.00000E+00    0.16806E-04    0.00000E+00    0.73483E-04    0.00000E+00    0.22757E-04    0.12624E-01    0.57976E-02    0.18823E-01    0.12123E-01    0.13410E-01    0.67464E-02    0.68686E-02    0.38310E-02    0.10758E-01    0.75027E-02    0.72770E-02    0.42165E-02
19800  74    0.37663E-05    0.12087E-04    0.45984E-05    0.23018E-05    0.73224E-05    0.12667E-05    0.54102E-04    0.21983E-05    0.12000E-04    0.90570E-02    0.38268E-02    0.13602E-01    0.10402E-01    0.96087E-02    0.48990E-02    0.54863E-02    0.22684E-02    0.83995E-02    0.55399E-02    0.57776E-02    0.25955E-02    0.68296E-05    0.42224E-05    0.65950E-05    0.68296E-05    0.00000E+00    0.42224E-05    0.00000E+00    0.65950E-05    0.00000E+00    0.36958E-02    0.00000E+00    0.29060E-02    0.00000E+00    0.36318E-02    0.00000E+00    0.33850E-02    0.00000E+00    0.25298E-02    0.00000E+00    0.33080E-02    0.00000E+00    0.22090E-05    0.15458E-04    0.36001E-05    0.00000E+00    0.11045E-04    0.00000E+00    0.77288E-04    0.00000E+00    0.18000E-04    0.10807E-01    0.47000E-02    0.16145E-01    0.12433E-01    0.11485E-01    0.60001E-02    0.65545E-02    0.34216E-02    0.10915E-01    0.79141E-02    0.70123E-02    0.38933E-02
20000  75    0.10782E-04    0.28255E-04    0.12529E-04    0.38037E-05    0.34892E-04    0.43276E-05    0.11964E-03    0.38561E-05    0.43367E-04    0.69465E-02    0.83537E-02    0.93688E-02    0.15469E-01    0.72254E-02    0.93131E-02    0.50797E-02    0.48294E-02    0.65687E-02    0.87190E-02    0.52286E-02    0.52183E-02    0.11286E-04    0.14425E-04    0.11568E-04    0.11286E-04    0.00000E+00    0.14425E-04    0.00000E+00    0.11568E-04    0.00000E+00    0.47509E-02    0.00000E+00    0.53713E-02    0.00000E+00    0.48101E-02    0.00000E+00    0.33268E-02    0.00000E+00    0.41872E-02    0.00000E+00    0.34043E-02    0.00000E+00    0.10526E-04    0.34182E-04    0.13010E-04    0.00000E+00    0.52631E-04    0.00000E+00    0.17091E-03    0.00000E+00    0.65050E-04    0.78301E-02    0.10260E-01    0.10631E-01    0.18488E-01    0.81695E-02    0.11406E-01    0.59708E-02    0.72845E-02    0.75893E-02    0.12456E-01    0.61407E-02    0.78275E-02
