# DNNF90 training history: one row per validation event
#  1:epoch  2:patience
#  3:cost_train    4:cost_val    5:cost_input   (per point;
#    the composite objective, Loss_term weights applied --
#    the same sum the optimizer descends)
#  6:cost_train_f  7:cost_train_df  8:cost_val_f  9:cost_val_df
# 10:cost_input_f 11:cost_input_df
# 12:rmse_train_f 13:rmse_train_df 14:rmse_val_f 15:rmse_val_df
# 16:rmse_input_f 17:rmse_input_df
# 18:mae_train_f  19:mae_train_df  20:mae_val_f  21:mae_val_df
# 22:mae_input_f  23:mae_input_df
# 24..: the same 21 metrics for each loss term in turn (2 terms: columns 24-44 are term 1, 45-65 term 2, ...)
1  0    0.26712E+00    0.18257E+00    0.26659E+00    0.23230E+00    0.69635E-01    0.14955E+00    0.66054E-01    0.23179E+00    0.69612E-01    0.13482E+01    0.37319E+00    0.13159E+01    0.36347E+00    0.13480E+01    0.37313E+00    0.12397E+01    0.27149E+00    0.12029E+01    0.26730E+00    0.12395E+01    0.27146E+00    0.92758E+00    0.83081E+00    0.92715E+00    0.92758E+00    0.00000E+00    0.83081E+00    0.00000E+00    0.92715E+00    0.00000E+00    0.13620E+01    0.00000E+00    0.12890E+01    0.00000E+00    0.13617E+01    0.00000E+00    0.12397E+01    0.00000E+00    0.11392E+01    0.00000E+00    0.12392E+01    0.00000E+00    0.46450E-01    0.40277E-01    0.46408E-01    0.00000E+00    0.92901E-01    0.00000E+00    0.80554E-01    0.00000E+00    0.92816E-01    0.13436E+01    0.43105E+00    0.13218E+01    0.40138E+00    0.13434E+01    0.43085E+00    0.12397E+01    0.36220E+00    0.12168E+01    0.32598E+00    0.12395E+01    0.36195E+00
1000  0    0.68945E-02    0.80258E-02    0.69016E-02    0.65676E-02    0.65391E-03    0.77139E-02    0.62365E-03    0.65747E-02    0.65372E-03    0.21110E+00    0.36164E-01    0.21554E+00    0.35317E-01    0.21113E+00    0.36159E-01    0.16867E+00    0.26650E-01    0.16468E+00    0.26254E-01    0.16865E+00    0.26647E-01    0.26224E-01    0.42855E-01    0.26299E-01    0.26224E-01    0.00000E+00    0.42855E-01    0.00000E+00    0.26299E-01    0.00000E+00    0.22902E+00    0.00000E+00    0.29276E+00    0.00000E+00    0.22934E+00    0.00000E+00    0.18240E+00    0.00000E+00    0.23522E+00    0.00000E+00    0.18263E+00    0.00000E+00    0.43620E-03    0.38027E-03    0.43582E-03    0.00000E+00    0.87240E-03    0.00000E+00    0.76054E-03    0.00000E+00    0.87163E-03    0.20477E+00    0.41771E-01    0.19453E+00    0.39001E-01    0.20470E+00    0.41752E-01    0.16409E+00    0.35554E-01    0.14920E+00    0.32017E-01    0.16399E+00    0.35530E-01
2000  0    0.70291E-02    0.74070E-02    0.70315E-02    0.68313E-02    0.39558E-03    0.72524E-02    0.30932E-03    0.68339E-02    0.39504E-03    0.21901E+00    0.28128E-01    0.22169E+00    0.24872E-01    0.21903E+00    0.28108E-01    0.17636E+00    0.19223E-01    0.17443E+00    0.19064E-01    0.17635E+00    0.19222E-01    0.27277E-01    0.40291E-01    0.27336E-01    0.27277E-01    0.00000E+00    0.40291E-01    0.00000E+00    0.27336E-01    0.00000E+00    0.23357E+00    0.00000E+00    0.28387E+00    0.00000E+00    0.23382E+00    0.00000E+00    0.18648E+00    0.00000E+00    0.23153E+00    0.00000E+00    0.18668E+00    0.00000E+00    0.26388E-03    0.18861E-03    0.26336E-03    0.00000E+00    0.52775E-03    0.00000E+00    0.37722E-03    0.00000E+00    0.52672E-03    0.21393E+00    0.32489E-01    0.20553E+00    0.27467E-01    0.21387E+00    0.32457E-01    0.17299E+00    0.25646E-01    0.16189E+00    0.23249E-01    0.17291E+00    0.25629E-01
3000  0    0.46707E-02    0.60728E-02    0.46795E-02    0.42858E-02    0.76973E-03    0.58179E-02    0.50978E-03    0.42954E-02    0.76811E-03    0.16975E+00    0.39236E-01    0.17125E+00    0.31931E-01    0.16976E+00    0.39195E-01    0.13500E+00    0.23960E-01    0.13169E+00    0.20866E-01    0.13498E+00    0.23941E-01    0.17113E-01    0.32322E-01    0.17182E-01    0.17113E-01    0.00000E+00    0.32322E-01    0.00000E+00    0.17182E-01    0.00000E+00    0.18500E+00    0.00000E+00    0.25425E+00    0.00000E+00    0.18537E+00    0.00000E+00    0.14847E+00    0.00000E+00    0.20495E+00    0.00000E+00    0.14873E+00    0.00000E+00    0.51346E-03    0.31084E-03    0.51207E-03    0.00000E+00    0.10269E-02    0.00000E+00    0.62168E-03    0.00000E+00    0.10241E-02    0.16434E+00    0.45319E-01    0.14688E+00    0.35261E-01    0.16423E+00    0.45258E-01    0.13050E+00    0.31966E-01    0.11561E+00    0.25447E-01    0.13040E+00    0.31921E-01
4000  0    0.28525E-02    0.34589E-02    0.28563E-02    0.23045E-02    0.10959E-02    0.28350E-02    0.12480E-02    0.23079E-02    0.10969E-02    0.12345E+00    0.46817E-01    0.11757E+00    0.49959E-01    0.12341E+00    0.46837E-01    0.96867E-01    0.31959E-01    0.90025E-01    0.36623E-01    0.96824E-01    0.31988E-01    0.92019E-02    0.15750E-01    0.92314E-02    0.92019E-02    0.00000E+00    0.15750E-01    0.00000E+00    0.92314E-02    0.00000E+00    0.13566E+00    0.00000E+00    0.17748E+00    0.00000E+00    0.13588E+00    0.00000E+00    0.10720E+00    0.00000E+00    0.15029E+00    0.00000E+00    0.10739E+00    0.00000E+00    0.73104E-03    0.76095E-03    0.73124E-03    0.00000E+00    0.14621E-02    0.00000E+00    0.15219E-02    0.00000E+00    0.14625E-02    0.11909E+00    0.54075E-01    0.99710E-01    0.55171E-01    0.11896E+00    0.54083E-01    0.93415E-01    0.42637E-01    0.76795E-01    0.44663E-01    0.93302E-01    0.42651E-01
5000  0    0.19527E-02    0.18950E-02    0.19524E-02    0.15198E-02    0.86580E-03    0.14693E-02    0.85142E-03    0.15195E-02    0.86571E-03    0.10075E+00    0.41612E-01    0.92052E-01    0.41266E-01    0.10070E+00    0.41610E-01    0.77371E-01    0.26835E-01    0.72312E-01    0.28651E-01    0.77339E-01    0.26846E-01    0.60686E-02    0.81628E-02    0.60780E-02    0.60686E-02    0.00000E+00    0.81628E-02    0.00000E+00    0.60780E-02    0.00000E+00    0.11017E+00    0.00000E+00    0.12777E+00    0.00000E+00    0.11025E+00    0.00000E+00    0.85686E-01    0.00000E+00    0.11374E+00    0.00000E+00    0.85812E-01    0.00000E+00    0.57754E-03    0.51916E-03    0.57714E-03    0.00000E+00    0.11551E-02    0.00000E+00    0.10383E-02    0.00000E+00    0.11543E-02    0.97403E-01    0.48064E-01    0.82158E-01    0.45570E-01    0.97306E-01    0.48047E-01    0.74592E-01    0.35801E-01    0.63220E-01    0.34940E-01    0.74515E-01    0.35795E-01
6000  0    0.15420E-02    0.96626E-03    0.15384E-02    0.11584E-02    0.76715E-03    0.55116E-03    0.83020E-03    0.11546E-02    0.76754E-03    0.90100E-01    0.39170E-01    0.81018E-01    0.40748E-01    0.90046E-01    0.39180E-01    0.70217E-01    0.25963E-01    0.63790E-01    0.28304E-01    0.70176E-01    0.25978E-01    0.46254E-02    0.30620E-02    0.46184E-02    0.46254E-02    0.00000E+00    0.30620E-02    0.00000E+00    0.46184E-02    0.00000E+00    0.96181E-01    0.00000E+00    0.78256E-01    0.00000E+00    0.96108E-01    0.00000E+00    0.75436E-01    0.00000E+00    0.72547E-01    0.00000E+00    0.75423E-01    0.00000E+00    0.51173E-03    0.50622E-03    0.51169E-03    0.00000E+00    0.10235E-02    0.00000E+00    0.10124E-02    0.00000E+00    0.10234E-02    0.87974E-01    0.45243E-01    0.81612E-01    0.44999E-01    0.87932E-01    0.45241E-01    0.68473E-01    0.34638E-01    0.61867E-01    0.34517E-01    0.68427E-01    0.34637E-01
7000  1    0.15898E-02    0.15797E-02    0.15897E-02    0.84029E-03    0.14990E-02    0.63723E-03    0.18849E-02    0.83903E-03    0.15014E-02    0.76761E-01    0.54754E-01    0.74782E-01    0.61399E-01    0.76748E-01    0.54798E-01    0.59929E-01    0.39723E-01    0.57538E-01    0.45470E-01    0.59914E-01    0.39759E-01    0.33553E-02    0.35402E-02    0.33561E-02    0.33553E-02    0.00000E+00    0.35402E-02    0.00000E+00    0.33561E-02    0.00000E+00    0.81918E-01    0.00000E+00    0.84145E-01    0.00000E+00    0.81928E-01    0.00000E+00    0.64052E-01    0.00000E+00    0.75624E-01    0.00000E+00    0.64104E-01    0.00000E+00    0.99992E-03    0.11493E-02    0.10009E-02    0.00000E+00    0.19998E-02    0.00000E+00    0.22987E-02    0.00000E+00    0.20019E-02    0.74958E-01    0.63243E-01    0.72565E-01    0.67804E-01    0.74942E-01    0.63275E-01    0.58552E-01    0.52995E-01    0.53568E-01    0.55451E-01    0.58518E-01    0.53012E-01
8000  0    0.87688E-03    0.70737E-03    0.87582E-03    0.52079E-03    0.71216E-03    0.33766E-03    0.73942E-03    0.51965E-03    0.71233E-03    0.60099E-01    0.37740E-01    0.56600E-01    0.38456E-01    0.60077E-01    0.37745E-01    0.45964E-01    0.24821E-01    0.45641E-01    0.26598E-01    0.45962E-01    0.24832E-01    0.20795E-02    0.18759E-02    0.20786E-02    0.20795E-02    0.00000E+00    0.18759E-02    0.00000E+00    0.20786E-02    0.00000E+00    0.64491E-01    0.00000E+00    0.61252E-01    0.00000E+00    0.64476E-01    0.00000E+00    0.49752E-01    0.00000E+00    0.54250E-01    0.00000E+00    0.49772E-01    0.00000E+00    0.47505E-03    0.45087E-03    0.47489E-03    0.00000E+00    0.95011E-03    0.00000E+00    0.90174E-03    0.00000E+00    0.94978E-03    0.58558E-01    0.43591E-01    0.55527E-01    0.42467E-01    0.58538E-01    0.43584E-01    0.44698E-01    0.33114E-01    0.43751E-01    0.32437E-01    0.44692E-01    0.33110E-01
9000  0    0.62734E-03    0.54764E-03    0.62684E-03    0.33670E-03    0.58128E-03    0.20714E-03    0.68099E-03    0.33589E-03    0.58190E-03    0.48323E-01    0.34096E-01    0.43943E-01    0.36905E-01    0.48297E-01    0.34115E-01    0.36125E-01    0.22312E-01    0.33544E-01    0.25263E-01    0.36109E-01    0.22330E-01    0.13444E-02    0.11508E-02    0.13436E-02    0.13444E-02    0.00000E+00    0.11508E-02    0.00000E+00    0.13436E-02    0.00000E+00    0.51854E-01    0.00000E+00    0.47975E-01    0.00000E+00    0.51837E-01    0.00000E+00    0.39523E-01    0.00000E+00    0.40652E-01    0.00000E+00    0.39529E-01    0.00000E+00    0.38775E-03    0.41524E-03    0.38793E-03    0.00000E+00    0.77549E-03    0.00000E+00    0.83048E-03    0.00000E+00    0.77587E-03    0.47084E-01    0.39383E-01    0.43007E-01    0.40755E-01    0.47058E-01    0.39392E-01    0.34990E-01    0.29766E-01    0.31984E-01    0.30808E-01    0.34970E-01    0.29773E-01
10000  0    0.46352E-03    0.44000E-03    0.46337E-03    0.21382E-03    0.49939E-03    0.13480E-03    0.61040E-03    0.21333E-03    0.50008E-03    0.38842E-01    0.31603E-01    0.39877E-01    0.34940E-01    0.38849E-01    0.31625E-01    0.29728E-01    0.20621E-01    0.31410E-01    0.23521E-01    0.29738E-01    0.20639E-01    0.85379E-03    0.74886E-03    0.85332E-03    0.85379E-03    0.00000E+00    0.74886E-03    0.00000E+00    0.85332E-03    0.00000E+00    0.41323E-01    0.00000E+00    0.38700E-01    0.00000E+00    0.41312E-01    0.00000E+00    0.31927E-01    0.00000E+00    0.31931E-01    0.00000E+00    0.31927E-01    0.00000E+00    0.33312E-03    0.37220E-03    0.33339E-03    0.00000E+00    0.66624E-03    0.00000E+00    0.74439E-03    0.00000E+00    0.66678E-03    0.37977E-01    0.36503E-01    0.40131E-01    0.38585E-01    0.37992E-01    0.36518E-01    0.28993E-01    0.27511E-01    0.31296E-01    0.28684E-01    0.29008E-01    0.27519E-01
11000  1    0.54085E-03    0.61714E-03    0.54133E-03    0.18312E-03    0.71546E-03    0.12736E-03    0.97957E-03    0.18278E-03    0.71711E-03    0.36166E-01    0.37828E-01    0.37129E-01    0.44262E-01    0.36172E-01    0.37871E-01    0.28687E-01    0.26610E-01    0.30396E-01    0.31679E-01    0.28697E-01    0.26641E-01    0.73121E-03    0.70754E-03    0.73110E-03    0.73121E-03    0.00000E+00    0.70754E-03    0.00000E+00    0.73110E-03    0.00000E+00    0.38242E-01    0.00000E+00    0.37617E-01    0.00000E+00    0.38239E-01    0.00000E+00    0.30157E-01    0.00000E+00    0.32798E-01    0.00000E+00    0.30169E-01    0.00000E+00    0.47725E-03    0.59730E-03    0.47807E-03    0.00000E+00    0.95451E-03    0.00000E+00    0.11946E-02    0.00000E+00    0.95615E-03    0.35446E-01    0.43692E-01    0.37021E-01    0.48879E-01    0.35457E-01    0.43730E-01    0.28195E-01    0.35500E-01    0.29869E-01    0.38632E-01    0.28207E-01    0.35522E-01
12000  2    0.82759E-03    0.83117E-03    0.82761E-03    0.16297E-03    0.13292E-02    0.12009E-03    0.14222E-02    0.16270E-03    0.13298E-02    0.35084E-01    0.51560E-01    0.38324E-01    0.53332E-01    0.35105E-01    0.51572E-01    0.28238E-01    0.39764E-01    0.32492E-01    0.42277E-01    0.28265E-01    0.39779E-01    0.65073E-03    0.66717E-03    0.65080E-03    0.65073E-03    0.00000E+00    0.66717E-03    0.00000E+00    0.65080E-03    0.00000E+00    0.36076E-01    0.00000E+00    0.36529E-01    0.00000E+00    0.36078E-01    0.00000E+00    0.28788E-01    0.00000E+00    0.30833E-01    0.00000E+00    0.28797E-01    0.00000E+00    0.88668E-03    0.86717E-03    0.88655E-03    0.00000E+00    0.17734E-02    0.00000E+00    0.17343E-02    0.00000E+00    0.17731E-02    0.34746E-01    0.59554E-01    0.38707E-01    0.58896E-01    0.34774E-01    0.59550E-01    0.28055E-01    0.53049E-01    0.32856E-01    0.51557E-01    0.28087E-01    0.53039E-01
13000  0    0.33326E-03    0.35174E-03    0.33337E-03    0.18388E-03    0.29875E-03    0.12054E-03    0.46239E-03    0.18349E-03    0.29977E-03    0.36782E-01    0.24444E-01    0.37003E-01    0.30410E-01    0.36783E-01    0.24486E-01    0.29848E-01    0.16104E-01    0.31800E-01    0.21786E-01    0.29860E-01    0.16140E-01    0.73425E-03    0.66968E-03    0.73396E-03    0.73425E-03    0.00000E+00    0.66968E-03    0.00000E+00    0.73396E-03    0.00000E+00    0.38321E-01    0.00000E+00    0.36597E-01    0.00000E+00    0.38313E-01    0.00000E+00    0.30780E-01    0.00000E+00    0.32222E-01    0.00000E+00    0.30787E-01    0.00000E+00    0.19928E-03    0.28194E-03    0.19985E-03    0.00000E+00    0.39856E-03    0.00000E+00    0.56389E-03    0.00000E+00    0.39969E-03    0.36253E-01    0.28233E-01    0.37092E-01    0.33582E-01    0.36259E-01    0.28273E-01    0.29537E-01    0.21485E-01    0.31707E-01    0.26569E-01    0.29552E-01    0.21520E-01
14000  0    0.38860E-03    0.34230E-03    0.38831E-03    0.24272E-03    0.29176E-03    0.14925E-03    0.38611E-03    0.24213E-03    0.29235E-03    0.43489E-01    0.24156E-01    0.45758E-01    0.27789E-01    0.43503E-01    0.24180E-01    0.38264E-01    0.16195E-01    0.40462E-01    0.19858E-01    0.38278E-01    0.16218E-01    0.96916E-03    0.82916E-03    0.96853E-03    0.96916E-03    0.00000E+00    0.82916E-03    0.00000E+00    0.96853E-03    0.00000E+00    0.44026E-01    0.00000E+00    0.40722E-01    0.00000E+00    0.44012E-01    0.00000E+00    0.38236E-01    0.00000E+00    0.35325E-01    0.00000E+00    0.38222E-01    0.00000E+00    0.19462E-03    0.23543E-03    0.19490E-03    0.00000E+00    0.38924E-03    0.00000E+00    0.47087E-03    0.00000E+00    0.38980E-03    0.43308E-01    0.27901E-01    0.46791E-01    0.30688E-01    0.43332E-01    0.27921E-01    0.38274E-01    0.21606E-01    0.41590E-01    0.24217E-01    0.38297E-01    0.21623E-01
15000  0    0.19496E-03    0.20943E-03    0.19505E-03    0.82877E-04    0.22416E-03    0.46953E-04    0.32495E-03    0.82653E-04    0.22479E-03    0.24523E-01    0.21174E-01    0.26289E-01    0.25493E-01    0.24534E-01    0.21203E-01    0.19495E-01    0.13788E-01    0.21710E-01    0.17420E-01    0.19509E-01    0.13810E-01    0.33093E-03    0.26085E-03    0.33061E-03    0.33093E-03    0.00000E+00    0.26085E-03    0.00000E+00    0.33061E-03    0.00000E+00    0.25726E-01    0.00000E+00    0.22841E-01    0.00000E+00    0.25714E-01    0.00000E+00    0.20293E-01    0.00000E+00    0.19762E-01    0.00000E+00    0.20291E-01    0.00000E+00    0.14953E-03    0.19814E-03    0.14986E-03    0.00000E+00    0.29906E-03    0.00000E+00    0.39628E-03    0.00000E+00    0.29972E-03    0.24107E-01    0.24456E-01    0.26987E-01    0.28153E-01    0.24128E-01    0.24483E-01    0.19228E-01    0.18394E-01    0.22138E-01    0.21244E-01    0.19248E-01    0.18414E-01
16000  1    0.29679E-03    0.34184E-03    0.29707E-03    0.18787E-03    0.21783E-03    0.15370E-03    0.37628E-03    0.18766E-03    0.21882E-03    0.37561E-01    0.20873E-01    0.35257E-01    0.27433E-01    0.37547E-01    0.20920E-01    0.33275E-01    0.13845E-01    0.30319E-01    0.19680E-01    0.33257E-01    0.13881E-01    0.75017E-03    0.85391E-03    0.75064E-03    0.75017E-03    0.00000E+00    0.85391E-03    0.00000E+00    0.75064E-03    0.00000E+00    0.38734E-01    0.00000E+00    0.41326E-01    0.00000E+00    0.38746E-01    0.00000E+00    0.34019E-01    0.00000E+00    0.35786E-01    0.00000E+00    0.34027E-01    0.00000E+00    0.14531E-03    0.22944E-03    0.14588E-03    0.00000E+00    0.29061E-03    0.00000E+00    0.45888E-03    0.00000E+00    0.29176E-03    0.37161E-01    0.24109E-01    0.33779E-01    0.30294E-01    0.37139E-01    0.24156E-01    0.33027E-01    0.18470E-01    0.29119E-01    0.24000E-01    0.33000E-01    0.18508E-01
17000  2    0.18959E-03    0.22130E-03    0.18979E-03    0.84065E-04    0.21105E-03    0.72769E-04    0.29706E-03    0.83995E-04    0.21159E-03    0.24541E-01    0.20545E-01    0.24706E-01    0.24374E-01    0.24542E-01    0.20571E-01    0.20169E-01    0.13710E-01    0.19458E-01    0.17668E-01    0.20165E-01    0.13734E-01    0.33567E-03    0.40427E-03    0.33598E-03    0.33567E-03    0.00000E+00    0.40427E-03    0.00000E+00    0.33598E-03    0.00000E+00    0.25910E-01    0.00000E+00    0.28435E-01    0.00000E+00    0.25922E-01    0.00000E+00    0.21211E-01    0.00000E+00    0.23126E-01    0.00000E+00    0.21220E-01    0.00000E+00    0.14079E-03    0.18113E-03    0.14106E-03    0.00000E+00    0.28157E-03    0.00000E+00    0.36226E-03    0.00000E+00    0.28212E-03    0.24066E-01    0.23731E-01    0.23810E-01    0.26917E-01    0.24065E-01    0.23754E-01    0.19821E-01    0.18290E-01    0.18654E-01    0.21547E-01    0.19813E-01    0.18312E-01
18000  3    0.22008E-03    0.29513E-03    0.22055E-03    0.98479E-04    0.24321E-03    0.64103E-04    0.46205E-03    0.98264E-04    0.24458E-03    0.27247E-01    0.22055E-01    0.27343E-01    0.30399E-01    0.27248E-01    0.22117E-01    0.22660E-01    0.15015E-01    0.22155E-01    0.21349E-01    0.22657E-01    0.15055E-01    0.39322E-03    0.35613E-03    0.39306E-03    0.39322E-03    0.00000E+00    0.35613E-03    0.00000E+00    0.39306E-03    0.00000E+00    0.28044E-01    0.00000E+00    0.26688E-01    0.00000E+00    0.28038E-01    0.00000E+00    0.22986E-01    0.00000E+00    0.20139E-01    0.00000E+00    0.22973E-01    0.00000E+00    0.16224E-03    0.28174E-03    0.16305E-03    0.00000E+00    0.32447E-03    0.00000E+00    0.56347E-03    0.00000E+00    0.32611E-03    0.26976E-01    0.25474E-01    0.27485E-01    0.33570E-01    0.26979E-01    0.25538E-01    0.22551E-01    0.20032E-01    0.22598E-01    0.26036E-01    0.22552E-01    0.20073E-01
19000  4    0.34570E-03    0.44155E-03    0.34630E-03    0.52053E-04    0.58730E-03    0.36612E-04    0.80988E-03    0.51957E-04    0.58869E-03    0.18965E-01    0.34272E-01    0.19939E-01    0.40246E-01    0.18972E-01    0.34313E-01    0.14666E-01    0.25727E-01    0.16098E-01    0.31662E-01    0.14675E-01    0.25764E-01    0.20785E-03    0.20340E-03    0.20783E-03    0.20785E-03    0.00000E+00    0.20340E-03    0.00000E+00    0.20783E-03    0.00000E+00    0.20389E-01    0.00000E+00    0.20169E-01    0.00000E+00    0.20388E-01    0.00000E+00    0.15760E-01    0.00000E+00    0.17929E-01    0.00000E+00    0.15769E-01    0.00000E+00    0.39176E-03    0.49383E-03    0.39246E-03    0.00000E+00    0.78353E-03    0.00000E+00    0.98765E-03    0.00000E+00    0.78492E-03    0.18465E-01    0.39586E-01    0.19888E-01    0.44444E-01    0.18475E-01    0.39621E-01    0.14301E-01    0.34322E-01    0.15696E-01    0.38612E-01    0.14311E-01    0.34352E-01
20000  0    0.13879E-03    0.16305E-03    0.13894E-03    0.43413E-04    0.19075E-03    0.24960E-04    0.27618E-03    0.43297E-04    0.19129E-03    0.17311E-01    0.19532E-01    0.18362E-01    0.23502E-01    0.17317E-01    0.19559E-01    0.13281E-01    0.13300E-01    0.14078E-01    0.17065E-01    0.13286E-01    0.13324E-01    0.17335E-03    0.13867E-03    0.17319E-03    0.17335E-03    0.00000E+00    0.13867E-03    0.00000E+00    0.17319E-03    0.00000E+00    0.18620E-01    0.00000E+00    0.16653E-01    0.00000E+00    0.18611E-01    0.00000E+00    0.14315E-01    0.00000E+00    0.14351E-01    0.00000E+00    0.14315E-01    0.00000E+00    0.12724E-03    0.16840E-03    0.12752E-03    0.00000E+00    0.25449E-03    0.00000E+00    0.33680E-03    0.00000E+00    0.25505E-03    0.16850E-01    0.22560E-01    0.18716E-01    0.25954E-01    0.16864E-01    0.22585E-01    0.12935E-01    0.17744E-01    0.14018E-01    0.20811E-01    0.12942E-01    0.17765E-01
21000  1    0.14393E-03    0.21873E-03    0.14439E-03    0.46863E-04    0.19413E-03    0.43607E-04    0.35025E-03    0.46843E-04    0.19510E-03    0.17973E-01    0.19704E-01    0.19599E-01    0.26467E-01    0.17984E-01    0.19754E-01    0.14250E-01    0.13484E-01    0.14564E-01    0.18632E-01    0.14252E-01    0.13516E-01    0.18712E-03    0.24226E-03    0.18737E-03    0.18712E-03    0.00000E+00    0.24226E-03    0.00000E+00    0.18737E-03    0.00000E+00    0.19345E-01    0.00000E+00    0.22012E-01    0.00000E+00    0.19358E-01    0.00000E+00    0.15323E-01    0.00000E+00    0.18168E-01    0.00000E+00    0.15335E-01    0.00000E+00    0.12949E-03    0.21357E-03    0.13007E-03    0.00000E+00    0.25899E-03    0.00000E+00    0.42713E-03    0.00000E+00    0.26014E-03    0.17491E-01    0.22759E-01    0.19028E-01    0.29228E-01    0.17502E-01    0.22809E-01    0.13892E-01    0.17989E-01    0.13773E-01    0.22722E-01    0.13891E-01    0.18022E-01
22000  2    0.15923E-03    0.23460E-03    0.15970E-03    0.48153E-04    0.22214E-03    0.30432E-04    0.40833E-03    0.48042E-04    0.22331E-03    0.18235E-01    0.21078E-01    0.19301E-01    0.28577E-01    0.18242E-01    0.21133E-01    0.14356E-01    0.14789E-01    0.15594E-01    0.20103E-01    0.14364E-01    0.14822E-01    0.19227E-03    0.16907E-03    0.19217E-03    0.19227E-03    0.00000E+00    0.16907E-03    0.00000E+00    0.19217E-03    0.00000E+00    0.19610E-01    0.00000E+00    0.18388E-01    0.00000E+00    0.19605E-01    0.00000E+00    0.15343E-01    0.00000E+00    0.14557E-01    0.00000E+00    0.15339E-01    0.00000E+00    0.14818E-03    0.24898E-03    0.14887E-03    0.00000E+00    0.29637E-03    0.00000E+00    0.49797E-03    0.00000E+00    0.29774E-03    0.17752E-01    0.24346E-01    0.19495E-01    0.31558E-01    0.17764E-01    0.24403E-01    0.14027E-01    0.19730E-01    0.15822E-01    0.24516E-01    0.14039E-01    0.19762E-01
23000  3    0.17465E-03    0.18988E-03    0.17475E-03    0.80813E-04    0.18768E-03    0.68071E-04    0.24362E-03    0.80734E-04    0.18803E-03    0.24361E-01    0.19374E-01    0.25099E-01    0.22074E-01    0.24366E-01    0.19392E-01    0.20704E-01    0.13622E-01    0.20786E-01    0.16539E-01    0.20705E-01    0.13640E-01    0.32269E-03    0.37817E-03    0.32294E-03    0.32269E-03    0.00000E+00    0.37817E-03    0.00000E+00    0.32294E-03    0.00000E+00    0.25404E-01    0.00000E+00    0.27502E-01    0.00000E+00    0.25414E-01    0.00000E+00    0.21526E-01    0.00000E+00    0.23429E-01    0.00000E+00    0.21534E-01    0.00000E+00    0.12519E-03    0.14855E-03    0.12535E-03    0.00000E+00    0.25039E-03    0.00000E+00    0.29710E-03    0.00000E+00    0.25070E-03    0.24003E-01    0.22378E-01    0.24540E-01    0.24376E-01    0.24007E-01    0.22392E-01    0.20430E-01    0.18173E-01    0.20206E-01    0.20169E-01    0.20428E-01    0.18187E-01
24000  0    0.15811E-03    0.15846E-03    0.15811E-03    0.37835E-04    0.24054E-03    0.31233E-04    0.25446E-03    0.37794E-04    0.24063E-03    0.16105E-01    0.21934E-01    0.16357E-01    0.22559E-01    0.16107E-01    0.21938E-01    0.12343E-01    0.15802E-01    0.12862E-01    0.16790E-01    0.12346E-01    0.15809E-01    0.15108E-03    0.17352E-03    0.15118E-03    0.15108E-03    0.00000E+00    0.17352E-03    0.00000E+00    0.15118E-03    0.00000E+00    0.17382E-01    0.00000E+00    0.18629E-01    0.00000E+00    0.17388E-01    0.00000E+00    0.13356E-01    0.00000E+00    0.15523E-01    0.00000E+00    0.13366E-01    0.00000E+00    0.16045E-03    0.15516E-03    0.16042E-03    0.00000E+00    0.32091E-03    0.00000E+00    0.31031E-03    0.00000E+00    0.32084E-03    0.15655E-01    0.25334E-01    0.15814E-01    0.24912E-01    0.15656E-01    0.25331E-01    0.12004E-01    0.21082E-01    0.12278E-01    0.20476E-01    0.12006E-01    0.21078E-01
25000  1    0.20385E-03    0.26426E-03    0.20423E-03    0.87532E-04    0.23263E-03    0.81297E-04    0.36592E-03    0.87493E-04    0.23347E-03    0.25503E-01    0.21570E-01    0.28500E-01    0.27053E-01    0.25523E-01    0.21609E-01    0.21841E-01    0.15403E-01    0.22733E-01    0.20177E-01    0.21847E-01    0.15433E-01    0.34951E-03    0.45165E-03    0.34997E-03    0.34951E-03    0.00000E+00    0.45165E-03    0.00000E+00    0.34997E-03    0.00000E+00    0.26439E-01    0.00000E+00    0.30055E-01    0.00000E+00    0.26457E-01    0.00000E+00    0.22498E-01    0.00000E+00    0.25297E-01    0.00000E+00    0.22511E-01    0.00000E+00    0.15518E-03    0.22312E-03    0.15564E-03    0.00000E+00    0.31036E-03    0.00000E+00    0.44625E-03    0.00000E+00    0.31129E-03    0.25183E-01    0.24914E-01    0.28147E-01    0.29875E-01    0.25204E-01    0.24951E-01    0.21622E-01    0.20550E-01    0.22170E-01    0.24606E-01    0.21625E-01    0.20577E-01
26000  0    0.85913E-04    0.12751E-03    0.86173E-04    0.34127E-04    0.10357E-03    0.31468E-04    0.19209E-03    0.34110E-04    0.10412E-03    0.15149E-01    0.14392E-01    0.17499E-01    0.19600E-01    0.15165E-01    0.14431E-01    0.11443E-01    0.94503E-02    0.12522E-01    0.13298E-01    0.11450E-01    0.94744E-02    0.13627E-03    0.17482E-03    0.13644E-03    0.13627E-03    0.00000E+00    0.17482E-03    0.00000E+00    0.13644E-03    0.00000E+00    0.16509E-01    0.00000E+00    0.18699E-01    0.00000E+00    0.16519E-01    0.00000E+00    0.12573E-01    0.00000E+00    0.15718E-01    0.00000E+00    0.12587E-01    0.00000E+00    0.69088E-04    0.11713E-03    0.69416E-04    0.00000E+00    0.13818E-03    0.00000E+00    0.23425E-03    0.00000E+00    0.13883E-03    0.14667E-01    0.16624E-01    0.17224E-01    0.21645E-01    0.14686E-01    0.16663E-01    0.11066E-01    0.12608E-01    0.11821E-01    0.16218E-01    0.11071E-01    0.12633E-01
27000  1    0.16263E-03    0.15522E-03    0.16258E-03    0.97073E-04    0.13112E-03    0.50051E-04    0.21035E-03    0.96779E-04    0.13161E-03    0.27441E-01    0.16194E-01    0.27103E-01    0.20511E-01    0.27439E-01    0.16224E-01    0.24372E-01    0.10882E-01    0.24219E-01    0.14532E-01    0.24371E-01    0.10905E-01    0.38761E-03    0.27806E-03    0.38712E-03    0.38761E-03    0.00000E+00    0.27806E-03    0.00000E+00    0.38712E-03    0.00000E+00    0.27843E-01    0.00000E+00    0.23582E-01    0.00000E+00    0.27825E-01    0.00000E+00    0.24332E-01    0.00000E+00    0.20161E-01    0.00000E+00    0.24313E-01    0.00000E+00    0.87462E-04    0.12826E-03    0.87740E-04    0.00000E+00    0.17492E-03    0.00000E+00    0.25652E-03    0.00000E+00    0.17548E-03    0.27306E-01    0.18704E-01    0.27816E-01    0.22650E-01    0.27309E-01    0.18734E-01    0.24385E-01    0.14518E-01    0.25110E-01    0.17722E-01    0.24390E-01    0.14540E-01
28000  2    0.14409E-03    0.19192E-03    0.14439E-03    0.79648E-04    0.12888E-03    0.86402E-04    0.21104E-03    0.79690E-04    0.12939E-03    0.24172E-01    0.16055E-01    0.25636E-01    0.20545E-01    0.24182E-01    0.16087E-01    0.20838E-01    0.10817E-01    0.21066E-01    0.14201E-01    0.20839E-01    0.10838E-01    0.31803E-03    0.48001E-03    0.31876E-03    0.31803E-03    0.00000E+00    0.48001E-03    0.00000E+00    0.31876E-03    0.00000E+00    0.25220E-01    0.00000E+00    0.30984E-01    0.00000E+00    0.25249E-01    0.00000E+00    0.21491E-01    0.00000E+00    0.26261E-01    0.00000E+00    0.21512E-01    0.00000E+00    0.85969E-04    0.12868E-03    0.86261E-04    0.00000E+00    0.17194E-03    0.00000E+00    0.25737E-03    0.00000E+00    0.17252E-03    0.23812E-01    0.18544E-01    0.24305E-01    0.22688E-01    0.23815E-01    0.18575E-01    0.20620E-01    0.14432E-01    0.19926E-01    0.17318E-01    0.20615E-01    0.14451E-01
29000  0    0.99755E-04    0.10104E-03    0.99763E-04    0.34093E-04    0.13132E-03    0.22338E-04    0.15740E-03    0.34020E-04    0.13149E-03    0.15421E-01    0.16206E-01    0.16957E-01    0.17742E-01    0.15432E-01    0.16216E-01    0.11688E-01    0.11046E-01    0.13958E-01    0.13705E-01    0.11702E-01    0.11063E-01    0.13613E-03    0.12410E-03    0.13608E-03    0.13613E-03    0.00000E+00    0.12410E-03    0.00000E+00    0.13608E-03    0.00000E+00    0.16500E-01    0.00000E+00    0.15754E-01    0.00000E+00    0.16497E-01    0.00000E+00    0.12586E-01    0.00000E+00    0.13437E-01    0.00000E+00    0.12590E-01    0.00000E+00    0.87600E-04    0.95974E-04    0.87658E-04    0.00000E+00    0.17520E-03    0.00000E+00    0.19195E-03    0.00000E+00    0.17532E-03    0.15044E-01    0.18719E-01    0.17210E-01    0.19593E-01    0.15060E-01    0.18725E-01    0.11388E-01    0.14737E-01    0.14072E-01    0.16713E-01    0.11406E-01    0.14750E-01
30000  0    0.90726E-04    0.74199E-04    0.90623E-04    0.41227E-04    0.98998E-04    0.15104E-04    0.11819E-03    0.41064E-04    0.99118E-04    0.17294E-01    0.14071E-01    0.16261E-01    0.15375E-01    0.17288E-01    0.14080E-01    0.13506E-01    0.93486E-02    0.12390E-01    0.10847E-01    0.13499E-01    0.93579E-02    0.16462E-03    0.83911E-04    0.16426E-03    0.16462E-03    0.00000E+00    0.83911E-04    0.00000E+00    0.16426E-03    0.00000E+00    0.18145E-01    0.00000E+00    0.12955E-01    0.00000E+00    0.18125E-01    0.00000E+00    0.14189E-01    0.00000E+00    0.10329E-01    0.00000E+00    0.14171E-01    0.00000E+00    0.66038E-04    0.72067E-04    0.66079E-04    0.00000E+00    0.13208E-03    0.00000E+00    0.14413E-03    0.00000E+00    0.13216E-03    0.17001E-01    0.16253E-01    0.16901E-01    0.16978E-01    0.17000E-01    0.16258E-01    0.13278E-01    0.12472E-01    0.12843E-01    0.13228E-01    0.13275E-01    0.12477E-01
31000  1    0.17521E-03    0.20322E-03    0.17539E-03    0.65823E-04    0.21878E-03    0.76198E-04    0.25405E-03    0.65887E-04    0.21900E-03    0.21738E-01    0.20918E-01    0.23910E-01    0.22541E-01    0.21752E-01    0.20929E-01    0.18433E-01    0.15645E-01    0.20067E-01    0.17041E-01    0.18443E-01    0.15654E-01    0.26283E-03    0.42332E-03    0.26355E-03    0.26283E-03    0.00000E+00    0.42332E-03    0.00000E+00    0.26355E-03    0.00000E+00    0.22927E-01    0.00000E+00    0.29097E-01    0.00000E+00    0.22959E-01    0.00000E+00    0.19252E-01    0.00000E+00    0.26149E-01    0.00000E+00    0.19283E-01    0.00000E+00    0.14594E-03    0.15491E-03    0.14600E-03    0.00000E+00    0.29188E-03    0.00000E+00    0.30982E-03    0.00000E+00    0.29200E-03    0.21325E-01    0.24161E-01    0.22613E-01    0.24892E-01    0.21334E-01    0.24166E-01    0.18159E-01    0.20872E-01    0.18733E-01    0.20782E-01    0.18163E-01    0.20872E-01
32000  2    0.10623E-03    0.10973E-03    0.10625E-03    0.64543E-04    0.83376E-04    0.43420E-04    0.13263E-03    0.64411E-04    0.83684E-04    0.22161E-01    0.12913E-01    0.22044E-01    0.16287E-01    0.22160E-01    0.12937E-01    0.19154E-01    0.84337E-02    0.19671E-01    0.11261E-01    0.19157E-01    0.84513E-02    0.25772E-03    0.24122E-03    0.25764E-03    0.25772E-03    0.00000E+00    0.24122E-03    0.00000E+00    0.25764E-03    0.00000E+00    0.22703E-01    0.00000E+00    0.21965E-01    0.00000E+00    0.22700E-01    0.00000E+00    0.19203E-01    0.00000E+00    0.19479E-01    0.00000E+00    0.19204E-01    0.00000E+00    0.55616E-04    0.80871E-04    0.55789E-04    0.00000E+00    0.11123E-03    0.00000E+00    0.16174E-03    0.00000E+00    0.11158E-03    0.21977E-01    0.14915E-01    0.22061E-01    0.17986E-01    0.21978E-01    0.14938E-01    0.19138E-01    0.11251E-01    0.19713E-01    0.13733E-01    0.19141E-01    0.11268E-01
33000  3    0.64980E-04    0.92020E-04    0.65149E-04    0.24868E-04    0.80223E-04    0.17589E-04    0.14886E-03    0.24822E-04    0.80652E-04    0.12830E-01    0.12667E-01    0.14006E-01    0.17255E-01    0.12837E-01    0.12701E-01    0.95470E-02    0.83185E-02    0.96803E-02    0.11208E-01    0.95479E-02    0.83366E-02    0.99297E-04    0.97718E-04    0.99289E-04    0.99297E-04    0.00000E+00    0.97718E-04    0.00000E+00    0.99289E-04    0.00000E+00    0.14092E-01    0.00000E+00    0.13980E-01    0.00000E+00    0.14092E-01    0.00000E+00    0.10607E-01    0.00000E+00    0.10371E-01    0.00000E+00    0.10606E-01    0.00000E+00    0.53514E-04    0.90770E-04    0.53768E-04    0.00000E+00    0.10703E-03    0.00000E+00    0.18154E-03    0.00000E+00    0.10754E-03    0.12379E-01    0.14631E-01    0.14011E-01    0.19055E-01    0.12391E-01    0.14665E-01    0.91928E-02    0.11098E-01    0.95287E-02    0.13669E-01    0.91951E-02    0.11115E-01
34000  4    0.76598E-04    0.84705E-04    0.76648E-04    0.35082E-04    0.83030E-04    0.23860E-04    0.12169E-03    0.35012E-04    0.83272E-04    0.16000E-01    0.12886E-01    0.16554E-01    0.15601E-01    0.16004E-01    0.12905E-01    0.12772E-01    0.85414E-02    0.13552E-01    0.10609E-01    0.12777E-01    0.85543E-02    0.14008E-03    0.13255E-03    0.14005E-03    0.14008E-03    0.00000E+00    0.13255E-03    0.00000E+00    0.14005E-03    0.00000E+00    0.16738E-01    0.00000E+00    0.16282E-01    0.00000E+00    0.16736E-01    0.00000E+00    0.13238E-01    0.00000E+00    0.13730E-01    0.00000E+00    0.13240E-01    0.00000E+00    0.55386E-04    0.74201E-04    0.55515E-04    0.00000E+00    0.11077E-03    0.00000E+00    0.14840E-03    0.00000E+00    0.11103E-03    0.15746E-01    0.14884E-01    0.16613E-01    0.17228E-01    0.15752E-01    0.14902E-01    0.12616E-01    0.11395E-01    0.13513E-01    0.12937E-01    0.12622E-01    0.11406E-01
35000  5    0.15394E-03    0.15801E-03    0.15397E-03    0.94324E-04    0.11924E-03    0.45202E-04    0.22561E-03    0.94017E-04    0.11990E-03    0.27162E-01    0.15443E-01    0.26707E-01    0.21242E-01    0.27159E-01    0.15486E-01    0.24407E-01    0.10804E-01    0.23518E-01    0.15553E-01    0.24401E-01    0.10834E-01    0.37663E-03    0.25112E-03    0.37607E-03    0.37663E-03    0.00000E+00    0.25112E-03    0.00000E+00    0.37607E-03    0.00000E+00    0.27446E-01    0.00000E+00    0.22411E-01    0.00000E+00    0.27425E-01    0.00000E+00    0.24276E-01    0.00000E+00    0.19048E-01    0.00000E+00    0.24252E-01    0.00000E+00    0.79538E-04    0.13757E-03    0.79935E-04    0.00000E+00    0.15908E-03    0.00000E+00    0.27514E-03    0.00000E+00    0.15987E-03    0.27066E-01    0.17837E-01    0.27561E-01    0.23458E-01    0.27069E-01    0.17881E-01    0.24450E-01    0.14414E-01    0.24499E-01    0.18967E-01    0.24451E-01    0.14445E-01
36000  6    0.19152E-03    0.21219E-03    0.19165E-03    0.57702E-04    0.26764E-03    0.37140E-04    0.35010E-03    0.57574E-04    0.26816E-03    0.20581E-01    0.23136E-01    0.19319E-01    0.26461E-01    0.20573E-01    0.23159E-01    0.16571E-01    0.17394E-01    0.15379E-01    0.20174E-01    0.16563E-01    0.17411E-01    0.23040E-03    0.20634E-03    0.23030E-03    0.23040E-03    0.00000E+00    0.20634E-03    0.00000E+00    0.23030E-03    0.00000E+00    0.21466E-01    0.00000E+00    0.20314E-01    0.00000E+00    0.21461E-01    0.00000E+00    0.17140E-01    0.00000E+00    0.16516E-01    0.00000E+00    0.17137E-01    0.00000E+00    0.17853E-03    0.21348E-03    0.17877E-03    0.00000E+00    0.35707E-03    0.00000E+00    0.42695E-03    0.00000E+00    0.35755E-03    0.20276E-01    0.26723E-01    0.19093E-01    0.29222E-01    0.20269E-01    0.26741E-01    0.16380E-01    0.23206E-01    0.15129E-01    0.24602E-01    0.16372E-01    0.23215E-01
37000  7    0.54738E-03    0.52696E-03    0.54725E-03    0.60899E-04    0.97296E-03    0.27967E-04    0.99798E-03    0.60693E-04    0.97311E-03    0.21657E-01    0.44113E-01    0.20781E-01    0.44676E-01    0.21651E-01    0.44116E-01    0.18397E-01    0.36775E-01    0.17288E-01    0.37905E-01    0.18390E-01    0.36782E-01    0.24317E-03    0.15537E-03    0.24277E-03    0.24317E-03    0.00000E+00    0.15537E-03    0.00000E+00    0.24277E-03    0.00000E+00    0.22053E-01    0.00000E+00    0.17628E-01    0.00000E+00    0.22035E-01    0.00000E+00    0.18432E-01    0.00000E+00    0.14357E-01    0.00000E+00    0.18413E-01    0.00000E+00    0.64902E-03    0.60852E-03    0.64874E-03    0.00000E+00    0.12980E-02    0.00000E+00    0.12170E-02    0.00000E+00    0.12975E-02    0.21523E-01    0.50952E-01    0.21411E-01    0.49337E-01    0.21522E-01    0.50941E-01    0.18385E-01    0.49062E-01    0.17932E-01    0.46226E-01    0.18382E-01    0.49043E-01
38000  8    0.85571E-04    0.10602E-03    0.85699E-04    0.38068E-04    0.95006E-04    0.14493E-04    0.18306E-03    0.37921E-04    0.95556E-04    0.16835E-01    0.13784E-01    0.15368E-01    0.19134E-01    0.16826E-01    0.13824E-01    0.13355E-01    0.93210E-02    0.12213E-01    0.13052E-01    0.13348E-01    0.93443E-02    0.15201E-03    0.80516E-04    0.15168E-03    0.15201E-03    0.00000E+00    0.80516E-04    0.00000E+00    0.15168E-03    0.00000E+00    0.17436E-01    0.00000E+00    0.12690E-01    0.00000E+00    0.17417E-01    0.00000E+00    0.13718E-01    0.00000E+00    0.11706E-01    0.00000E+00    0.13709E-01    0.00000E+00    0.63374E-04    0.11162E-03    0.63704E-04    0.00000E+00    0.12675E-03    0.00000E+00    0.22324E-03    0.00000E+00    0.12741E-03    0.16629E-01    0.15922E-01    0.15896E-01    0.21130E-01    0.16624E-01    0.15963E-01    0.13234E-01    0.12435E-01    0.12324E-01    0.15917E-01    0.13228E-01    0.12459E-01
39000  9    0.12176E-03    0.11894E-03    0.12174E-03    0.87907E-04    0.67709E-04    0.44034E-04    0.14981E-03    0.87633E-04    0.68223E-04    0.26419E-01    0.11637E-01    0.24999E-01    0.17309E-01    0.26410E-01    0.11681E-01    0.23621E-01    0.77082E-02    0.21813E-01    0.11469E-01    0.23610E-01    0.77318E-02    0.35101E-03    0.24463E-03    0.35053E-03    0.35101E-03    0.00000E+00    0.24463E-03    0.00000E+00    0.35053E-03    0.00000E+00    0.26496E-01    0.00000E+00    0.22119E-01    0.00000E+00    0.26478E-01    0.00000E+00    0.23309E-01    0.00000E+00    0.17478E-01    0.00000E+00    0.23283E-01    0.00000E+00    0.45166E-04    0.91345E-04    0.45482E-04    0.00000E+00    0.90332E-04    0.00000E+00    0.18269E-03    0.00000E+00    0.90963E-04    0.26393E-01    0.13441E-01    0.25587E-01    0.19115E-01    0.26388E-01    0.13488E-01    0.23725E-01    0.10284E-01    0.22764E-01    0.13987E-01    0.23719E-01    0.10309E-01
40000  10    0.62016E-04    0.89260E-04    0.62186E-04    0.20618E-04    0.82795E-04    0.17273E-04    0.14397E-03    0.20597E-04    0.83178E-04    0.11788E-01    0.12868E-01    0.12883E-01    0.16969E-01    0.11796E-01    0.12898E-01    0.87368E-02    0.86122E-02    0.90655E-02    0.11569E-01    0.87388E-02    0.86306E-02    0.82328E-04    0.95962E-04    0.82389E-04    0.82328E-04    0.00000E+00    0.95962E-04    0.00000E+00    0.82389E-04    0.00000E+00    0.12832E-01    0.00000E+00    0.13854E-01    0.00000E+00    0.12837E-01    0.00000E+00    0.96078E-02    0.00000E+00    0.11056E-01    0.00000E+00    0.96143E-02    0.00000E+00    0.55229E-04    0.87789E-04    0.55452E-04    0.00000E+00    0.11046E-03    0.00000E+00    0.17558E-03    0.00000E+00    0.11090E-03    0.11419E-01    0.14863E-01    0.12660E-01    0.18739E-01    0.11428E-01    0.14893E-01    0.84457E-02    0.11490E-01    0.86286E-02    0.14108E-01    0.84470E-02    0.11508E-01
41000  11    0.93213E-04    0.13424E-03    0.93469E-04    0.31698E-04    0.12303E-03    0.24658E-04    0.21916E-03    0.31654E-04    0.12363E-03    0.14468E-01    0.15686E-01    0.15765E-01    0.20936E-01    0.14476E-01    0.15725E-01    0.11177E-01    0.10842E-01    0.11687E-01    0.15563E-01    0.11180E-01    0.10872E-01    0.12657E-03    0.13699E-03    0.12662E-03    0.12657E-03    0.00000E+00    0.13699E-03    0.00000E+00    0.12662E-03    0.00000E+00    0.15910E-01    0.00000E+00    0.16552E-01    0.00000E+00    0.15913E-01    0.00000E+00    0.12395E-01    0.00000E+00    0.14010E-01    0.00000E+00    0.12403E-01    0.00000E+00    0.82068E-04    0.13364E-03    0.82420E-04    0.00000E+00    0.16414E-03    0.00000E+00    0.26727E-03    0.00000E+00    0.16484E-03    0.13953E-01    0.18118E-01    0.15587E-01    0.23120E-01    0.13964E-01    0.18157E-01    0.10769E-01    0.14465E-01    0.11177E-01    0.18979E-01    0.10772E-01    0.14496E-01
42000  12    0.61831E-04    0.88049E-04    0.61995E-04    0.22681E-04    0.78299E-04    0.20229E-04    0.13564E-03    0.22666E-04    0.78658E-04    0.12492E-01    0.12514E-01    0.15178E-01    0.16471E-01    0.12510E-01    0.12543E-01    0.93847E-02    0.84482E-02    0.11242E-01    0.11427E-01    0.93963E-02    0.84668E-02    0.90566E-04    0.11238E-03    0.90664E-04    0.90566E-04    0.00000E+00    0.11238E-03    0.00000E+00    0.90664E-04    0.00000E+00    0.13459E-01    0.00000E+00    0.14992E-01    0.00000E+00    0.13466E-01    0.00000E+00    0.10233E-01    0.00000E+00    0.11974E-01    0.00000E+00    0.10241E-01    0.00000E+00    0.52230E-04    0.82708E-04    0.52439E-04    0.00000E+00    0.10446E-03    0.00000E+00    0.16542E-03    0.00000E+00    0.10488E-03    0.12151E-01    0.14454E-01    0.15218E-01    0.18189E-01    0.12175E-01    0.14483E-01    0.91011E-02    0.11271E-01    0.11081E-01    0.13935E-01    0.91147E-02    0.11289E-01
43000  13    0.30526E-03    0.39853E-03    0.30585E-03    0.25156E-04    0.56022E-03    0.16697E-04    0.76367E-03    0.25104E-04    0.56149E-03    0.13350E-01    0.33473E-01    0.14053E-01    0.39081E-01    0.13354E-01    0.33511E-01    0.10166E-01    0.27541E-01    0.10315E-01    0.33023E-01    0.10167E-01    0.27575E-01    0.10045E-03    0.92760E-04    0.10041E-03    0.10045E-03    0.00000E+00    0.92760E-04    0.00000E+00    0.10041E-03    0.00000E+00    0.14174E-01    0.00000E+00    0.13621E-01    0.00000E+00    0.14171E-01    0.00000E+00    0.10892E-01    0.00000E+00    0.11690E-01    0.00000E+00    0.10895E-01    0.00000E+00    0.37370E-03    0.46565E-03    0.37433E-03    0.00000E+00    0.74739E-03    0.00000E+00    0.93130E-03    0.00000E+00    0.74865E-03    0.13063E-01    0.38662E-01    0.14146E-01    0.43158E-01    0.13070E-01    0.38695E-01    0.99238E-02    0.36743E-01    0.10013E-01    0.40272E-01    0.99244E-02    0.36767E-01
44000  14    0.83824E-04    0.89247E-04    0.83858E-04    0.30252E-04    0.10714E-03    0.24810E-04    0.12887E-03    0.30218E-04    0.10728E-03    0.14520E-01    0.14639E-01    0.16036E-01    0.16054E-01    0.14530E-01    0.14648E-01    0.11654E-01    0.10467E-01    0.12686E-01    0.11898E-01    0.11661E-01    0.10476E-01    0.12080E-03    0.13783E-03    0.12087E-03    0.12080E-03    0.00000E+00    0.13783E-03    0.00000E+00    0.12087E-03    0.00000E+00    0.15543E-01    0.00000E+00    0.16603E-01    0.00000E+00    0.15548E-01    0.00000E+00    0.12358E-01    0.00000E+00    0.13918E-01    0.00000E+00    0.12365E-01    0.00000E+00    0.71471E-04    0.78581E-04    0.71520E-04    0.00000E+00    0.14294E-03    0.00000E+00    0.15716E-03    0.00000E+00    0.14304E-03    0.14162E-01    0.16908E-01    0.15909E-01    0.17729E-01    0.14175E-01    0.16914E-01    0.11419E-01    0.13964E-01    0.12416E-01    0.14509E-01    0.11426E-01    0.13968E-01
45000  15    0.10143E-03    0.13112E-03    0.10162E-03    0.41756E-04    0.11935E-03    0.26760E-04    0.20872E-03    0.41663E-04    0.11991E-03    0.17657E-01    0.15450E-01    0.17705E-01    0.20431E-01    0.17657E-01    0.15486E-01    0.14289E-01    0.11121E-01    0.14741E-01    0.14995E-01    0.14292E-01    0.11146E-01    0.16673E-03    0.14866E-03    0.16665E-03    0.16673E-03    0.00000E+00    0.14866E-03    0.00000E+00    0.16665E-03    0.00000E+00    0.18261E-01    0.00000E+00    0.17243E-01    0.00000E+00    0.18257E-01    0.00000E+00    0.14641E-01    0.00000E+00    0.13061E-01    0.00000E+00    0.14634E-01    0.00000E+00    0.79612E-04    0.12727E-03    0.79938E-04    0.00000E+00    0.15922E-03    0.00000E+00    0.25453E-03    0.00000E+00    0.15988E-03    0.17451E-01    0.17845E-01    0.17805E-01    0.22563E-01    0.17453E-01    0.17882E-01    0.14171E-01    0.14837E-01    0.15110E-01    0.18287E-01    0.14178E-01    0.14861E-01
46000  16    0.10554E-03    0.16398E-03    0.10591E-03    0.28011E-04    0.15506E-03    0.21521E-04    0.28491E-03    0.27971E-04    0.15587E-03    0.13737E-01    0.17610E-01    0.13068E-01    0.23871E-01    0.13733E-01    0.17656E-01    0.10467E-01    0.12671E-01    0.10387E-01    0.17619E-01    0.10467E-01    0.12701E-01    0.11185E-03    0.11956E-03    0.11188E-03    0.11185E-03    0.00000E+00    0.11956E-03    0.00000E+00    0.11188E-03    0.00000E+00    0.14957E-01    0.00000E+00    0.15464E-01    0.00000E+00    0.14959E-01    0.00000E+00    0.11494E-01    0.00000E+00    0.12226E-01    0.00000E+00    0.11497E-01    0.00000E+00    0.10343E-03    0.17372E-03    0.10391E-03    0.00000E+00    0.20687E-03    0.00000E+00    0.34745E-03    0.00000E+00    0.20783E-03    0.13305E-01    0.20341E-01    0.12481E-01    0.26361E-01    0.13300E-01    0.20388E-01    0.10124E-01    0.16904E-01    0.99827E-02    0.21487E-01    0.10123E-01    0.16935E-01
47000  17    0.81831E-04    0.83724E-04    0.81843E-04    0.37090E-04    0.89482E-04    0.29298E-04    0.10885E-03    0.37042E-04    0.89603E-04    0.16307E-01    0.13378E-01    0.17344E-01    0.14755E-01    0.16314E-01    0.13387E-01    0.13613E-01    0.93399E-02    0.14021E-01    0.10805E-01    0.13615E-01    0.93491E-02    0.14810E-03    0.16276E-03    0.14817E-03    0.14810E-03    0.00000E+00    0.16276E-03    0.00000E+00    0.14817E-03    0.00000E+00    0.17210E-01    0.00000E+00    0.18042E-01    0.00000E+00    0.17214E-01    0.00000E+00    0.14292E-01    0.00000E+00    0.13703E-01    0.00000E+00    0.14290E-01    0.00000E+00    0.59689E-04    0.66373E-04    0.59735E-04    0.00000E+00    0.11938E-03    0.00000E+00    0.13275E-03    0.00000E+00    0.11947E-03    0.15994E-01    0.15452E-01    0.17187E-01    0.16294E-01    0.16003E-01    0.15458E-01    0.13386E-01    0.12461E-01    0.14091E-01    0.13177E-01    0.13391E-01    0.12465E-01
48000  18    0.12108E-03    0.11366E-03    0.12104E-03    0.32792E-04    0.17659E-03    0.27982E-04    0.17135E-03    0.32762E-04    0.17655E-03    0.15529E-01    0.18793E-01    0.15611E-01    0.18512E-01    0.15529E-01    0.18791E-01    0.12545E-01    0.13926E-01    0.13207E-01    0.14754E-01    0.12549E-01    0.13931E-01    0.13094E-03    0.15546E-03    0.13105E-03    0.13094E-03    0.00000E+00    0.15546E-03    0.00000E+00    0.13105E-03    0.00000E+00    0.16183E-01    0.00000E+00    0.17633E-01    0.00000E+00    0.16189E-01    0.00000E+00    0.12913E-01    0.00000E+00    0.16084E-01    0.00000E+00    0.12928E-01    0.00000E+00    0.11779E-03    0.10448E-03    0.11770E-03    0.00000E+00    0.23559E-03    0.00000E+00    0.20896E-03    0.00000E+00    0.23540E-03    0.15304E-01    0.21707E-01    0.15131E-01    0.20443E-01    0.15303E-01    0.21698E-01    0.12422E-01    0.18579E-01    0.12575E-01    0.17993E-01    0.12423E-01    0.18575E-01
49000  19    0.61716E-04    0.93470E-04    0.61914E-04    0.19740E-04    0.83952E-04    0.12269E-04    0.16240E-03    0.19693E-04    0.84442E-04    0.11620E-01    0.12958E-01    0.12525E-01    0.18022E-01    0.11626E-01    0.12996E-01    0.86546E-02    0.88910E-02    0.88262E-02    0.11956E-01    0.86557E-02    0.89101E-02    0.78821E-04    0.68161E-04    0.78774E-04    0.78821E-04    0.00000E+00    0.68161E-04    0.00000E+00    0.78774E-04    0.00000E+00    0.12556E-01    0.00000E+00    0.11676E-01    0.00000E+00    0.12552E-01    0.00000E+00    0.94633E-02    0.00000E+00    0.94959E-02    0.00000E+00    0.94635E-02    0.00000E+00    0.56001E-04    0.99026E-04    0.56295E-04    0.00000E+00    0.11200E-03    0.00000E+00    0.19805E-03    0.00000E+00    0.11259E-03    0.11290E-01    0.14967E-01    0.12704E-01    0.19902E-01    0.11300E-01    0.15006E-01    0.83844E-02    0.11862E-01    0.86792E-02    0.14580E-01    0.83864E-02    0.11880E-01
50000  20    0.10631E-03    0.11609E-03    0.10637E-03    0.63842E-04    0.84938E-04    0.52978E-04    0.12622E-03    0.63774E-04    0.85196E-04    0.21731E-01    0.13034E-01    0.22324E-01    0.15888E-01    0.21735E-01    0.13053E-01    0.19111E-01    0.90581E-02    0.19319E-01    0.11582E-01    0.19112E-01    0.90738E-02    0.25492E-03    0.29432E-03    0.25510E-03    0.25492E-03    0.00000E+00    0.29432E-03    0.00000E+00    0.25510E-03    0.00000E+00    0.22580E-01    0.00000E+00    0.24262E-01    0.00000E+00    0.22587E-01    0.00000E+00    0.19659E-01    0.00000E+00    0.20692E-01    0.00000E+00    0.19664E-01    0.00000E+00    0.56659E-04    0.76961E-04    0.56798E-04    0.00000E+00    0.11332E-03    0.00000E+00    0.15392E-03    0.00000E+00    0.11360E-03    0.21440E-01    0.15054E-01    0.21875E-01    0.17545E-01    0.21443E-01    0.15073E-01    0.18928E-01    0.12085E-01    0.19018E-01    0.14124E-01    0.18928E-01    0.12098E-01
51000  21    0.47407E-03    0.39365E-03    0.47357E-03    0.98327E-04    0.75150E-03    0.20422E-04    0.74645E-03    0.97840E-04    0.75146E-03    0.27218E-01    0.38768E-01    0.23333E-01    0.38638E-01    0.27196E-01    0.38768E-01    0.22838E-01    0.31427E-01    0.19460E-01    0.31741E-01    0.22817E-01    0.31429E-01    0.39262E-03    0.11346E-03    0.39136E-03    0.39262E-03    0.00000E+00    0.11346E-03    0.00000E+00    0.39136E-03    0.00000E+00    0.28022E-01    0.00000E+00    0.15064E-01    0.00000E+00    0.27977E-01    0.00000E+00    0.23303E-01    0.00000E+00    0.93444E-02    0.00000E+00    0.23240E-01    0.00000E+00    0.50129E-03    0.45516E-03    0.50098E-03    0.00000E+00    0.10026E-02    0.00000E+00    0.91031E-03    0.00000E+00    0.10020E-02    0.26944E-01    0.44779E-01    0.24782E-01    0.42669E-01    0.26930E-01    0.44765E-01    0.22682E-01    0.41927E-01    0.21680E-01    0.38708E-01    0.22675E-01    0.41905E-01
52000  22    0.80967E-04    0.79165E-04    0.80955E-04    0.56551E-04    0.48832E-04    0.31173E-04    0.95985E-04    0.56392E-04    0.49127E-04    0.20706E-01    0.98825E-02    0.20136E-01    0.13855E-01    0.20703E-01    0.99123E-02    0.17599E-01    0.65197E-02    0.17123E-01    0.89642E-02    0.17596E-01    0.65350E-02    0.22580E-03    0.17318E-03    0.22557E-03    0.22580E-03    0.00000E+00    0.17318E-03    0.00000E+00    0.22557E-03    0.00000E+00    0.21251E-01    0.00000E+00    0.18611E-01    0.00000E+00    0.21240E-01    0.00000E+00    0.17803E-01    0.00000E+00    0.15554E-01    0.00000E+00    0.17793E-01    0.00000E+00    0.32574E-04    0.58527E-04    0.32751E-04    0.00000E+00    0.65148E-04    0.00000E+00    0.11705E-03    0.00000E+00    0.65502E-04    0.20521E-01    0.11415E-01    0.20455E-01    0.15301E-01    0.20520E-01    0.11446E-01    0.17531E-01    0.86981E-02    0.17468E-01    0.10932E-01    0.17531E-01    0.87134E-02
53000  23    0.21965E-03    0.24508E-03    0.21981E-03    0.10454E-03    0.23022E-03    0.10008E-03    0.29000E-03    0.10452E-03    0.23060E-03    0.28105E-01    0.21458E-01    0.28752E-01    0.24083E-01    0.28109E-01    0.21475E-01    0.24661E-01    0.16492E-01    0.25561E-01    0.18838E-01    0.24667E-01    0.16507E-01    0.41744E-03    0.55601E-03    0.41806E-03    0.41744E-03    0.00000E+00    0.55601E-03    0.00000E+00    0.41806E-03    0.00000E+00    0.28894E-01    0.00000E+00    0.33347E-01    0.00000E+00    0.28916E-01    0.00000E+00    0.25007E-01    0.00000E+00    0.28685E-01    0.00000E+00    0.25024E-01    0.00000E+00    0.15357E-03    0.17683E-03    0.15373E-03    0.00000E+00    0.30714E-03    0.00000E+00    0.35366E-03    0.00000E+00    0.30746E-03    0.27837E-01    0.24785E-01    0.27641E-01    0.26596E-01    0.27835E-01    0.24798E-01    0.24545E-01    0.22003E-01    0.24875E-01    0.22973E-01    0.24547E-01    0.22010E-01
54000  24    0.10381E-03    0.12168E-03    0.10392E-03    0.35908E-04    0.13580E-03    0.44204E-04    0.15496E-03    0.35960E-04    0.13592E-03    0.16026E-01    0.16480E-01    0.19363E-01    0.17604E-01    0.16049E-01    0.16487E-01    0.13382E-01    0.12370E-01    0.16369E-01    0.13750E-01    0.13401E-01    0.12379E-01    0.14338E-03    0.24558E-03    0.14384E-03    0.14338E-03    0.00000E+00    0.24558E-03    0.00000E+00    0.14384E-03    0.00000E+00    0.16934E-01    0.00000E+00    0.22162E-01    0.00000E+00    0.16961E-01    0.00000E+00    0.14039E-01    0.00000E+00    0.19236E-01    0.00000E+00    0.14063E-01    0.00000E+00    0.90585E-04    0.94486E-04    0.90612E-04    0.00000E+00    0.18117E-03    0.00000E+00    0.18897E-03    0.00000E+00    0.18122E-03    0.15711E-01    0.19035E-01    0.18693E-01    0.19441E-01    0.15733E-01    0.19038E-01    0.13163E-01    0.16504E-01    0.15739E-01    0.16769E-01    0.13180E-01    0.16505E-01
55000  0    0.44471E-04    0.70976E-04    0.44636E-04    0.19258E-04    0.50426E-04    0.15354E-04    0.11124E-03    0.19233E-04    0.50806E-04    0.11293E-01    0.10042E-01    0.11861E-01    0.14916E-01    0.11297E-01    0.10080E-01    0.85641E-02    0.65772E-02    0.95146E-02    0.10115E-01    0.85700E-02    0.65993E-02    0.76896E-04    0.85301E-04    0.76934E-04    0.76896E-04    0.00000E+00    0.85301E-04    0.00000E+00    0.76934E-04    0.00000E+00    0.12401E-01    0.00000E+00    0.13061E-01    0.00000E+00    0.12404E-01    0.00000E+00    0.94087E-02    0.00000E+00    0.11484E-01    0.00000E+00    0.94181E-02    0.00000E+00    0.33637E-04    0.67832E-04    0.33870E-04    0.00000E+00    0.67274E-04    0.00000E+00    0.13566E-03    0.00000E+00    0.67741E-04    0.10898E-01    0.11599E-01    0.11581E-01    0.16472E-01    0.10903E-01    0.11640E-01    0.82819E-02    0.87748E-02    0.90822E-02    0.12335E-01    0.82874E-02    0.87991E-02
