17500
func 0
Activation_out 0
4
3
40
40
3
 #l=           2
 -5.62136305215426915E-02 -1.98962029394770312E-01  2.58863164450125638E-01  2.98146263006947680E-02
  1.33543811011501745E+00 -7.91604440689667871E-02 -6.61273170608909444E-01 -3.98121973832587031E-02
  8.87747144302758889E-02  3.38054127331206933E-01 -1.85730327924918698E-01 -1.18602889608448808E-01
 -6.22982691105309683E-01  1.47656835085933063E-02 -3.26093399357251235E-01  4.50661170124640298E-01
  4.83506442688032667E-01  2.52361142018789286E-01  7.54223298095300920E-02 -1.48345500537014174E-01
  1.02064287515927415E-01 -3.32193031198446675E-02 -5.90580931083241820E-02  3.39148919857639397E-01
  1.33212911578776100E-01 -2.16775399344544192E-02  3.87868049236940043E-02 -7.04343983145266139E-01
 -6.97935854900089359E-01 -4.88856537247723710E-01  1.47144768138680937E-01 -8.87236939280599546E-02
 -2.14944517680638075E-01 -8.52674191132417880E-02  2.66455266859828496E-02  3.93134123885771791E-01
 -1.02439423917254047E+00 -5.20478800281703969E-04 -6.11571786296188469E-01 -5.85999119957357539E-01
 -7.36596792986229043E-01  4.27020774231954447E-01 -2.86512645758323393E-02  6.32807035697021125E-02
  3.68691149215773117E-01 -3.33176224329873372E-01  1.37140140394557020E-01 -1.98827622375975843E-01
 -1.08754718905595654E-01  1.05036486618770838E-01  2.03418243449085979E-03  3.15162406002790713E-03
 -3.15687133034758760E-01  6.21388941713934551E-01 -5.97801915901179481E-01 -4.32903535611808998E-01
  1.61288486371359369E-01 -6.22452566539892782E-01 -6.74433913518916350E-01  1.36171259642975495E-01
 -2.21663465814018357E-01  1.09344782311244379E-01  2.76177400157928465E-01  5.35523060752747353E-03
  1.10954255046860872E+00  6.29444794945311137E-01  1.49790918247930151E-02  1.89884651171713659E-01
 -4.77105530972227243E-01 -1.18884540110276299E-01 -5.47714209632521390E-02 -6.18793735319403682E-02
  1.40096071633394270E-01 -2.77292753269649944E-03 -1.04677449313244214E-01 -6.91471380936731661E-01
  4.15243687095012193E-01  1.37937678401799990E-01  3.84766567381785052E-01 -2.64332740156803941E-02
  1.40315743154333424E-02 -1.58637489804383108E-01 -2.83090775939735771E-02 -4.44438561603160809E-01
 -5.80690536211531882E-01 -3.48511732897684168E-01 -7.48701887191394466E-02  1.16896977609843800E-01
 -9.00879101348573130E-02 -1.89894214517764386E-02 -1.23128447228103765E-03  3.95673077558893138E-01
 -8.03594296110411027E-02  1.33647746558777453E-01 -1.23849563287952765E-02  5.00348174141035731E-02
 -3.78901808929471007E-01 -1.26441106128929059E-01 -2.54812276676485816E-01  9.58739329861968415E-02
  2.69640921761922836E-01  2.41014014810291305E-01 -4.58419755056499623E-01 -2.67290305031294140E-01
 -1.22891016906642192E+00  1.36362220653773436E+00  1.11544865160515157E-02  3.35602398307886934E-02
 -2.86594619935825690E-01 -6.76504875147797669E-01  7.63207234321127803E-01 -1.63222148346876789E-01
 -4.34758834914484513E-02 -1.61532429289534193E-02  1.03565360330241871E-01 -2.04470517223674597E-01
 -1.69658095556958655E-01  2.50604022794446990E-01 -8.77938067434432950E-02 -4.33160655404657591E-01
  1.60886136780004407E-01  2.39209016252163384E-02  1.69803095798915976E-01  9.33150176349211991E-02
 -1.60486759807871165E-02 -1.42645555833238569E-01  4.88285225819014151E-02  3.23095170141776022E-01
 -3.44802043269282599E-01  3.85760727741819354E-01 -1.65191151512886880E-01 -2.34081787560480939E-02
  9.39769893422834457E-01  8.67991455127307410E-02  1.19748652017363866E+00  2.33881982405278188E-01
  2.26795139177384281E-01 -2.39978846202311663E-01 -3.70558954520351369E-01 -1.11636419100762593E-01
  3.51733457677426642E-01  8.93177257151244464E-02 -2.45838497444790055E-01  5.55672796454696805E-01
  1.77559042755623370E-01 -1.00397134143462213E-01 -4.74150003761984323E-02 -2.78552932629454963E-01
  1.78445500727777512E-01  2.49927683124286870E-01  4.69486408844268857E-02  1.95589058640341679E-01
 -3.27191252494967777E-01  4.43796387504547529E-01  1.09367585523624952E-01 -2.67341331748657207E-01
  1.63013009576124801E-01 -7.02671378150983794E-01 -5.79193107751662328E-01  9.78866295881893334E-02
 #l=           3
 -1.06838768400580611E-01  3.77637514807890817E-01 -7.71873230476438743E-01  2.13048239018529983E-01 -4.20161540238314923E-02 -2.46654452413316128E-01 -2.65106621583837798E-01  2.47568456714266999E-01 -9.46140943939719065E-02  2.37401130719326420E-01  3.15486153574244754E-01  3.59615958825743876E-01 -3.62971395293850141E-02  2.43317443820205037E-01 -9.19473421083943504E-02 -2.32690492045795394E-01  3.79344516072350965E-02 -2.78936130169453289E-01 -3.07687574953245835E-01 -3.87813181110131577E-01 -9.95847206504356791E-02 -1.72601621228306135E-01  3.48944438768976628E-01  1.80482232061292713E-01  1.87984808390693092E-01  7.95986887647762015E-02 -3.73194671096724551E-01 -2.44164946329241295E-01  4.45240286211198877E-01  2.25925676966069550E-01  6.02199662425080065E-02  1.99810170088128153E-01  2.70813247995079664E-01 -2.51839235815768669E-01 -3.74438665552107641E-01 -1.70929167655780256E-01 -6.50436402726632168E-01 -4.45322037445021301E-01  4.25296190787201947E-02  4.44898222502836788E-04 -2.87553278882702434E-01
  6.29045173505962812E-02 -4.97031983764166171E-02  2.38271507080073219E-01  3.62286525042416874E-01  3.51233812615572849E-01 -4.08115445267732187E-03  1.67239789517426712E-01 -1.23331186635441153E-01 -5.20731585694131985E-02 -2.16124483966288083E-01  5.28941753449006583E-02  2.21093525369626315E-01 -4.12304608362680514E-01  8.45304470846837269E-02 -6.02106751510549820E-01 -1.84019162792566249E-01 -2.16817975734696272E-01  7.57289726678810476E-02 -2.97083395478390411E-01  2.72887943239851383E-01 -3.64285995065207646E-01 -1.36248886573134442E-01 -1.10967364245432604E-01 -2.55014987336095011E-01  2.35003795621565675E-01  2.17726053762332422E-01 -1.72443136188453056E-01  6.63818111110074383E-02  1.03075277291874134E+00 -3.71075913707411775E-01  1.99631297013163816E-01 -1.44533775208117471E-01  1.42232083993169528E-01  4.77107753148166669E-01 -2.64927659593282738E-01  3.12703427539528511E-01 -6.58754211169384069E-02  7.39470347331586259E-02  1.02288789475314529E-01  8.78286048135983599E-02 -2.48369671532748304E-01
 -3.37182265614186294E-01  1.06411643519671445E-01  4.90992429568000877E-01  2.65895642282773959E-01  1.17104179733525396E-01  8.39585889616354386E-02 -2.32392866045727148E-01 -1.09344916571395501E-01  9.92027350179142536E-02  9.87918475106439598E-02 -2.00770501002335899E-01  3.28231881425818583E-03  4.25001218662825364E-01  3.00030493791551209E-02  3.07761965175748532E-02  3.46100581358143797E-02  9.29412423272818616E-02  2.75241029242501919E-02  5.77458123491793152E-01  1.23325373356058171E-01  1.40962883796681759E-01  4.79391966044684717E-02 -2.04300590453159875E-01 -1.78273447789293812E-02 -3.12956877275311907E-02 -1.28430077317101821E-01  8.97044268483423307E-02  3.61620087164753024E-01 -1.08854630014810425E-01  8.53968001607989247E-02  2.12215509578304151E-01 -1.71671159542777174E-01 -1.03348677385820958E-02 -3.83994408853960828E-02 -4.29789426048097278E-01 -1.92595890320940960E-01 -2.21276284275395335E-01 -1.25898391230641310E-01  8.14332833982238241E-02 -1.84463894229276920E-01 -1.44911923929264524E-01
  3.00537269092971293E-01  1.22536141378905589E-01 -1.25186359381809914E-01 -3.28105629337755098E-02 -5.29346866736959618E-02  1.89461584217155699E-02  1.90274692310896471E-01  2.57939816538438005E-01  4.04711559661514952E-01 -7.97443875029780758E-02 -2.44924690123602268E-02 -4.73699246736945467E-01  2.70459952919068436E-01 -8.43169712851062458E-01  1.44796548566424099E-01  4.39651006532481514E-01 -4.88338069283560244E-02  1.26218909211950579E-02 -2.10087776474571469E-01  4.75250223240615693E-02  2.66994025198883711E-01  2.86890380543771528E-01  2.16172016152147123E-01  2.25272563494445088E-03 -3.67067742334027614E-01 -8.96759971518804044E-02  3.48820140124766420E-01  4.60331912602767124E-01 -4.85040696535047777E-01  5.82885146869424817E-02 -3.76729575841980135E-01  1.58027193396084786E-01  5.48387328735461033E-01 -4.43023170598684235E-02 -5.37568246758290291E-01  1.06477657469283823E-01 -1.42014504559310917E-01  3.82776210398878991E-01 -2.69361207091591781E-01 -7.07889053711714289E-01  3.48597056814567652E-01
  1.50199913932293760E-01  1.02457596197290959E-01 -2.65971387393532543E-01 -3.19972553030935636E-01  2.05087391902474131E-01 -4.30992038627621254E-01  3.63290029495349637E-02  1.76783033283350016E-01  5.10049029224579828E-02  1.73657397842911704E-01  4.32717619032807824E-02 -5.40546420535178707E-02  2.78995315475690370E-02 -2.77020765411956027E-01  3.26260606645359164E-01 -1.12771047256289142E-01  2.78229381744982907E-01 -2.43504157602779853E-01 -8.31584794984859266E-02  1.34312798190623611E-01 -4.16703337714164276E-02  1.67961063924998266E-01  1.49546701599142573E-01  1.47905946171314112E-01 -3.37091810005054282E-01  2.70879369652930746E-01 -8.68399617147172787E-02 -2.18938614870993420E-01 -1.05005795357042228E-01 -8.99583265346464850E-02 -3.85000787556313492E-02  1.82946397603252153E-01  3.51649883876156977E-01 -3.79772429086743968E-01 -1.11886023251778696E-01 -2.69421942321584673E-01 -4.28110276255372735E-01  4.11499195510219185E-01 -3.14335200158111450E-01  2.03966486605457048E-01  9.22276086321743155E-02
 -7.06843128354349565E-02 -1.22529397622969230E-01  2.02147702771756310E-01  5.75904576673059276E-01 -2.00591632720206137E-01 -1.45850210101702710E-01 -2.78591108116832908E-01 -1.05944110611609466E-01 -1.21896540407082116E-01  2.75726192101492906E-01 -2.20856062299901013E-01  4.62472146332438550E-01 -5.42100363366414650E-01  2.01125945728156008E-01  2.90832533051127551E-01 -1.73160318351560677E-01  3.65375430044125385E-02  1.49387429669732480E-01  4.78809534820123350E-03 -2.31006268584151797E-01  6.03650457972770976E-02 -1.49376660337146305E-01 -2.95026191388503944E-01  4.08382095376898513E-02 -2.82680377969547801E-03 -1.42138287102160504E-01  8.69593117322147724E-02 -2.80836171084008657E-01 -1.60962771322409798E-01  1.35370656487491553E-01  3.40643336177730127E-01  3.27586243896466178E-01 -7.47431089545573385E-02  2.57040260108778118E-01 -2.00241009362706446E-01  1.49954823553007877E-01  2.50152836575337600E-01 -1.13145530888480228E-01  2.30981715734596277E-01 -2.48879620783019743E-04  3.26371622140883555E-01
 -2.19873737318289963E-01 -1.06852302400700386E-01  3.12137560162712491E-01  1.04299581357989807E-01 -9.17374037474937010E-02  2.22726124787610724E-01  7.54900832637549896E-02  2.28599279929473029E-02  3.80875298329374223E-01  1.64625497208005400E-01 -1.70505449554773231E-01 -2.69486494217951178E-01 -2.24314224954294622E-01  1.41806780048543440E-01  1.59118325959878570E-01 -6.14572771625584158E-02 -1.35675460544947557E-02 -1.38770531629827970E-01  9.29541480092066358E-02 -1.89874808560116709E-01  2.06860611305980407E-01  1.57121951048163067E-01  3.58733872699036477E-02 -5.80689991327067445E-02  1.60914008877868803E-01 -2.12215094823741596E-01 -6.13699861660638654E-02 -2.60367948275908138E-02 -4.61037621896457708E-02 -1.57616917357332326E-01 -6.13848896950356659E-02 -3.98058730649513467E-03  7.82094390059695221E-02  1.05202499634806046E-01 -1.02560103790515569E-01 -1.12919432550314003E-01  1.62346156006580644E-01 -8.87696698380489452E-02 -5.17308535278488135E-02 -2.07452733012118661E-02  2.48664646731144405E-02
  9.04282819132287419E-02 -3.48044648768354059E-01 -1.18390989007759531E-01  3.59755053788848242E-02  6.62189525242481536E-01  5.10008141693863506E-02  6.00316193142154786E-01 -4.47002796621888188E-01  2.69482082631158741E-02 -4.41057803965539230E-01  5.81586399783613039E-01  2.04862953333289743E-01 -2.36476648790131028E-01  2.05747911199856637E-01 -8.48412906239315173E-02 -9.94712418290728678E-02 -3.11619750360455861E-01 -1.78422875214731130E-01 -2.14273619730814185E-01  9.04085903819506209E-02 -2.12197571123463657E-01  5.28508265327543164E-02  1.25451569988472872E-01 -8.17932041675051291E-02  1.27468935070648492E-01  9.46908782201015681E-02  1.42392658271747685E-01 -1.92885157589651968E-01 -1.96441344988128735E-01 -4.20513604006134578E-01 -8.64670035145345128E-02 -5.60641617678800608E-01  1.30593839023906144E-01  4.06894119860740755E-01 -2.01825572372171552E-01  9.81837737438082392E-02  3.25097849008319117E-01  1.14561017264045009E-01 -1.34047615078137228E-01 -2.14010222914384624E-01  1.46795586792859301E-02
 -2.30681884748324989E-01  1.68576112442791679E-02  3.20719472247613879E-01 -3.49216455142836502E-01  1.88925284350005107E-01 -4.57891465058482897E-02 -1.02826088525092035E-01  8.38551483283775240E-02 -4.73990142489895492E-03  2.07755385725989256E-01 -3.32959473377203663E-01 -6.65901275643642654E-01  3.41448814454821392E-01 -1.70233633954767566E-01 -2.08839614240133226E-01  1.37161830033296434E-01  2.48869762216359057E-02  2.10059311357774198E-01 -1.56200969955530601E-02 -4.50545251023870760E-02  3.47722541843886951E-03  7.21330523851412830E-02  7.46011971047288447E-02 -3.70314669351612183E-02 -1.98182192720493838E-01 -3.60308585927388347E-01  1.46672399731957281E-01  4.61127145008187023E-01  2.34610928151649606E-01  5.05605085726089365E-02 -2.98098410733652674E-01 -4.77767257568242829E-02  2.00588282587621902E-01 -6.44501052165956545E-01 -4.91804310245810283E-02 -3.22389519289751278E-02  2.37295383521712699E-01  3.25704607617519071E-01  9.02737828650070767E-02  7.36479262578227517E-02 -9.46077734356717409E-02
  1.54012569684131240E-01  1.94171520650647314E-02 -6.39616097414067775E-01 -9.69700640584729295E-02 -1.20855234753816349E-01 -9.39523298854192113E-02 -2.33809269760040205E-02  1.99459106721782076E-01 -3.71701492859104254E-01 -1.51101451408288873E-01  4.06124323003662191E-01  9.03250980410518212E-02  2.68943185698962584E-01 -1.29819667672277164E-02 -1.91084814828659189E-01  1.74834379270936924E-01  1.31410227238830224E-01 -2.79189077184646306E-01  1.25227427058837215E-01  2.78467898386917156E-01  3.22308627330878006E-01  9.37787717408529453E-02 -1.58685021664357884E-02 -9.18336085206085395E-02 -2.67274522924956126E-01 -1.99895772574815639E-01  2.31814630339032324E-01  6.66166956196707384E-03 -1.70664053112937392E-01 -5.70201931079214117E-02  3.69770749634068946E-02  3.76220805676237002E-02 -2.84170840852158491E-01  5.25845730473012529E-01  2.16698538326867113E-01  1.34335960390996392E-02  1.16159167899680324E-01  1.39641019001579963E-01 -1.45916332691159917E-01  1.58886215333268882E-01  3.89058134274980427E-01
 -5.57883135663211037E-04  1.56601580156922632E-01  4.20914530164183287E-01 -1.13257120606814990E-01  5.50201837749278111E-01 -7.64393106047261545E-02  5.36422936129762468E-02 -1.85006520599643648E-01 -1.30020227367887320E-01  1.64747354140984043E-01  4.37558164544289196E-01 -5.90650547763814232E-02 -1.66429196132700991E-01  7.99049997884501706E-02  4.00468269666434118E-01 -1.50586863739401833E-01 -3.80517734257883322E-01  4.68400512687546025E-02  2.84354851244026763E-01  1.59863711991140231E-02 -3.55629054948947254E-01 -1.07863145280629028E-01  3.30796113028204775E-01  1.23849518208781317E-01 -2.70824117945094589E-01  3.01239397420361876E-01  6.72901347876300195E-05  4.27341863857495285E-01  1.32616144874017849E-01 -1.20306973115136870E-01 -1.34433474653735285E-01 -3.51663860110909776E-01  2.56932636249476376E-01 -5.85912670917336834E-04  5.83592230850999358E-02  4.19673332215538708E-01  1.83387884079122210E-01  3.04108761212722734E-01  7.46407091118857832E-03  2.37379775541260683E-02 -2.05498863858233960E-01
  1.98965887599639422E-02 -6.59316364266009508E-02  4.39211685155390053E-01  1.53451783440224337E-01  1.98709034156103539E-02 -5.81889830987915135E-01  1.34289624612784125E-01 -1.07001632107511194E-01  4.17308982777217952E-01  4.56353594980947186E-02  2.42583890217557829E-01 -1.94015966538720247E-01 -4.10365778878464468E-02 -3.22749851659531128E-01  3.30656284213432447E-02  1.15758367865811410E-01  6.53893531950574397E-02 -4.61721087098603433E-01  1.22544476417029979E-01  2.00309512901500897E-01 -2.39083383648272529E-01  3.83755734229871248E-01  4.62982431979899633E-01  1.71057328599534264E-01  2.47215198975077544E-01  5.57782498902141821E-01 -1.95287376377408610E-02  1.62621422266552240E-01  4.39326370354884560E-02 -2.43698304952972740E-02  7.44044132660564850E-02 -1.53447857938715737E-01 -2.34653444579893067E-01 -6.06168064966281159E-02 -3.17773340599150467E-01  2.81645307055873317E-01 -1.39582269600668968E-01  5.50369873818996602E-01 -3.72350595064053658E-01 -2.93732820379251192E-01  2.06084020295969395E-01
  7.35868170720496845E-02 -1.98591948589159545E-01  3.92465044906666130E-02  6.10060066702255432E-01 -1.14104253884699233E-01  3.23936141084154416E-01 -7.35775187542785508E-02 -1.80846108133833922E-01 -5.41925644290178532E-01 -1.63504723089669540E-01  9.62387420103280600E-02  1.33652228767793285E-01 -8.37735277890452656E-01  1.57579288360348263E-01  3.44565803917707469E-01  2.77233424644973026E-01 -1.27690397399924035E-02  1.05240064163653363E-01 -4.02306628857822146E-01 -3.49628190136642314E-01 -3.66654212278022140E-01  2.22321102382151553E-02 -2.32508225024404235E-02 -4.80055986715829767E-03  4.12806721833610668E-01 -2.57734752956310931E-01 -5.48336553994836010E-02 -4.19429477587762944E-01  1.49917735882348663E-01  5.68017359019000120E-02  3.91173888251780622E-01 -1.61685671993044809E-02 -5.42193891162752739E-01  4.44042622527994035E-01 -2.64736183383293078E-01  3.13869683670613797E-01  1.74643348519631536E-01  3.09870626787212486E-02 -7.07583607119437324E-02 -4.66963125061560402E-01  2.24980798446333535E-01
 -3.35230148619014290E-01 -5.60645483090928543E-02 -4.10848792661062528E-02 -1.73499852800131804E-01 -3.35479199439318532E-01 -1.42347502968894618E-01 -7.70121293365308296E-02  2.28086039289567138E-01  2.59410477485741586E-01  8.42583435696081240E-02 -1.21010158715956440E-01 -1.97799457165666742E-01  8.90709502549771326E-02  9.73365346855067093E-02 -1.04995856113541380E-02 -3.93845274370824228E-01  5.22079638271509480E-02  1.27759667504889651E-01  4.13322819931810415E-01 -2.39149817035068879E-01  2.98842793603023626E-01  2.97252840261184370E-01  1.15940166760365365E-01  4.94903771965267900E-02  1.30039549487104583E-01  2.17468447872691178E-01  4.95161343809922883E-01  6.68372387646336441E-01 -3.14554333490573157E-01  3.07294008161986376E-01  2.92291376841434525E-01  4.09289785680519227E-02  1.38076494858785509E-01  8.99833363608868869E-02 -2.85122164332547168E-01 -1.96490777361017555E-01 -6.81214296925057444E-02 -8.99567807846746587E-02 -4.21916378500483760E-02 -3.13519967127226032E-02  4.57746524132613963E-02
 -8.69136514992878417E-03  1.54555431959514128E-01 -2.63569719952979287E-01  1.77560510793173226E-01  4.28346015280645254E-01 -5.61971536950322426E-01  2.77554696252126420E-01 -1.51706797618151562E-01  6.61794133279333008E-01  3.46218862594836418E-01  2.83864832906138786E-01 -2.70116400759650321E-01  1.35573696070170335E-01 -1.63106575244665708E-01  4.81469041397870976E-03 -5.69012501233902984E-02  1.43927454818944985E-02 -6.75923030542807557E-01  8.65388657356683522E-02 -5.66588706148160870E-02 -1.06365626768255533E-01  7.03779984471948703E-03  3.67431520052195593E-01  2.73718174440951756E-01 -5.32056718671264695E-01  4.76625944360666076E-01 -1.50731517249409086E-01 -1.70279895613273557E-01  1.90865755609100241E-01  3.04892043014427017E-01 -3.96493836790806131E-01  1.34655306881821646E-01  2.91179738732320337E-01 -7.18389918835054542E-02  9.02097185721985467E-02  9.23089832221913285E-03 -3.86190885456903638E-02  1.73729035685153993E-01 -3.75662723278781030E-01 -5.45029972851453715E-01  1.55966319871283076E-02
 -3.09487501690654532E-01 -2.04473994739999623E-02  1.41753365292599881E-01 -7.58892668188335257E-02  1.05252484155663184E-01  1.89151580372141359E-01 -1.05797547407100415E-01 -4.08752134015929330E-02  8.31816930551606271E-02  1.15445922978340498E-01 -2.02766477151751362E-02 -1.10931717052129855E-01  3.85987152297623745E-02  7.30884250268352964E-02  1.05765969080745412E-01  7.90484667843839306E-02 -1.18521603161915391E-03  1.85377482271808169E-01  1.14204649685589993E-01  1.09404295993538014E-01  2.51418819562296669E-01  3.51122037338008411E-02 -1.58524977933970773E-02  2.59330789118592364E-01  6.01547732796216747E-02 -2.27274777607686773E-01  3.95881139150316072E-02  2.07851065950050345E-01  4.94318458920659648E-02  1.03926113990685118E-01 -1.46003529906461288E-01  1.44792657321491658E-01  1.27247215969781557E-01 -5.37511405535334927E-02 -4.29483938683785857E-02  6.04064672981173764E-02  1.06859702707953336E-01 -1.10748835904439721E-01  7.42663368827605058E-02 -1.98021790905208606E-01  1.17121477032585353E-01
 -1.68861438485733512E-01 -2.77769234436937795E-01 -2.15191688998085828E-01  4.14611588227739747E-01  2.90775297600109173E-01 -2.06558292575358765E-01  2.45876962330621923E-01 -3.53809446691701612E-01 -2.63261971015472376E-03 -5.73325052378899983E-02  2.23703661781556207E-01  2.59960057988328719E-01 -2.45836682601247303E-01  1.12877303926843087E-01 -8.37709827699463679E-03 -1.40714168338244600E-01 -1.65896443724852642E-03  1.50510612894674406E-01  2.15613932274280939E-01  1.65756735115421577E-01  2.17398090874041994E-01  3.25602742518693145E-01  2.21207862833460361E-01  2.65021410920458056E-01  2.92139268055242353E-02  5.64849381546875667E-02  3.61572227723909845E-01  1.76259126406077271E-01 -5.80008398895015653E-01 -4.47867699865643454E-01  3.61649449856533689E-01 -6.10763586088471477E-01 -4.33973690122263292E-02  1.53785924880903535E-01 -1.79096949050572309E-02 -2.11930101890404593E-01  2.40914955031099956E-02  6.30184027493248533E-01 -2.38983741138112299E-01  2.33750243530543966E-01 -1.66672494894547635E-02
 -2.71567552431147496E-01 -6.64731779909472631E-02  1.27797919583575309E-01  1.93883726911015020E-01  1.56041951420888614E-01 -1.81216885806715883E-01  8.44778457170247826E-02 -1.52713051883993700E-01 -3.09612381073760878E-01  2.12307980302938459E-02 -2.20790098568898474E-01 -3.05229467796476195E-01 -8.88909189761585422E-02  5.72681362249660778E-02  1.70513621066433474E-01  4.34329970696125667E-02  9.63757759933069613E-02 -1.37636140081595776E-01  1.61346481114862689E-01  8.07287446982201708E-03  1.25094934836746802E-01  4.37131119245362021E-01  1.91427479743520951E-01  3.76778524474487356E-02 -5.60149503150835087E-02 -5.71735216577561947E-02  1.22469661084431067E-01  4.45623715877743576E-01 -3.56006385265831005E-02 -1.04574251829193197E-02  5.58609021770929415E-02 -7.04187315286728954E-02  1.23917229457932862E-01 -6.73078160845831802E-02 -7.08376797566154931E-03 -4.29910496140455844E-01 -1.50120841857099063E-01 -4.02006535537695886E-02 -2.36417140327331493E-01 -6.83308469474127878E-02  1.01280993084036847E-01
 -1.72296610515940279E-01 -1.37163637071076455E-02 -5.22265268379684566E-01 -2.21340633603506365E-01 -3.79279329470367077E-01 -3.64528035930080263E-01 -2.33107975048755689E-01  2.59016417726350867E-01  3.27969823269164018E-01  2.47932435009978025E-01 -3.56891130399866363E-01  4.46172229534746889E-01  1.37906248112364710E-01  6.61659839306192321E-02  4.32177601178673099E-01 -2.76582109931703679E-01  3.25502330808678353E-01 -4.05961197925639561E-01  7.68588255272920767E-02 -5.05295342625352917E-01  4.02136671832996548E-02 -1.95656874817988794E-03  1.42299748640654228E-01 -1.28045408990656445E-01 -6.79982387477622574E-02  5.35686772347211959E-02 -3.02738411959704856E-01  4.21757162849689782E-01 -4.68826806617948677E-01  4.88011261469023794E-01 -2.66146494142285084E-01  2.86203888113862992E-01  4.25494187044012706E-01  3.23137269765408283E-02  6.07767487955230279E-01 -1.27764468217112254E-02 -5.04106790934284898E-01 -1.57033577861326795E-01 -2.44097736708648372E-01 -3.49043402034440661E-02  1.45050760798935252E-01
  3.34212511283743297E-01 -1.39705270308565777E-01 -6.30052461812289216E-02  4.74910294384632559E-02 -2.80098461667610987E-01  1.42968893722545787E-01 -1.02430456367199427E-01 -2.65650473463862509E-02  4.85017356993449333E-01 -1.24635389068165778E-01 -2.91883670503985171E-01 -4.91355202149595868E-02 -1.19057324894618191E-01 -1.65071185641637808E-01 -1.99493721508856720E-01 -7.59483242311303625E-02  2.10433842243596472E-02  9.57726257655471674E-02 -3.30378556766130760E-01  1.13803510981182743E-01 -8.73648358671269137E-02  9.77984577677373790E-02  3.49878069868001129E-01 -9.88764633146094613E-02 -2.00965419896872444E-01 -5.44536059046131504E-02 -3.96112124459541484E-02 -2.35461135960754464E-01  8.10847794710631981E-03  8.45934963200531062E-03 -4.65864445767449828E-02 -1.50884476071195872E-01  1.84321034847149068E-01 -1.75995780845956962E-01  7.15029150501803268E-01 -2.42376789349741217E-01  2.06998128162119543E-01 -2.08550913178969753E-02  4.82022119322888590E-02  1.00354800529722024E-01 -1.14545042740066397E-01
  3.62312566303608918E-02  3.80024245570497909E-01 -2.83477615574211084E-01 -2.83636082091524633E-01  7.08392736994760130E-02 -2.80200368618410522E-01 -1.05233308007087370E-01 -1.14206549588645734E-01  1.15496590998787924E-01  3.83646207638938086E-01  2.55110191279065424E-01  2.36066114275444994E-01  5.33094783782862361E-02 -2.71647259806972574E-01  7.57810754236218909E-02 -1.08429220265833265E-01  2.68107322412050597E-01 -6.73858846115212295E-01  2.37726851929669636E-01 -7.52691382368531336E-02 -1.08556905407013016E-01  2.45202478454039696E-01  3.19397159283592247E-01  3.40893886920210387E-01 -8.16145121801829937E-02  3.96841039604918677E-01 -1.10875231813596445E-01 -2.56877789529115108E-01 -2.30812967817417364E-01 -2.13051193441816694E-01 -4.04115415021726820E-01 -2.26644277908634284E-01  3.46054567659139445E-01  5.70364832285018188E-03  1.67311908112743352E-01 -1.08092593373272705E-01 -2.29127206987293580E-01 -1.69033947786321914E-01 -3.06630870283932822E-01  3.79171394421843402E-02 -1.80848223372429784E-01
 -1.27661910853298106E-02  2.89892943079022913E-01 -2.71733885996129909E-01 -7.87610132507380184E-02  1.55488852633707542E-01 -2.15534522503712883E-01 -3.22310907060853247E-01 -1.07520177323644939E-01  3.06135034964042929E-01  1.63405218270471941E-01 -3.66376249468642945E-01 -2.99104299116373373E-01  3.11084161492021838E-01 -8.30977250304081178E-02 -3.28577878752757069E-01  1.68127329707913636E-01  3.34930542208758397E-01 -1.26479872549019212E-01  2.52145660274160910E-01  1.66321791097107763E-01 -4.52844183425328076E-02  1.64065338155435420E-01  5.56488515767817743E-02  4.68159127366324628E-03 -1.62913501116639381E-01  3.38697125327571791E-01  8.31648583954952142E-02 -2.24884800561326148E-01 -1.25151777965129996E-01 -1.48928747741872453E-01  5.55982700726290260E-02 -6.18675049027754276E-02  6.26580133780607704E-03 -3.35908767415137366E-01  4.79904203725345646E-01 -2.70156375044092900E-01  7.63309081430552094E-03  1.11699230141545119E-01 -2.15666228332028226E-01 -2.51799238964177281E-02  6.63442392748293253E-02
 -8.09402278165412409E-02 -4.30285468666276594E-01  1.27582330574148139E-01  2.14853009654474486E-01  4.27505833693141601E-01 -5.76139338117659383E-01  2.91174382451045266E-01  7.71821595690693873E-03  1.34115976733129943E-01  2.19138960519649817E-01  5.39903374939832870E-01 -1.76746022770769423E-01  8.42587202407626967E-02 -4.81728415930008369E-01 -2.89457908740948400E-01 -3.88747047631121334E-01 -2.65981952987739204E-02 -7.53356590162378020E-02  1.13915453322703308E-01  2.13212866380653371E-01 -1.43301993958565382E-01  2.89981490170905687E-01  4.28353339003185563E-01  7.49472039066881035E-02 -2.07848582559417017E-01  5.00607112413627986E-01  1.15314873087356773E-01  3.89987343478321535E-01  3.07859402370619199E-02 -3.57697534402384165E-02 -1.28518884192556027E-01 -3.93181419400630061E-01  3.78736730897224622E-02  6.92526590112788193E-02  5.19491316742421994E-01 -3.29690456450186076E-01  8.75945402539400064E-02  4.93687039303966624E-01 -2.66678278396546953E-01 -1.16530205149648375E-01  1.11837758022545877E-01
  1.20604425419914042E-02 -8.58787369463613476E-02  4.17708236156841328E-01  2.08706521997689215E-01 -2.00838666003067601E-01  3.14994343999927484E-01 -9.39889856687616959E-02  2.56347411149135569E-02  5.07885643937099757E-02 -5.08373237713880211E-01 -9.51955541131471600E-02 -1.69196651193352365E-01  7.41669002206207933E-02  8.59693809422007738E-02 -1.72450578729932247E-01 -1.90702922447784112E-01  2.05085495377050009E-01  4.38347319429207405E-01 -4.04525574876849647E-01  1.79435049518157558E-01  2.64015365310654448E-01 -3.32056997612081517E-01 -8.10147467389797260E-01 -1.66602080012527382E-01  3.01981224341524968E-01  6.65623204828395959E-02 -2.68580933796515209E-01  7.75887205502248239E-02 -4.56794725582696653E-02 -1.67254347654107766E-01 -9.11409398046720276E-02  2.18760176858873341E-02 -1.03430389817554841E-01 -2.03322795407082285E-01 -1.93591151600734784E-01  4.28194162673077999E-02  1.00185183194020117E-01 -1.36421311428397946E-01  2.88262520563742908E-01  3.82861866993409253E-02 -4.95580328108139734E-01
 -2.43604192363343269E-01  2.03870326556668424E-01 -1.09286039445927829E+00  1.71876725985811246E-01 -1.32301835700670584E-01 -2.60484011185280251E-01 -2.65726792946063106E-01  2.64890838584414201E-01  1.75479694891475774E-01  1.51757728134980757E-01 -3.73871631445167496E-01  2.50522051266445389E-01  1.09816894185742225E-01 -1.49821483739968286E-01  3.29843172515417005E-01 -4.70002778840152707E-02  3.79208547561239395E-01 -1.58654274694486785E-01  4.13469672054712356E-01 -2.17978825031456019E-01  4.14164380981719704E-01  7.32467909661333877E-02 -6.07341796565397801E-03  4.94872064408977963E-02 -1.11868894055395282E-01  8.40007425126856611E-02 -6.36107265833906310E-01  1.00651811150585982E-01 -2.27482178762937540E-02  4.10680528937734712E-01 -3.05151746891592426E-02  1.61280287424872493E-01  2.96734992547313392E-01 -8.40935827508366845E-02  6.03319803353457362E-01 -6.68613736149295868E-01 -5.44496744547385614E-01 -3.44680191037650963E-01  1.69512779393652335E-01  2.38885190332758478E-02  1.22921782290883866E-01
 -2.68637289094242504E-01 -1.38006106168986648E-01  2.69305596899779731E-01 -3.77886172668518983E-01 -3.10904509033153968E-02  5.64918799133933072E-02  1.54317175244877647E-01 -2.11807293113483286E-01  1.55548600501643597E-01  2.82390721320209953E-02 -1.07907963998642054E-01 -3.43049189618194139E-01  4.67846374434418497E-02 -1.69148544653119848E-01 -2.39921565131919562E-01  1.01613916191438530E-01  9.89080843751676264E-02  3.20421379376566617E-01  7.11619995932068206E-02 -8.65157377658202636E-02 -3.89795232803191866E-02 -3.04532946295284990E-01 -1.47764542294610168E-01 -2.03652805334123166E-01  2.61122391722693081E-01 -1.74662788953772949E-02 -2.40546264920013325E-01  1.66706483432226882E-01 -2.63277699056218950E-01 -2.67696911292721940E-01 -2.90983826884220420E-01  2.52073485461424496E-01  2.74993983750852877E-01 -1.55224725987705148E-01  7.50255246066690445E-02  1.53179135693237378E-01  5.31280397744799265E-02  5.81236571519486503E-03 -8.93133558826334634E-02  2.10639351847825451E-01 -5.22996338029923895E-03
 -2.02660022278285473E-01 -2.55293629904325137E-01  4.92519209041186734E-01  1.42396188623029885E-01  4.71952976893881493E-01 -1.54349915877738331E-01 -1.64533781718306071E-01 -9.59539464777491302E-02 -1.50950859124954179E-01  4.29015702392903098E-02 -2.86805863471808475E-01  1.68925388347232225E-01 -1.00488214233860354E-01  1.97582792861802192E-01  3.14601484923178798E-01  5.78818435220059602E-01 -2.12302102488078848E-01 -6.12286411558121899E-02  3.81393313162802949E-01 -2.83022707303265744E-02 -5.18245645860677326E-02  2.27204987525225603E-02 -1.27096402526056616E-02  2.82336477771197747E-01  6.51763786792178001E-02  9.41048653017624581E-02 -1.35455914485273152E-02 -2.59703040889222525E-01 -4.93625475732843433E-01  1.65203750367260739E-02  5.87932333637840476E-01 -3.90417519754884201E-01 -1.93942760659703395E-01  4.55149655739584713E-01  5.01386104721879056E-01 -3.54148306191694115E-02  2.52282406817650628E-01 -4.56440135887831860E-02  4.66731998238158197E-02 -3.64886927629435531E-01  5.70938116394794082E-01
 -8.16789306263547982E-02  6.42792788985886571E-02  8.07767992527610001E-01 -3.08198049949984898E-01  1.25349403402939763E-01 -2.43453194042581422E-01  3.01445316801361884E-01 -1.79082157647694196E-01  2.71484421011945337E-02  5.16642092606210621E-02 -9.05910185659703493E-02 -6.15390540216746551E-01  3.87312813756144125E-01 -3.00720992943484866E-01 -4.79868938872797177E-02 -4.54347139363813990E-01 -3.47780803829658203E-01  2.39173403085451958E-01  2.42306403599557990E-01  4.39597153137495755E-01 -3.30410622231784634E-01  3.28862813349085847E-01  2.37153747408406362E-01  1.51200060808495407E-01 -6.48687515515302977E-03  2.66153759700023362E-01 -1.52338901461817638E-01  2.08002781474354637E-01 -2.68111633706877961E-01 -1.33342304568766667E-01 -2.58045894355222794E-01 -4.01323074292664284E-01 -1.46406403913692165E-02 -3.09589347580677077E-01  4.19008513938471827E-01  9.07681740923402258E-02  1.35149045392737061E-01  4.35560898620759585E-01 -1.21533703993925074E-01 -2.01949527101505766E-01 -6.06734627286957817E-01
 -7.37436653723941432E-02 -6.93530986994692483E-02  3.74658149157959142E-01  1.25482350540683518E-01  1.38976506676603190E-01 -1.06574156596336664E-01  3.89880821240838227E-01 -3.08687230551280667E-01  3.03943737624420805E-02 -6.08925910006661505E-02  1.62092272834800849E-01  2.69622311501070550E-02 -7.15000694204693671E-02 -1.00759992919192617E-01 -1.49173594691021150E-01  1.35714254256742384E-01 -1.77056304052408270E-02 -8.78014379503721520E-02 -2.20105454707066363E-02  1.18511613462717894E-01 -5.54114922575042329E-02 -1.93046806665107651E-01  1.16372500014275543E-01 -5.05794353589779991E-02 -1.69433235788523873E-01  7.63499619302624444E-02 -2.79267705794581822E-01  2.83127534692047544E-01  5.82979882026519181E-01 -1.04138256696819878E-01  5.29722363892543791E-01 -2.41167074360886413E-01 -9.65591866370737184E-02  2.00953864028863921E-01 -3.55401959940107037E-01  7.56676050144569623E-02  1.76328745634380807E-01 -1.19338159234424132E-01  6.73824204649817182E-02  7.94538929264334975E-02 -1.62341506435390942E-01
  2.85152620458630379E-01 -2.02617987348995193E-01 -5.53985704771657095E-01  6.95517821366986172E-02 -2.37686714792277209E-01  1.29339867812682835E-01 -1.70098960845277120E-01  4.47143397233208395E-01  1.32888621163988058E-01 -1.74473014428707857E-01  2.38470503636247166E-01  1.10883837048247447E-01 -2.54526305536530328E-01  1.85557320333534642E-02  8.19432087839654238E-02 -1.74920943194533884E-01  5.50188891474199179E-02 -2.71124710963865478E-01 -9.56962618707484641E-02  1.14161210539052912E-01 -2.70518434835416433E-03  5.27909097256307414E-01  8.09003584233713019E-02 -1.16099241668855907E-01  1.59532200298168642E-01  1.09855427209448936E-01  1.04690573188306352E-01 -1.94510448346819964E-01 -3.85944317453666766E-02  2.15539651930298726E-01  1.07736727977002802E-01 -1.26805541478998418E-01 -4.15384521662401363E-02  1.37615461403872957E-01  8.01898995600850290E-02 -1.32528852831667376E-01  1.06068751100443212E-01  4.78069655504283486E-02 -2.37061978774916540E-02  1.09852845123731502E-01  2.18739868228059714E-01
  1.17304697236924438E-01  1.24256934583488923E-01 -1.94742917801220772E-01 -1.18135867062997470E-02  2.38926390459060112E-01 -3.40759128574497194E-01  3.34378598450856294E-03  2.73788687438916538E-02  2.50367666067639771E-01 -8.44223393526586374E-02  1.61777073169698915E-01 -1.89203878368936040E-01  1.93653324463377990E-01 -2.88876212808956645E-01  1.71218417197550599E-01 -5.70772708087793124E-01 -1.53577506765638860E-01 -1.47536683944730102E-01  3.15281601452996274E-01 -1.34908057777121726E-01 -1.55287935579742187E-01  2.82872991821585817E-01  4.16009610528039475E-01  4.21134586787977813E-02 -4.76819000303597029E-01  1.97447333161419658E-01  2.68653742441137544E-02 -2.96960918856080114E-01 -1.18777336326887184E-03 -9.70692118034601620E-02  5.53415518680765994E-02 -2.80966753692402857E-02  7.47362917314123854E-02  1.97169821395765998E-01  8.91270167377911232E-02  1.17771797794437499E-01 -5.44373416701001769E-02  1.32864213463327191E-01 -4.77936887753500017E-01 -3.87519307993229645E-01 -3.61255023040131684E-01
  1.97147006097598519E-02 -1.86678308839769963E-01 -1.25230254020669896E-01 -2.84239168322049707E-01 -2.81037629122779908E-01 -5.41386476637699607E-02 -4.55928788865640755E-01  7.27764815481780486E-02 -4.01809285456439028E-02  1.67364090412836813E-01 -2.32011688087378654E-01  7.75251153339942128E-02 -6.52925124353170072E-01  2.30919132096534890E-01  6.34832832465161978E-01 -4.50362184959523737E-01  5.29258358999148637E-01  4.72247863074338886E-02 -5.04120945648317276E-02 -1.51255720706138436E-01  8.59711800374486690E-01 -2.76927014409143635E-01  4.82758742469445862E-02 -4.13929416276277384E-01 -1.10396359449377077E-01 -3.17845729960417711E-01  6.08563583326573593E-02  3.30384489528065192E-02  3.42658099058463339E-01  7.58044015147888947E-04 -1.83938549973222176E-01  6.66695752294827026E-01 -3.11049275093236710E-01  2.25302056804853636E-02 -4.68480007927336017E-01 -5.15873724505175324E-01 -7.74607006169148599E-02 -4.73312932857282043E-01 -2.12311985078688370E-01 -2.09482677170621440E-01 -6.18307647500480201E-02
  2.12582217272521523E-01 -6.07434734570332160E-02 -2.21387442897730630E-01  4.91884047129733659E-02  3.66809698768430503E-02 -1.78728976999222466E-01 -9.60473543562432169E-02 -2.25145324847186912E-01 -7.32905184937208132E-02 -9.08859481324096469E-02  3.50329760113185854E-02 -1.24604502944186443E-01 -1.01796874764768980E-01  1.41316510577230037E-02  5.77739871786035059E-02  1.25944142602301568E-02 -1.14275678617936249E-01 -3.82618372667589746E-01 -1.83475093738121348E-01  6.92771620519470749E-02 -4.01460878871637783E-01 -2.44044681514443168E-01 -2.50053213835073652E-02 -1.85834752129847541E-01 -1.50516351082649241E-01 -1.59677804074495416E-01  4.73056488317038365E-02  6.08600184418079601E-02  1.06905583907762669E-01  1.72235147012340384E-01 -5.37582269360329726E-02 -2.08571871280226306E-01  1.43752940657850187E-01 -5.97116130146045782E-02  1.90486476090110796E-01  3.03634018649925119E-01 -1.75215749964166584E-01  2.08201847325829220E-01  2.61104696151529758E-01  1.37573090619371813E-01 -2.99403319266198620E-01
  5.02894053680845304E-02  3.10911002381751437E-03  3.87214060436731788E-01 -1.67954230478601307E-01 -1.92589318201675630E-01 -1.04429048018094758E-01 -1.55985363592036658E-01  4.70205526708298627E-01  4.03674132093076454E-01 -3.28471656835146564E-01 -1.53863363705122862E-02 -2.81893840200746482E-01  2.77214725790999150E-01 -6.87948939356450434E-02  1.21977345350847047E-01 -2.64694648861009740E-01 -2.65886339663075413E-02 -6.58808296300708696E-01 -1.59745445359412458E-01  3.75483333574380823E-02  1.17775407822789224E-01  4.38049597842076532E-01  7.23662492065562934E-02 -2.29916907935195369E-02 -3.47408377553802439E-01  1.82212771140034729E-01  1.90187656645153746E-01  5.69559018928497918E-01 -1.95202455811355369E-01 -1.32806758383248753E-02 -4.10893419671236881E-01  1.57317452726806029E-01  1.71664295360527713E-01 -1.71075402641330032E-01  1.31130508902742055E-01  3.24180647750452966E-01 -4.80079958362831516E-02  1.11341135842216568E-01 -4.70313958508843444E-01  7.24361888342478916E-02  7.30278670975249063E-03
  1.43872183273424641E-02 -4.01929183296959758E-01 -1.37087251268291604E-01 -1.60807692092654692E-01  5.32002909481758213E-01 -2.90812323242762849E-01  8.98753953857074975E-03 -2.52570649078679432E-01  3.23031385641073393E-02 -2.87170099173211756E-02  4.32531143673460572E-01  3.61922575119056400E-01 -1.19136256631434748E-01 -9.28846007269664049E-03 -2.14420560198906957E-01  4.85335270875418417E-02  9.86930164439845381E-02  3.52080274105643215E-02  3.58417718395546314E-01 -4.86802803738963646E-02 -3.51930901726814294E-01  6.13510065574887770E-02  7.17690433105959771E-03  1.40765503668024816E-01  2.50847935026106694E-01  1.67613495328220036E-01  2.47612653483189671E-01 -2.37082109804671259E-01 -1.68318709073880080E-01 -2.10324053749642914E-01  3.62664115830760650E-02 -3.77326777852956485E-01  4.01447794388215262E-02  2.40045086727671886E-01  5.53422801026707267E-02 -1.00570293802742915E-02 -8.82292068921968764E-02 -3.96849395369164651E-02 -1.69383706937844797E-01  2.98960691005293822E-01 -1.10094660172103925E-01
 -3.13606181197607581E-01  2.45821434896475816E-01  4.46172404285447466E-01 -3.16665371572388332E-01  1.91825507228040093E-01  2.69226394170693321E-02 -1.61354379984788521E-01  3.78788096800798946E-02 -1.71331636509020280E-01  1.47778534555985053E-01  9.00451417978874319E-02 -1.49964479068700557E-01  1.36687293496437379E-01  1.71855556925221031E-01 -2.03994554750704299E-01 -1.57073583755448748E-01 -2.79602269742060816E-01  2.86221244231211813E-01  2.31185143761521661E-01  1.33619726941382383E-01 -1.09735406780139794E-01  1.21243072182795099E-02  6.88073330502979308E-03  2.58485661272757294E-01  1.76083148294582659E-01  3.96001643284589061E-02 -6.49755556013600216E-02 -1.34024115187822229E-01  3.48619598759175753E-01  6.72453491562195055E-02 -2.14972578215740201E-01 -3.53836672114229023E-04  5.67311849317414935E-02  2.07337947835053354E-01 -3.33223912825131238E-02 -8.84113445662041419E-02 -1.78608651639825311E-01 -2.70750236367305386E-01  9.44212595360520851E-02  3.14311067274068212E-01 -2.94401288622720025E-01
 -5.40394090272320812E-02  9.27868343817765950E-02  5.90295521714885862E-01  3.40520832205361210E-02 -7.91318526889943225E-02  3.79004488375655688E-02  1.71950068780719084E-01  2.23386143478008260E-02 -4.01533401467548123E-02  1.08911854630439509E-01 -1.80951935921116053E-01 -1.47668236239422296E-01  2.41897536714755168E-01 -2.13934346598513778E-02  1.07042288004819391E-02 -1.15832015706995264E-01 -1.17138576426423446E-01  1.03041090400673482E-01 -4.22797816118107433E-02 -7.09073794601010055E-02 -2.51544135520987366E-01  9.80652092886746818E-02  2.85591759209143370E-01 -2.70493300873452580E-01 -9.34357300793585248E-03  4.97664747644420910E-02  3.18609881633004077E-01  1.05028629627537839E-01 -3.04374679753599163E-03 -7.24204280523157717E-02 -1.54979903649003881E-01 -3.31302568528075658E-01 -1.72830252479555357E-01 -1.87637882619123869E-01 -1.51775751786808799E-01  1.45041314032435309E-01 -2.41036421325866272E-02 -1.18423411370943241E-01 -3.80695088547922250E-02 -1.45603632808428723E-01 -2.01322455569052622E-01
  1.37210541984709000E-01  7.79960028958630730E-02 -2.43279754786556363E-01  7.17497322612456467E-02 -3.09142801051048688E-01  7.88325471766317641E-03 -1.03612774077417526E-03  9.89871553029140067E-02  2.07441865336202930E-01  5.63424599404087692E-02 -4.86532154200759570E-01 -3.10355262369038321E-01  6.17028909269613957E-01 -3.31842735463763056E-02  8.11905779277074524E-02  5.42777626187146700E-02  1.37860739475401728E-01  2.48680175599158254E-01 -2.47291013468775828E-01  5.26245258434163837E-02 -1.17809871632691313E-01  1.94037608815305962E-01  1.00194474872330061E-01 -8.33904228038607337E-02 -7.80497787571613616E-02 -1.40644841870918025E-01 -7.47816571813258446E-02 -2.34604497256553635E-01 -5.49981167039068075E-01  5.67643050684348976E-02 -1.05407300851476898E-01  2.37722073367772846E-01  3.95382592859602477E-01 -1.28354965544608179E-01  1.73848029513337360E-01  2.35023917355277501E-01 -1.12990960839581239E-01 -1.96243713899555486E-02 -1.90179827731372819E-01  1.56791341343280904E-01 -1.49798408105997011E-01
  1.69647828850178012E-01  2.15189456021596420E-01 -3.37958481606257743E-01 -2.39981130405937798E-01  3.55795606925144337E-01  2.52854712476497767E-01  1.09280543319593332E-01  7.38915047411443232E-02  2.30678120920732699E-01 -4.16157584202950348E-01  1.14996046624769074E-01  3.13502402173677253E-01 -4.54129299522746527E-02 -2.84845666285002685E-02  1.80097146848190087E-01 -1.25967428385039080E-02 -3.71107607353428404E-01 -3.03547703254698320E-01  2.41878673173011038E-02  3.18831038245763088E-01 -2.25688584822567873E-01 -7.53516557505748003E-02 -7.04546652568013576E-02 -3.89037656451544978E-01  1.87430140000095280E-01  2.77582100103272167E-01 -3.18023388288634745E-01 -9.27276488003808408E-02 -2.31615972496790356E-04  6.21654748536826784E-02 -2.33195015132870775E-01  5.34144930308918728E-03 -1.31038158459759330E-01 -8.35349388705283052E-02  1.49863218907141826E-01  1.01478048104610669E-01 -1.30574931141625106E-01  8.66615649092909029E-03 -9.54291732002570253E-02  1.29577772105037070E-01 -4.04442772344823342E-01
  1.30173672490411840E-01 -1.05767100443454956E-01 -2.76514864727264685E-02 -2.73992993230961157E-01  1.98354591209325193E-01 -3.68997101106011485E-02  2.89834169295208444E-01  2.48086835326848221E-01  8.94509312872812379E-02  1.65769448313408230E-01 -1.73061438544660690E-01  9.63461377318591272E-02  2.28589416896966768E-01 -8.35993242513354273E-02 -1.53807139207294240E-02  2.92287515330768688E-01  1.51811383301538649E-01 -4.18725695227325084E-02  1.49761417947184616E-01  1.47886814753159818E-01 -2.20612243064662567E-01 -9.65078671021414418E-03  3.70795122529715804E-01  5.25642865171334628E-02 -2.18200712917864775E-01 -8.30855566460115408E-02  3.50634096195773862E-02 -2.16867261888112811E-01  4.48833171767615800E-03  2.14161010144822833E-01 -4.83687843681504040E-02  1.76034992003877219E-03  2.03484205868882731E-02 -1.22636106645147829E-02  3.00762607946994442E-01 -6.52992102110253186E-02 -2.10794799243269437E-01  1.86835309710761149E-01 -3.03629270314623279E-01  1.27727979760733995E-01  3.68886040369100499E-01
 #l=           4
 -1.81341783931573353E-01 -1.75142909594966562E-01 -5.12592845312057732E-01  2.66576267390996269E-01 -1.25780337410339754E-01  1.83376011326390670E-01  1.80540854760350006E-01  3.83402107832031471E-04 -5.01591757955217113E-02  2.69144585691877603E-01 -1.20994933347169948E-02 -6.15945768579920991E-02  2.90354982375991777E-01 -2.01038358176017506E-01 -4.57332802270084549E-02  1.65873757482320888E-02 -2.62240099239361563E-03  5.24374995728229099E-01 -1.85733516889470228E-02  3.83522941061540390E-01 -7.96935987200399210E-02  1.84331350460025939E-01 -8.72638558951609328E-02 -4.13353401383187713E-01  2.49826489889384884E-01  2.28768773613792442E-01  1.36474662620145293E-01  3.57086125710950664E-01 -4.43963847555031155E-01 -1.17855040668411723E-01 -1.18958596685264414E-01 -2.29233098593162044E-01 -6.42339177023068975E-01 -5.81002997511014842E-03 -1.25620097406671308E-02 -5.92787957461855981E-03 -1.16501704105573631E-01 -2.16541337223136489E-02  5.79090883803889511E-01  3.59877058441408992E-01 -2.27341120249894314E-02
  9.68480031252291207E-02  2.47721582659911316E-01 -1.58531426597291442E-01 -1.61735728584500339E-02 -4.03092760320276244E-01  1.50514314334400628E-01  2.85152999256892525E-01  9.90784203539445043E-04 -1.39849954561270778E-01 -2.93774910745833950E-01 -2.53138932858522181E-01  3.50300259660880187E-01 -4.64696165486783608E-01  6.07144176841110550E-01 -1.60629382050596653E-01  1.47064269114266982E-01  1.71090470865632466E-03  1.76368710609952455E-02 -1.14226377087518302E-01  2.12922449459920005E-01 -2.84857059742756880E-01  1.97930804317622361E-01 -3.42208629736890424E-01  1.83934696028972777E-01  2.00179194271491639E-01  2.37235747825325395E-02 -1.05599556068952119E-01 -2.22432274772940752E-01  6.85710744991712473E-01 -5.18799708791551836E-02 -1.88089971077055856E-01  5.33519785686078829E-01 -2.21713110952480585E-01  1.30644542180824025E-02  2.81139190741384548E-01 -2.19229303270673359E-01  2.55320365627925538E-01  2.03334025718837352E-01  4.41977383763981879E-01  4.49264008805271675E-01 -2.45088884975646903E-01
 -3.13194878581427472E-01 -2.79756019753589991E-01  4.22318680540779076E-02  2.49778695974545856E-01  2.03852548668313760E-01 -7.43514740194154977E-02 -2.82509371106395735E-01  1.50598973768157371E-03  2.15675979843570509E-01  2.61285767464451202E-01 -5.75920993688125299E-02  6.86874984359590601E-02  9.35175358134987811E-02  1.15362998679385556E-01  2.06678094897317005E-01  3.17067476432300266E-01 -9.69216848528808590E-04 -4.21855135401125597E-02  6.68410518302320344E-02  1.10010409011438472E-02 -2.72458738969532155E-01 -2.46420174898339117E-01 -1.96068483787480291E-01  9.00116202519366665E-02  2.70789253375268768E-01  5.25522469175402906E-01  7.73841331570876562E-02 -9.50290063509565408E-02  5.25756347673271077E-02  5.87239344602129912E-02 -1.48822006099680909E-01 -1.11368608456029305E-01  3.27168452411725902E-02 -1.97245886581774894E-03  2.72105985982659448E-01 -4.25763886333695940E-01  1.60722078483737374E-01  6.33334280587858622E-02 -1.17494602393410016E-01 -1.79571845185145240E-01 -2.54009370846338012E-01
