   -1.1123925646E+00   -2.8358295102E+00    0.0000000000E+00    1.5141380179E-01    8.0784369566E-01    7.3400354117E-03    1.3320698310E-01    8.5516603887E-01   -5.2603924893E-02
   -3.1131116527E+00   -2.8013370281E+00    0.0000000000E+00   -2.9476550110E-01   -4.4554023378E-03   -4.0779953757E-01   -3.3359272784E-01    2.6844538054E-02   -4.4390731247E-01
    5.9384331531E-01    2.9518359858E+00    0.0000000000E+00   -1.2860758739E-01   -5.1324487680E-01   -3.2237063397E-01   -1.5632750079E-01   -5.4950663243E-01   -3.2566289389E-01
   -3.1371533682E+00   -2.4542019316E+00    0.0000000000E+00   -6.1391197559E-01   -3.4668137388E-02   -2.7631597628E-01   -6.3451637000E-01    3.4311314805E-03   -2.9868066731E-01
    2.0722994501E+00    1.8267339639E+00    0.0000000000E+00    4.4117778462E-01   -2.1979705693E-01    3.1258501792E-01    4.6508452360E-01   -2.2197963837E-01    3.5239942659E-01
   -1.2224643128E+00    1.8656426197E-01    0.0000000000E+00   -2.9786373775E-02   -9.0454184283E-01   -3.7715399097E-02   -6.3311299258E-02   -9.2363280666E-01   -4.1051110671E-02
    2.1151466267E+00   -4.0027723205E-02    0.0000000000E+00   -1.4549449865E-02    8.2784422792E-01   -1.7154981841E-01   -2.0723318085E-02    8.5477869793E-01   -1.3329005363E-01
   -1.3268527474E+00    2.6917528024E+00    0.0000000000E+00   -1.1423547347E-01    8.6604797428E-01    7.6346351771E-02   -1.0502296662E-01    8.7385517319E-01    6.5366103013E-02
   -1.6150983323E+00   -1.3345780097E+00    0.0000000000E+00   -6.3693606140E-02   -2.4049729578E-01    4.8448722703E-01   -4.3057648416E-02   -2.3379802158E-01    4.7163483909E-01
    2.1887636948E-01    1.5611653188E-01    0.0000000000E+00   -1.2496241612E-01    2.4893955146E-01   -4.6921818479E-01   -1.5177363887E-01    2.1449228487E-01   -4.6433913891E-01
    1.7229182611E+00    2.9046075456E+00    0.0000000000E+00   -1.2278809427E-02   -9.1858353948E-01    2.3500660918E-03    3.5576549094E-02   -9.6082473232E-01    1.6077632772E-02
   -1.7025159086E+00   -1.4545959284E+00    0.0000000000E+00   -1.3572046559E-01   -1.2909121222E-01    4.8799962773E-01   -1.3045331444E-01   -1.1493475397E-01    4.8465409612E-01
    1.7500815487E+00    2.3604727999E+00    0.0000000000E+00    5.9861100289E-02   -6.8773077518E-01    1.8495772386E-01    1.2555510551E-01   -6.9874321000E-01    2.3196073698E-01
   -9.9227971150E-01    1.4392796905E+00    0.0000000000E+00   -5.1348255227E-01   -1.1042830823E-01    3.4533630520E-01   -5.4206060399E-01   -1.0979838339E-01    3.4191586240E-01
    3.0532566176E+00   -2.8651826205E+00    0.0000000000E+00   -2.4503786299E-01   -6.6078102170E-02   -4.1867122829E-01   -2.7183964150E-01   -8.4872438649E-02   -4.5887029064E-01
   -2.3397887149E+00    2.9704820239E+00    0.0000000000E+00    4.4253178070E-02    6.7814051390E-01   -2.2297735472E-01    1.1841249129E-01    7.0811732029E-01   -2.2730147890E-01
   -5.9024006431E-01    5.2966704218E-01    0.0000000000E+00   -4.3491212827E-01   -5.0906426046E-01   -2.3154426069E-01   -4.1976198931E-01   -4.8029797691E-01   -2.1748343481E-01
   -2.5737690652E+00    1.0752434484E+00    0.0000000000E+00    7.8677642926E-01   -2.5103877633E-01    2.6542715266E-02    7.4165671509E-01   -2.5573289362E-01    3.1554856921E-02
    2.7534482355E+00   -1.2667329477E+00    0.0000000000E+00   -8.9198215340E-01    1.5728246209E-01    6.0324744052E-02   -8.8315303145E-01    1.1331423998E-01    2.6800269228E-02
   -1.2700363456E+00   -1.6103134696E-01    0.0000000000E+00    5.5731434245E-02   -9.7431493587E-01   -1.9844745118E-02    4.7499011702E-02   -9.4275481528E-01   -3.1027029515E-02
   -2.9678725263E+00   -4.3226846033E-01    0.0000000000E+00   -3.9432795401E-01   -1.5327826617E-01   -3.7361023508E-01   -4.1262615935E-01   -1.5694875426E-01   -3.9730996477E-01
   -3.5841306274E-04    1.2198331489E+00    0.0000000000E+00   -9.8019464866E-01   -1.0567790675E-02   -8.7986678909E-02   -9.3904194525E-01   -1.2322327975E-04   -5.9099991661E-02
   -1.1655696737E+00   -1.6211229905E+00    0.0000000000E+00    3.9489800017E-01    6.0023561820E-02    4.2369995266E-01    3.9372792915E-01    4.6231340268E-02    4.2102719183E-01
   -1.5317094888E+00   -1.9920947616E+00    0.0000000000E+00    6.3850389041E-02    3.8006989430E-01    4.2444635725E-01    3.5659953125E-02    4.0863334549E-01    4.1561820758E-01
    1.5057895418E+00   -6.3235541526E-01    0.0000000000E+00   -2.0993635974E-02    7.9977534864E-01    1.4814609384E-01    3.8394968354E-02    8.0493381004E-01    1.7255793477E-01
   -3.9635084127E-01   -1.9053737711E+00    0.0000000000E+00    8.9895793445E-01    1.2182623108E-01    3.0341041062E-02    8.7132383312E-01    1.2676879724E-01    2.0605646990E-02
    2.1718206571E-01   -2.4902905550E+00    0.0000000000E+00    5.9264159512E-01   -1.8298097993E-01   -2.5997206525E-01    5.9198141531E-01   -1.7136919285E-01   -2.9303161238E-01
    1.0228857207E+00    9.2130148052E-01    0.0000000000E+00   -4.9133179346E-01    4.8725431387E-01    1.4138682550E-01   -4.1484308961E-01    5.1625270587E-01    1.8144712464E-01
   -1.1795277998E+00    2.5762869607E+00    0.0000000000E+00   -1.8526395759E-01    7.8827706416E-01    8.3676960106E-02   -2.0428536716E-01    7.8060835254E-01    7.0755052639E-02
    2.0685744166E+00   -5.6217511380E-01    0.0000000000E+00   -2.9500723978E-01    7.6398765578E-01   -3.2226905076E-02   -2.5450716184E-01    7.4342006627E-01    2.8068402592E-02
    1.5122950623E+00    2.9954219882E+00    0.0000000000E+00   -2.8863149322E-02   -9.5578037640E-01    5.0955871814E-04   -8.5158913485E-03   -9.8764360749E-01    8.8978170373E-03
   -1.6033605208E+00   -1.9348239794E+00    0.0000000000E+00   -3.5697467177E-04    3.2223202826E-01    4.3762018222E-01   -3.0424897467E-02    3.5585207213E-01    4.3608743662E-01
    1.9027224900E+00    9.9388295297E-01    0.0000000000E+00    2.7435805109E-01    5.3608051810E-01    2.6744592623E-01    2.7312353090E-01    5.1566744817E-01    2.9815399758E-01
    2.5388003249E+00   -3.9257397816E-01    0.0000000000E+00   -3.1229729603E-01    5.0197270102E-01   -2.6606441522E-01   -3.1514245829E-01    5.2381590676E-01   -2.6610767350E-01
   -5.0807005031E-01   -9.8591337986E-01    0.0000000000E+00    6.9196529168E-01   -3.0777983145E-01   -3.1207685806E-02    7.2845824353E-01   -2.6859309616E-01   -3.4070967143E-02
   -3.4799195459E-01   -2.0912905958E+00    0.0000000000E+00    8.3820028573E-01    1.5904568358E-01   -5.0735670943E-02    8.1557058266E-01    1.6958775159E-01   -6.5513939602E-02
    3.0913400026E+00   -2.2502724449E+00    0.0000000000E+00   -7.7329956958E-01   -2.0310697173E-02   -1.9874627515E-01   -7.7692000277E-01   -3.1564752160E-02   -1.9617261755E-01
   -1.8302013177E+00   -3.1943042767E-01    0.0000000000E+00   -1.0091461579E-01   -8.9244856939E-01    1.4010789572E-02   -8.0549356635E-02   -9.1764965769E-01    1.6408583039E-02
    2.4136720001E+00   -4.3689444722E-01    0.0000000000E+00   -3.2129946681E-01    5.9184098542E-01   -2.0806768587E-01   -3.1588995153E-01    6.0282538176E-01   -1.8915699231E-01
   -1.4767242269E+00   -1.2534625334E+00    0.0000000000E+00    5.9654535921E-02   -3.1756462233E-01    4.6550339098E-01    8.9243386325E-02   -3.1065492129E-01    4.4690546508E-01
   -2.3098397369E+00    3.0616687180E+00    0.0000000000E+00    3.0615848551E-02    7.3168114451E-01   -2.2576532192E-01    5.3777962921E-02    7.3675382727E-01   -2.2366868808E-01
   -1.4410390139E+00   -3.2639559165E-01    0.0000000000E+00    3.3548099779E-02   -9.7338663721E-01    5.4937422621E-02    4.1487568172E-02   -9.3924134138E-01    4.3030782759E-02
    2.3354052408E+00   -2.5975568967E-01    0.0000000000E+00   -1.7708484127E-01    6.7585927254E-01   -2.3016053819E-01   -1.7780180594E-01    6.9744367022E-01   -2.0662383552E-01
   -1.7932680256E-01   -3.1269224813E-01    0.0000000000E+00    3.0547265525E-01   -1.7471392050E-01   -4.4462247790E-01    3.0268842611E-01   -1.6971797634E-01   -4.3677709183E-01
   -1.3093033076E+00    3.1201618530E+00    0.0000000000E+00   -2.2980787794E-03    9.6215184744E-01   -5.5065759621E-02   -5.5399330062E-03    9.6578325046E-01   -3.3187493092E-02
    1.6426702708E+00   -1.7743638111E+00    0.0000000000E+00   -1.2142372458E-01   -2.2616629650E-01    4.5674509357E-01   -7.0329273174E-02   -2.0164247906E-01    4.7698628408E-01
   -2.7255017234E+00   -5.5813991737E-02    0.0000000000E+00   -6.0175593203E-02   -3.2811979773E-01   -3.8455119123E-01   -5.1025212525E-02   -4.0355861813E-01   -4.1676003883E-01
   -1.7727122083E+00    1.7519624615E+00    0.0000000000E+00    2.1829622172E-01    2.1804510860E-01    4.3249540045E-01    1.9726456031E-01    1.7651630241E-01    4.6365868944E-01
   -3.1173018267E+00   -3.5822467464E-01    0.0000000000E+00   -3.3453023882E-01   -6.2867357812E-02   -4.2971496563E-01   -3.5050872438E-01   -2.2746626358E-02   -4.3824059334E-01
    7.4463707742E-01   -2.7301367005E+00    0.0000000000E+00    2.8962081023E-01   -6.0871357977E-01   -1.5910545447E-01    2.9409252303E-01   -6.2114338512E-01   -1.9038029859E-01
    1.0097841023E+00   -7.2622746017E-01    0.0000000000E+00    3.3260742683E-01    6.1089433706E-01    7.6585243312E-02    3.5330547792E-01    6.3307750162E-01    7.8948492474E-02
   -1.7486600011E+00   -1.6514674007E+00    0.0000000000E+00   -1.5757862736E-01    4.8304570160E-02    4.7248099269E-01   -1.7635196215E-01    7.9312309633E-02    4.8110149679E-01
    9.6092203196E-01   -1.7762902935E-01    0.0000000000E+00    1.0764442124E-01    8.0866966760E-01   -1.6404872621E-01    1.0120541586E-01    8.0682205783E-01   -1.4841873104E-01
    2.0089456892E+00    1.3787424883E+00    0.0000000000E+00    4.2746900496E-01    1.8945208736E-01    3.6903053448E-01    4.1646396270E-01    1.7284497502E-01    3.9178316844E-01
   -2.2642792755E+00   -1.0918236933E+00    0.0000000000E+00   -5.5299987562E-01   -3.6795065745E-01    1.9011019899E-01   -5.6728743129E-01   -3.5441843900E-01    1.8949969720E-01
   -6.8186732865E-02    5.2262047118E-01    0.0000000000E+00   -5.4990785632E-01   -4.6639062310E-02   -3.7112866226E-01   -4.9799258642E-01   -5.9038993844E-02   -3.7310226406E-01
   -3.0369560205E+00    1.3674100861E+00    0.0000000000E+00    9.7671580345E-01   -4.2716577804E-02   -1.0975307247E-02    9.7403153298E-01   -2.1096685378E-02   -1.4944897110E-02
    3.0570555086E+00   -3.1081769365E-01    0.0000000000E+00   -3.0254579761E-01    6.5895942010E-02   -4.4213599010E-01   -3.0474506478E-01    8.0390614638E-02   -4.4966702740E-01
   -6.8982195525E-01    9.2207465135E-01    0.0000000000E+00   -6.5184398708E-01   -4.1727463896E-01   -2.3194098561E-02   -6.1466291006E-01   -3.8449259233E-01    1.9992746216E-02
    2.1812723641E+00   -3.0961266868E+00    0.0000000000E+00   -7.3482834851E-03   -7.8955891476E-01   -1.5240119643E-01   -2.6054731296E-02   -8.1852847717E-01   -1.6327926039E-01
   -6.9140528684E-01   -8.5949039770E-01    0.0000000000E+00    5.4002836796E-01   -4.7712704912E-01   -3.2815134960E-02    5.8354837162E-01   -4.1625361714E-01   -9.8094429972E-03
    1.2015335684E+00    1.7184026287E+00    0.0000000000E+00   -3.2774291228E-01   -1.8709380467E-01    4.3546438992E-01   -3.5700323599E-01   -1.3715738141E-01    4.2405057252E-01
   -2.5161417378E+00   -1.2143956176E+00    0.0000000000E+00   -7.1071298982E-01   -2.2884362387E-01    1.2944037983E-01   -7.5975381222E-01   -2.0426998916E-01    1.1051660836E-01
   -8.5207854451E-01    2.0421801472E-01    0.0000000000E+00   -1.1261634550E-01   -7.5078940004E-01   -2.0853516918E-01   -1.3352858546E-01   -7.3701040985E-01   -1.9619432654E-01
    5.9725363291E-01   -2.3968512141E+00    0.0000000000E+00    5.6279342716E-01   -4.1891532545E-01   -1.1835207894E-01    5.6044633087E-01   -4.1349265155E-01   -1.1217389430E-01
    1.0522353993E+00   -2.2253191788E+00    0.0000000000E+00    4.0555305239E-01   -5.2853792271E-01    1.7675273551E-01    3.9320296938E-01   -5.2874639018E-01    1.9186805574E-01
    2.8626734729E-01   -2.1915003669E+00    0.0000000000E+00    7.9154127827E-01   -1.7723749809E-01   -1.4024785014E-01    7.8036469494E-01   -1.6423066289E-01   -1.2926656162E-01
    7.0041720320E-01    2.7142405813E+00    0.0000000000E+00   -2.6466952457E-01   -5.2202089382E-01   -2.0721448220E-01   -3.1688695817E-01   -5.8657122125E-01   -2.0639663581E-01
   -9.6387272572E-01    1.2148182168E+00    0.0000000000E+00   -5.2135625715E-01   -2.8671113326E-01    2.5706245668E-01   -5.3458612653E-01   -2.8626617996E-01    2.7662564730E-01
    4.7059151320E-01   -9.2357933150E-01    0.0000000000E+00    6.9217422738E-01    2.8255085259E-01   -9.6403020381E-02    7.1104809471E-01    2.7339413375E-01   -7.8993604681E-02
    1.6387647493E+00    2.6417671599E+00    0.0000000000E+00   -2.7955088151E-02   -8.3513540745E-01    8.9425799003E-02    3.2550312457E-02   -8.7563971149E-01    1.1254471231E-01
    7.3183995619E-01   -1.9593235009E+00    0.0000000000E+00    7.1129318099E-01   -2.6442134075E-01    9.7174478911E-02    6.8849834357E-01   -2.5314638076E-01    1.5151759404E-01
    3.1136910406E+00    3.1216760134E+00    0.0000000000E+00    3.2373080103E-02   -1.4366026897E-02   -5.1008404987E-01    1.9907571974E-02   -2.7892459941E-02   -4.9941254094E-01
    1.4718826248E+00    2.1022289043E+00    0.0000000000E+00   -8.8008313576E-02   -5.3423726638E-01    3.4075652653E-01   -8.5132738411E-02   -5.0429178753E-01    3.6671663442E-01
    2.6695215978E+00    5.9165173443E-01    0.0000000000E+00    4.5332591762E-01    3.4708263529E-01   -2.2513350681E-01    4.9673264611E-01    3.7743675516E-01   -2.4107658091E-01
    8.7790819850E-01    1.0826343102E-01    0.0000000000E+00   -9.3697379415E-02    7.8423778746E-01   -2.1426639837E-01   -6.9019549806E-02    7.6489971929E-01   -1.9817081055E-01
    1.2822145345E+00   -2.2504014000E-01    0.0000000000E+00    6.6791455700E-02    9.1769898153E-01   -2.6955588067E-02    6.3505633131E-02    9.3447627523E-01   -1.5599618442E-02
    4.7380421386E-01   -1.5587235331E+00    0.0000000000E+00    9.1347472269E-01    3.1901657020E-03    6.7312581387E-02    8.8977411740E-01    5.5083767289E-03    1.0402043584E-01
    2.1195057117E+00   -3.7144051032E-01    0.0000000000E+00   -2.0208888332E-01    7.9512772330E-01   -1.2435030078E-01   -1.8931404110E-01    7.9501493403E-01   -7.0156960057E-02
    2.6787679771E+00   -1.8295832315E+00    0.0000000000E+00   -8.3104104616E-01    1.6130438586E-03    5.9360610905E-02   -8.6499925535E-01   -1.1425715396E-01    6.6926567872E-02
   -2.9845130209E+00   -3.1415926536E+00    1.0000000000E-01    2.1996009433E-02    1.3796001405E-01   -4.6051616649E-01   -1.1856182867E-16    1.5333685509E-01   -4.6863862401E-01
   -2.9845130209E+00    3.1415926536E+00    1.0000000000E-01    7.2031304800E-02    1.9325983947E-01   -4.6988882475E-01    1.1856182867E-16    1.5333685509E-01   -4.6863862401E-01
   -3.1415926536E+00   -2.9845130209E+00    1.0000000000E-01   -1.4462281361E-01    5.0283264398E-03   -4.5852954475E-01   -1.5333685509E-01    1.1856182867E-16   -4.6863862401E-01
    3.1415926536E+00   -2.9845130209E+00    1.0000000000E-01   -1.8227089746E-01   -2.9496995400E-02   -4.6303297814E-01   -1.5333685509E-01   -1.1856182867E-16   -4.6863862401E-01
   -2.9845130209E+00   -3.1415926536E+00    2.5000000000E-01    1.9731826123E-02    1.2477180783E-01   -4.3768891159E-01   -1.1505779708E-16    1.4880506615E-01   -4.4134723516E-01
   -2.9845130209E+00    3.1415926536E+00    2.5000000000E-01    5.3718069158E-02    1.8214027218E-01   -4.5117675907E-01    1.1505779708E-16    1.4880506615E-01   -4.4134723516E-01
   -3.1415926536E+00   -2.9845130209E+00    2.5000000000E-01   -1.3949384481E-01   -1.8389366214E-03   -4.3687506517E-01   -1.4880506615E-01    1.1505779708E-16   -4.4134723516E-01
    3.1415926536E+00   -2.9845130209E+00    2.5000000000E-01   -1.7274485316E-01   -1.7174342398E-02   -4.4366830643E-01   -1.4880506615E-01   -1.1505779708E-16   -4.4134723516E-01
   -2.9845130209E+00   -3.1415926536E+00    4.0000000000E-01    1.3262142499E-02    1.1435034251E-01   -4.1365661712E-01   -1.1165732528E-16    1.4440721182E-01   -4.1564517307E-01
   -2.9845130209E+00    3.1415926536E+00    4.0000000000E-01    3.7681697242E-02    1.7203418367E-01   -4.3259218477E-01    1.1165732528E-16    1.4440721182E-01   -4.1564517307E-01
   -3.1415926536E+00   -2.9845130209E+00    4.0000000000E-01   -1.3808027580E-01   -6.5080885142E-03   -4.1427509180E-01   -1.4440721182E-01    1.1165732528E-16   -4.1564517307E-01
    3.1415926536E+00   -2.9845130209E+00    4.0000000000E-01   -1.6611960546E-01   -9.3083949784E-03   -4.2056087261E-01   -1.4440721182E-01   -1.1165732528E-16   -4.1564517307E-01
   -2.9845130209E+00   -3.1415926536E+00    5.0000000000E-01    6.5732853296E-03    1.0819601087E-01   -3.9803635487E-01   -1.0944636210E-16    1.4154775744E-01   -3.9934749272E-01
   -2.9845130209E+00    3.1415926536E+00    5.0000000000E-01    2.8191137589E-02    1.6550307665E-01   -4.2110224727E-01    1.0944636210E-16    1.4154775744E-01   -3.9934749272E-01
   -3.1415926536E+00   -2.9845130209E+00    5.0000000000E-01   -1.3933017152E-01   -9.1667900690E-03   -3.9965998188E-01   -1.4154775744E-01    1.0944636210E-16   -3.9934749272E-01
    3.1415926536E+00   -2.9845130209E+00    5.0000000000E-01   -1.6353034321E-01   -7.1668703994E-03   -4.0385613000E-01   -1.4154775744E-01   -1.0944636210E-16   -3.9934749272E-01
   -2.6703537556E+00   -3.1415926536E+00    1.0000000000E-01    5.7929857989E-02    3.8636575989E-01   -3.5587558823E-01   -1.0695617081E-16    4.4500088554E-01   -3.8138182551E-01
   -2.6703537556E+00    3.1415926536E+00    1.0000000000E-01    1.5213785321E-02    4.6149226075E-01   -3.7558072776E-01    1.0695617081E-16    4.4500088554E-01   -3.8138182551E-01
   -3.1415926536E+00   -2.6703537556E+00    1.0000000000E-01   -4.1678885876E-01   -3.2461088222E-02   -3.5449091936E-01   -4.4500088554E-01    1.0695617081E-16   -3.8138182551E-01
    3.1415926536E+00   -2.6703537556E+00    1.0000000000E-01   -4.3539004193E-01   -4.5211788299E-03   -3.6205302344E-01   -4.4500088554E-01   -1.0695617081E-16   -3.8138182551E-01
   -2.6703537556E+00   -3.1415926536E+00    2.5000000000E-01    5.2705055879E-02    3.6778271264E-01   -3.3599213296E-01   -1.0379513825E-16    4.3184912180E-01   -3.5917187702E-01
   -2.6703537556E+00    3.1415926536E+00    2.5000000000E-01   -4.7848078352E-03    4.4492549899E-01   -3.5904558878E-01    1.0379513825E-16    4.3184912180E-01   -3.5917187702E-01
   -3.1415926536E+00   -2.6703537556E+00    2.5000000000E-01   -4.0092902875E-01   -3.5811188223E-02   -3.3747271596E-01   -4.3184912180E-01    1.0379513825E-16   -3.5917187702E-01
    3.1415926536E+00   -2.6703537556E+00    2.5000000000E-01   -4.2141479908E-01    5.2348296470E-03   -3.4398842733E-01   -4.3184912180E-01   -1.0379513825E-16   -3.5917187702E-01
   -2.6703537556E+00   -3.1415926536E+00    4.0000000000E-01    4.3192019229E-02    3.5110226404E-01   -3.1546665990E-01   -1.0072752832E-16    4.1908605141E-01   -3.3825533524E-01
   -2.6703537556E+00    3.1415926536E+00    4.0000000000E-01   -2.2872859482E-02    4.2714182273E-01   -3.4333391787E-01    1.0072752832E-16    4.1908605141E-01   -3.3825533524E-01
   -3.1415926536E+00   -2.6703537556E+00    4.0000000000E-01   -3.8810388006E-01   -3.8347501718E-02   -3.2044327150E-01   -4.1908605141E-01    1.0072752832E-16   -3.3825533524E-01
    3.1415926536E+00   -2.6703537556E+00    4.0000000000E-01   -4.1044935002E-01    1.0485461939E-02   -3.2229665569E-01   -4.1908605141E-01   -1.0072752832E-16   -3.3825533524E-01
   -2.6703537556E+00   -3.1415926536E+00    5.0000000000E-01    3.4442836828E-02    3.4033253038E-01   -3.0255654454E-01   -9.8732989624E-17    4.1078759160E-01   -3.2499215383E-01
   -2.6703537556E+00    3.1415926536E+00    5.0000000000E-01   -3.3855339510E-02    4.1429517825E-01   -3.3420822466E-01    9.8732989624E-17    4.1078759160E-01   -3.2499215383E-01
   -3.1415926536E+00   -2.6703537556E+00    5.0000000000E-01   -3.8145281522E-01   -4.0314616184E-02   -3.0990493830E-01   -4.1078759160E-01    9.8732989624E-17   -3.2499215383E-01
    3.1415926536E+00   -2.6703537556E+00    5.0000000000E-01   -4.0503054832E-01    1.0834500656E-02   -3.0664337121E-01   -4.1078759160E-01   -9.8732989624E-17   -3.2499215383E-01
   -2.3561944902E+00   -3.1415926536E+00    1.0000000000E-01    4.8866765019E-02    6.3906915846E-01   -2.2667724084E-01   -8.4880897746E-17    6.9310512881E-01   -2.4019735979E-01
   -2.3561944902E+00    3.1415926536E+00    1.0000000000E-01    1.0889227211E-02    7.1358639866E-01   -2.4552441287E-01    8.4880897746E-17    6.9310512881E-01   -2.4019735979E-01
   -3.1415926536E+00   -2.3561944902E+00    1.0000000000E-01   -6.7650634479E-01   -3.5187530638E-02   -2.2634744633E-01   -6.9310512881E-01    8.4880897746E-17   -2.4019735979E-01
    3.1415926536E+00   -2.3561944902E+00    1.0000000000E-01   -7.0334881642E-01   -7.5659978071E-03   -2.4194688905E-01   -6.9310512881E-01   -8.4880897746E-17   -2.4019735979E-01
   -2.3561944902E+00   -3.1415926536E+00    2.5000000000E-01    4.3043517504E-02    6.2063608966E-01   -2.1062682332E-01   -8.2372288102E-17    6.7262077653E-01   -2.2620935451E-01
   -2.3561944902E+00    3.1415926536E+00    2.5000000000E-01   -6.6165732108E-03    6.9263077556E-01   -2.2937033922E-01    8.2372288102E-17    6.7262077653E-01   -2.2620935451E-01
   -3.1415926536E+00   -2.3561944902E+00    2.5000000000E-01   -6.5050158747E-01   -3.7376975013E-02   -2.1314075410E-01   -6.7262077653E-01    8.2372288102E-17   -2.2620935451E-01
    3.1415926536E+00   -2.3561944902E+00    2.5000000000E-01   -6.8437563877E-01    1.0925583853E-04   -2.2593018221E-01   -6.7262077653E-01   -8.2372288102E-17   -2.2620935451E-01
   -2.3561944902E+00   -3.1415926536E+00    4.0000000000E-01    3.3409276209E-02    6.0191234214E-01   -1.9529891218E-01   -7.9937819076E-17    6.5274182835E-01   -2.1303594724E-01
   -2.3561944902E+00    3.1415926536E+00    4.0000000000E-01   -2.3404680726E-02    6.6791478684E-01   -2.1564675221E-01    7.9937819076E-17    6.5274182835E-01   -2.1303594724E-01
   -3.1415926536E+00   -2.3561944902E+00    4.0000000000E-01   -6.2701187101E-01   -4.0659895561E-02   -2.0138833815E-01   -6.5274182835E-01    7.9937819076E-17   -2.1303594724E-01
    3.1415926536E+00   -2.3561944902E+00    4.0000000000E-01   -6.6786195453E-01    3.8107677212E-03   -2.0690840232E-01   -6.5274182835E-01   -7.9937819076E-17   -2.1303594724E-01
   -2.3561944902E+00   -3.1415926536E+00    5.0000000000E-01    2.4777970147E-02    5.8856376834E-01   -1.8661951785E-01   -7.8354944206E-17    6.3981667416E-01   -2.0468268827E-01
   -2.3561944902E+00    3.1415926536E+00    5.0000000000E-01   -3.4112590630E-02    6.4910514497E-01   -2.0877049413E-01    7.8354944206E-17    6.3981667416E-01   -2.0468268827E-01
   -3.1415926536E+00   -2.3561944902E+00    5.0000000000E-01   -6.1301788727E-01   -4.3985760559E-02   -1.9496498811E-01   -6.3981667416E-01    7.8354944206E-17   -2.0468268827E-01
    3.1415926536E+00   -2.3561944902E+00    5.0000000000E-01   -6.5844720366E-01    3.4570284077E-03   -1.9338337295E-01   -6.3981667416E-01   -7.8354944206E-17   -2.0468268827E-01
   -2.0420352248E+00   -3.1415926536E+00    1.0000000000E-01    2.5762866884E-02    8.2770924287E-01   -9.9135489112E-02   -5.4496891009E-17    8.7336341292E-01   -9.9012894065E-02
   -2.0420352248E+00    3.1415926536E+00    1.0000000000E-01    2.3914521629E-02    8.9725920595E-01   -1.2127962301E-01    5.4496891009E-17    8.7336341292E-01   -9.9012894065E-02
   -3.1415926536E+00   -2.0420352248E+00    1.0000000000E-01   -8.7156435586E-01   -1.3853469576E-02   -9.8679229558E-02   -8.7336341292E-01    5.4496891009E-17   -9.9012894065E-02
    3.1415926536E+00   -2.0420352248E+00    1.0000000000E-01   -9.0042554678E-01   -1.1917500932E-02   -1.2219878927E-01   -8.7336341292E-01   -5.4496891009E-17   -9.9012894065E-02
   -2.0420352248E+00   -3.1415926536E+00    2.5000000000E-01    2.1547733845E-02    8.1201027117E-01   -8.7606256585E-02   -5.2886264472E-17    8.4755162323E-01   -9.3246831998E-02
   -2.0420352248E+00    3.1415926536E+00    2.5000000000E-01    1.1964264043E-02    8.7463185756E-01   -1.0518475942E-01    5.2886264472E-17    8.4755162323E-01   -9.3246831998E-02
   -3.1415926536E+00   -2.0420352248E+00    2.5000000000E-01   -8.3915550566E-01   -1.6499853776E-02   -8.7073776331E-02   -8.4755162323E-01    5.2886264472E-17   -9.3246831998E-02
    3.1415926536E+00   -2.0420352248E+00    2.5000000000E-01   -8.7609566966E-01   -5.0173187165E-03   -1.0912241976E-01   -8.4755162323E-01   -5.2886264472E-17   -9.3246831998E-02
   -2.0420352248E+00   -3.1415926536E+00    4.0000000000E-01    1.4574695671E-02    7.9358041788E-01   -7.9026963517E-02   -5.1323239143E-17    8.2250268722E-01   -8.7816559245E-02
   -2.0420352248E+00    3.1415926536E+00    4.0000000000E-01   -6.6312570042E-04    8.4584758681E-01   -9.3524128791E-02    5.1323239143E-17    8.2250268722E-01   -8.7816559245E-02
   -3.1415926536E+00   -2.0420352248E+00    4.0000000000E-01   -8.0905617137E-01   -2.2319513335E-02   -7.8806481473E-02   -8.2250268722E-01    5.1323239143E-17   -8.7816559245E-02
    3.1415926536E+00   -2.0420352248E+00    4.0000000000E-01   -8.5367817915E-01   -1.1824098592E-03   -9.4176738619E-02   -8.2250268722E-01   -5.1323239143E-17   -8.7816559245E-02
   -2.0420352248E+00   -3.1415926536E+00    5.0000000000E-01    8.1695111932E-03    7.7899915998E-01   -7.5983753590E-02   -5.0306970918E-17    8.0621604280E-01   -8.4373222705E-02
   -2.0420352248E+00    3.1415926536E+00    5.0000000000E-01   -9.3449329787E-03    8.2312946151E-01   -8.9062643609E-02    5.0306970918E-17    8.0621604280E-01   -8.4373222705E-02
   -3.1415926536E+00   -2.0420352248E+00    5.0000000000E-01   -7.9056999814E-01   -2.8179051602E-02   -7.5527677062E-02   -8.0621604280E-01    5.0306970918E-17   -8.4373222705E-02
    3.1415926536E+00   -2.0420352248E+00    5.0000000000E-01   -8.4007676993E-01   -8.7324543464E-04   -8.3943034526E-02   -8.0621604280E-01   -5.0306970918E-17   -8.4373222705E-02
   -1.7278759595E+00   -3.1415926536E+00    1.0000000000E-01    7.2795444947E-03    9.3035292662E-01   -1.0109503786E-02   -1.8778348878E-17    9.6813080109E-01   -1.1756095565E-02
   -1.7278759595E+00    3.1415926536E+00    1.0000000000E-01    2.4913968611E-02    9.8653503991E-01   -4.1756326769E-02    1.8778348878E-17    9.6813080109E-01   -1.1756095565E-02
   -3.1415926536E+00   -1.7278759595E+00    1.0000000000E-01   -9.7115061543E-01    9.5102054768E-03   -1.2446231940E-02   -9.6813080109E-01    1.8778348878E-17   -1.1756095565E-02
    3.1415926536E+00   -1.7278759595E+00    1.0000000000E-01   -9.9145499256E-01   -1.0594198718E-02   -3.4476124792E-02   -9.6813080109E-01   -1.8778348878E-17   -1.1756095565E-02
   -1.7278759595E+00   -3.1415926536E+00    2.5000000000E-01    5.7558202380E-03    9.1475363644E-01   -2.3488728386E-03   -1.8223364796E-17    9.3951821181E-01   -1.1071473856E-02
   -1.7278759595E+00    3.1415926536E+00    2.5000000000E-01    1.9017825410E-02    9.6367833752E-01   -2.7872507114E-02    1.8223364796E-17    9.3951821181E-01   -1.1071473856E-02
   -3.1415926536E+00   -1.7278759595E+00    2.5000000000E-01   -9.3814957003E-01    6.0973867997E-03    5.6915201334E-05   -9.3951821181E-01    1.8223364796E-17   -1.1071473856E-02
    3.1415926536E+00   -1.7278759595E+00    2.5000000000E-01   -9.6372596903E-01   -2.9102247034E-03   -2.5088251371E-02   -9.3951821181E-01   -1.8223364796E-17   -1.1071473856E-02
   -1.7278759595E+00   -3.1415926536E+00    4.0000000000E-01    3.1195449166E-03    8.9448016720E-01   -1.6154364796E-04   -1.7684782973E-17    9.1175125234E-01   -1.0426721412E-02
   -1.7278759595E+00    3.1415926536E+00    4.0000000000E-01    1.1325358143E-02    9.3314851230E-01   -2.0073492362E-02    1.7684782973E-17    9.1175125234E-01   -1.0426721412E-02
   -3.1415926536E+00   -1.7278759595E+00    4.0000000000E-01   -9.0745539120E-01   -2.1196009606E-03    7.5427395066E-03   -9.1175125234E-01    1.7684782973E-17   -1.0426721412E-02
    3.1415926536E+00   -1.7278759595E+00    4.0000000000E-01   -9.3785600801E-01    2.8223801833E-03   -1.5209513379E-02   -9.1175125234E-01   -1.7684782973E-17   -1.0426721412E-02
   -1.7278759595E+00   -3.1415926536E+00    5.0000000000E-01    3.5796068677E-04    8.7764563143E-01   -2.5218484009E-03   -1.7334600807E-17    8.9369736793E-01   -1.0017883818E-02
   -1.7278759595E+00    3.1415926536E+00    5.0000000000E-01    5.3022914659E-03    9.0877254222E-01   -1.8750012062E-02    1.7334600807E-17    8.9369736793E-01   -1.0017883818E-02
   -3.1415926536E+00   -1.7278759595E+00    5.0000000000E-01   -8.8854909380E-01   -1.0188435890E-02    9.5305144557E-03   -8.9369736793E-01    1.7334600807E-17   -1.0017883818E-02
    3.1415926536E+00   -1.7278759595E+00    5.0000000000E-01   -9.2197540632E-01    5.0779103424E-03   -9.0231793741E-03   -8.9369736793E-01   -1.7334600807E-17   -1.0017883818E-02
   -1.4137166941E+00   -3.1415926536E+00    1.0000000000E-01    1.2617831582E-03    9.4634349357E-01   -9.4426062489E-04    1.8778348878E-17    9.6813080109E-01   -1.1756095565E-02
   -1.4137166941E+00    3.1415926536E+00    1.0000000000E-01    1.1791011625E-02    9.7893639200E-01   -3.2673721037E-02   -1.8778348878E-17    9.6813080109E-01   -1.1756095565E-02
   -3.1415926536E+00   -1.4137166941E+00    1.0000000000E-01   -9.6621918168E-01    1.5692884055E-02   -7.2681891229E-03   -9.6813080109E-01   -1.8778348878E-17   -1.1756095565E-02
    3.1415926536E+00   -1.4137166941E+00    1.0000000000E-01   -9.8288821281E-01   -1.3141366617E-02   -1.9922124460E-02   -9.6813080109E-01    1.8778348878E-17   -1.1756095565E-02
   -1.4137166941E+00   -3.1415926536E+00    2.5000000000E-01    1.3855816642E-03    9.2741470042E-01    7.1511251244E-03    1.8223364796E-17    9.3951821181E-01   -1.1071473856E-02
   -1.4137166941E+00    3.1415926536E+00    2.5000000000E-01    1.1527824601E-02    9.5772652275E-01   -2.0982348825E-02   -1.8223364796E-17    9.3951821181E-01   -1.1071473856E-02
   -3.1415926536E+00   -1.4137166941E+00    2.5000000000E-01   -9.3780798268E-01    1.2368167709E-02    7.9410140570E-03   -9.3951821181E-01   -1.8223364796E-17   -1.1071473856E-02
    3.1415926536E+00   -1.4137166941E+00    2.5000000000E-01   -9.5588153099E-01   -3.9488142314E-03   -1.3887594344E-02   -9.3951821181E-01    1.8223364796E-17   -1.1071473856E-02
   -1.4137166941E+00   -3.1415926536E+00    4.0000000000E-01    2.3088819225E-03    9.0293461619E-01    8.2004436260E-03    1.7684782973E-17    9.1175125234E-01   -1.0426721412E-02
   -1.4137166941E+00    3.1415926536E+00    4.0000000000E-01    8.5923288802E-03    9.2917587570E-01   -1.5814188443E-02   -1.7684782973E-17    9.1175125234E-01   -1.0426721412E-02
   -3.1415926536E+00   -1.4137166941E+00    4.0000000000E-01   -9.1187927757E-01    3.4240654599E-03    1.7417952903E-02   -9.1175125234E-01   -1.7684782973E-17   -1.0426721412E-02
    3.1415926536E+00   -1.4137166941E+00    4.0000000000E-01   -9.3094341077E-01    4.7434703928E-03   -8.4419056015E-03   -9.1175125234E-01    1.7684782973E-17   -1.0426721412E-02
   -1.4137166941E+00   -3.1415926536E+00    5.0000000000E-01    2.8640139474E-03    8.8315795584E-01    4.7665864391E-03    1.7334600807E-17    8.9369736793E-01   -1.0017883818E-02
   -1.4137166941E+00    3.1415926536E+00    5.0000000000E-01    5.2136685655E-03    9.0679958551E-01   -1.5907349841E-02   -1.7334600807E-17    8.9369736793E-01   -1.0017883818E-02
   -3.1415926536E+00   -1.4137166941E+00    5.0000000000E-01   -8.9615870654E-01   -5.4125467409E-03    2.0380807111E-02   -8.9369736793E-01   -1.7334600807E-17   -1.0017883818E-02
    3.1415926536E+00   -1.4137166941E+00    5.0000000000E-01   -9.1579720301E-01    9.7801466460E-03   -5.7404679925E-03   -8.9369736793E-01    1.7334600807E-17   -1.0017883818E-02
   -1.0995574288E+00   -3.1415926536E+00    1.0000000000E-01    4.8113636046E-03    8.6471268934E-01   -8.9266995212E-02    5.4496891009E-17    8.7336341292E-01   -9.9012894065E-02
   -1.0995574288E+00    3.1415926536E+00    1.0000000000E-01   -4.6797943628E-03    8.7924590617E-01   -1.1138081630E-01   -5.4496891009E-17    8.7336341292E-01   -9.9012894065E-02
   -3.1415926536E+00   -1.0995574288E+00    1.0000000000E-01   -8.6386661034E-01    2.0374615109E-03   -9.5506308787E-02   -8.7336341292E-01   -5.4496891009E-17   -9.9012894065E-02
    3.1415926536E+00   -1.0995574288E+00    1.0000000000E-01   -8.8443495964E-01   -2.3790326883E-02   -1.0599921519E-01   -8.7336341292E-01    5.4496891009E-17   -9.9012894065E-02
   -1.0995574288E+00   -3.1415926536E+00    2.5000000000E-01    4.3947920502E-03    8.4351018022E-01   -7.3928522745E-02    5.2886264472E-17    8.4755162323E-01   -9.3246831998E-02
   -1.0995574288E+00    3.1415926536E+00    2.5000000000E-01   -1.4848618016E-04    8.6325973265E-01   -9.6930040400E-02   -5.2886264472E-17    8.4755162323E-01   -9.3246831998E-02
   -3.1415926536E+00   -1.0995574288E+00    2.5000000000E-01   -8.4245875697E-01    1.2595085161E-03   -7.6917107167E-02   -8.4755162323E-01   -5.2886264472E-17   -9.3246831998E-02
    3.1415926536E+00   -1.0995574288E+00    2.5000000000E-01   -8.6224867174E-01   -1.4173300228E-02   -9.9671462891E-02   -8.4755162323E-01    5.2886264472E-17   -9.3246831998E-02
   -1.0995574288E+00   -3.1415926536E+00    4.0000000000E-01    6.5918279282E-03    8.1777612388E-01   -6.4245503002E-02    5.1323239143E-17    8.2250268722E-01   -8.7816559245E-02
   -1.0995574288E+00    3.1415926536E+00    4.0000000000E-01    9.7433480733E-04    8.4251305136E-01   -8.7376169270E-02   -5.1323239143E-17    8.2250268722E-01   -8.7816559245E-02
   -3.1415926536E+00   -1.0995574288E+00    4.0000000000E-01   -8.2389064260E-01   -5.3919543156E-03   -6.3427297572E-02   -8.2250268722E-01   -5.1323239143E-17   -8.7816559245E-02
    3.1415926536E+00   -1.0995574288E+00    4.0000000000E-01   -8.4219643094E-01   -3.2059612910E-03   -9.4183687458E-02   -8.2250268722E-01    5.1323239143E-17   -8.7816559245E-02
   -1.0995574288E+00   -3.1415926536E+00    5.0000000000E-01    8.9542387804E-03    7.9799425252E-01   -6.0957273122E-02    5.0306970918E-17    8.0621604280E-01   -8.4373222705E-02
   -1.0995574288E+00    3.1415926536E+00    5.0000000000E-01   -1.6393601668E-04    8.2693876874E-01   -8.3368320826E-02   -5.0306970918E-17    8.0621604280E-01   -8.4373222705E-02
   -3.1415926536E+00   -1.0995574288E+00    5.0000000000E-01   -8.1315040440E-01   -1.2813468704E-02   -5.7498646749E-02   -8.0621604280E-01   -5.0306970918E-17   -8.4373222705E-02
    3.1415926536E+00   -1.0995574288E+00    5.0000000000E-01   -8.3029020819E-01    4.3192367974E-03   -9.1621293464E-02   -8.0621604280E-01    5.0306970918E-17   -8.4373222705E-02
   -7.8539816340E-01   -3.1415926536E+00    1.0000000000E-01    9.5314217625E-03    6.8455590668E-01   -2.3994752200E-01    8.4880897746E-17    6.9310512881E-01   -2.4019735979E-01
   -7.8539816340E-01    3.1415926536E+00    1.0000000000E-01   -1.5050159026E-02    6.9662240485E-01   -2.5704442724E-01   -8.4880897746E-17    6.9310512881E-01   -2.4019735979E-01
   -3.1415926536E+00   -7.8539816340E-01    1.0000000000E-01   -6.7934685202E-01   -1.9490790415E-02   -2.4267997568E-01   -6.9310512881E-01   -8.4880897746E-17   -2.4019735979E-01
    3.1415926536E+00   -7.8539816340E-01    1.0000000000E-01   -7.0090956164E-01   -2.7454678312E-02   -2.5963983707E-01   -6.9310512881E-01    8.4880897746E-17   -2.4019735979E-01
   -7.8539816340E-01   -3.1415926536E+00    2.5000000000E-01    6.4595883483E-03    6.6590942290E-01   -2.1466358878E-01    8.2372288102E-17    6.7262077653E-01   -2.2620935451E-01
   -7.8539816340E-01    3.1415926536E+00    2.5000000000E-01   -7.6080586043E-03    6.8761383305E-01   -2.3627604771E-01   -8.2372288102E-17    6.7262077653E-01   -2.2620935451E-01
   -3.1415926536E+00   -7.8539816340E-01    2.5000000000E-01   -6.6407927796E-01   -1.3883206451E-02   -2.2138348206E-01   -6.7262077653E-01   -8.2372288102E-17   -2.2620935451E-01
    3.1415926536E+00   -7.8539816340E-01    2.5000000000E-01   -6.8527609709E-01   -1.9848078392E-02   -2.4656270845E-01   -6.7262077653E-01    8.2372288102E-17   -2.2620935451E-01
   -7.8539816340E-01   -3.1415926536E+00    4.0000000000E-01    7.7301909885E-03    6.4546288621E-01   -1.9076138239E-01    7.9937819076E-17    6.5274182835E-01   -2.1303594724E-01
   -7.8539816340E-01    3.1415926536E+00    4.0000000000E-01   -4.1624543480E-03    6.7760246750E-01   -2.1683245512E-01   -7.9937819076E-17    6.5274182835E-01   -2.1303594724E-01
   -3.1415926536E+00   -7.8539816340E-01    4.0000000000E-01   -6.5217985504E-01   -1.4080852148E-02   -2.0363847031E-01   -6.5274182835E-01   -7.9937819076E-17   -2.1303594724E-01
    3.1415926536E+00   -7.8539816340E-01    4.0000000000E-01   -6.7165542596E-01   -9.1793679156E-03   -2.3383078016E-01   -6.5274182835E-01    7.9937819076E-17   -2.1303594724E-01
   -7.8539816340E-01   -3.1415926536E+00    5.0000000000E-01    1.0421803842E-02    6.3044522558E-01   -1.7612987727E-01    7.8354944206E-17    6.3981667416E-01   -2.0468268827E-01
   -7.8539816340E-01    3.1415926536E+00    5.0000000000E-01   -4.1096046351E-03    6.7089490629E-01   -2.0458321749E-01   -7.8354944206E-17    6.3981667416E-01   -2.0468268827E-01
   -3.1415926536E+00   -7.8539816340E-01    5.0000000000E-01   -6.4609047808E-01   -1.7263732881E-02   -1.9405761909E-01   -6.3981667416E-01   -7.8354944206E-17   -2.0468268827E-01
    3.1415926536E+00   -7.8539816340E-01    5.0000000000E-01   -6.6392634835E-01   -9.2526282367E-04   -2.2629417886E-01   -6.3981667416E-01    7.8354944206E-17   -2.0468268827E-01
   -4.7123889804E-01   -3.1415926536E+00    1.0000000000E-01    1.2358574614E-02    4.3488721701E-01   -3.7845679047E-01    1.0695617081E-16    4.4500088554E-01   -3.8138182551E-01
   -4.7123889804E-01    3.1415926536E+00    1.0000000000E-01   -1.7056657367E-02    4.4732173228E-01   -3.9697974930E-01   -1.0695617081E-16    4.4500088554E-01   -3.8138182551E-01
   -3.1415926536E+00   -4.7123889804E-01    1.0000000000E-01   -4.2905124766E-01   -3.3717028930E-02   -3.8124769327E-01   -4.4500088554E-01   -1.0695617081E-16   -3.8138182551E-01
    3.1415926536E+00   -4.7123889804E-01    1.0000000000E-01   -4.4858461810E-01   -1.5248395391E-02   -4.0034292892E-01   -4.4500088554E-01    1.0695617081E-16   -3.8138182551E-01
   -4.7123889804E-01   -3.1415926536E+00    2.5000000000E-01    5.4168746244E-03    4.2231623942E-01   -3.4903340779E-01    1.0379513825E-16    4.3184912180E-01   -3.5917187702E-01
   -4.7123889804E-01    3.1415926536E+00    2.5000000000E-01   -8.9348896380E-03    4.4351509422E-01   -3.7284893835E-01   -1.0379513825E-16    4.3184912180E-01   -3.5917187702E-01
   -3.1415926536E+00   -4.7123889804E-01    2.5000000000E-01   -4.1851956347E-01   -2.0272417054E-02   -3.5801190185E-01   -4.3184912180E-01   -1.0379513825E-16   -3.5917187702E-01
    3.1415926536E+00   -4.7123889804E-01    2.5000000000E-01   -4.3911425420E-01   -1.2365891474E-02   -3.7920927208E-01   -4.3184912180E-01    1.0379513825E-16   -3.5917187702E-01
   -4.7123889804E-01   -3.1415926536E+00    4.0000000000E-01    4.3625100507E-03    4.1047203476E-01   -3.1678995576E-01    1.0072752832E-16    4.1908605141E-01   -3.3825533524E-01
   -4.7123889804E-01    3.1415926536E+00    4.0000000000E-01   -5.2569821441E-03    4.4159628719E-01   -3.4710700107E-01   -1.0072752832E-16    4.1908605141E-01   -3.3825533524E-01
   -3.1415926536E+00   -4.7123889804E-01    4.0000000000E-01   -4.1211897210E-01   -1.2121163025E-02   -3.3711306113E-01   -4.1908605141E-01   -1.0072752832E-16   -3.3825533524E-01
    3.1415926536E+00   -4.7123889804E-01    4.0000000000E-01   -4.3161975173E-01   -5.3784842592E-03   -3.5744577466E-01   -4.1908605141E-01    1.0072752832E-16   -3.3825533524E-01
   -4.7123889804E-01   -3.1415926536E+00    5.0000000000E-01    6.3499568502E-03    4.0217778368E-01   -2.9475363098E-01    9.8732989624E-17    4.1078759160E-01   -3.2499215383E-01
   -4.7123889804E-01    3.1415926536E+00    5.0000000000E-01   -5.2713752234E-03    4.4146829061E-01   -3.2938199784E-01   -9.8732989624E-17    4.1078759160E-01   -3.2499215383E-01
   -3.1415926536E+00   -4.7123889804E-01    5.0000000000E-01   -4.1007619606E-01   -9.6080614184E-03   -3.2472466313E-01   -4.1078759160E-01   -9.8732989624E-17   -3.2499215383E-01
    3.1415926536E+00   -4.7123889804E-01    5.0000000000E-01   -4.2796754266E-01    1.0493989663E-03   -3.4345658274E-01   -4.1078759160E-01    9.8732989624E-17   -3.2499215383E-01
   -1.5707963268E-01   -3.1415926536E+00    1.0000000000E-01    1.5281971178E-02    1.4861076369E-01   -4.5183679327E-01    1.1856182867E-16    1.5333685509E-01   -4.6863862401E-01
   -1.5707963268E-01    3.1415926536E+00    1.0000000000E-01   -1.3883322942E-02    1.5211786503E-01   -4.7141001748E-01   -1.1856182867E-16    1.5333685509E-01   -4.6863862401E-01
   -3.1415926536E+00   -1.5707963268E-01    1.0000000000E-01   -1.3532719635E-01   -3.2713299058E-02   -4.5794994124E-01   -1.5333685509E-01   -1.1856182867E-16   -4.6863862401E-01
    3.1415926536E+00   -1.5707963268E-01    1.0000000000E-01   -1.6153474423E-01   -3.3482116075E-03   -4.7700051855E-01   -1.5333685509E-01    1.1856182867E-16   -4.6863862401E-01
   -1.5707963268E-01   -3.1415926536E+00    2.5000000000E-01    4.8194340562E-03    1.4384080621E-01   -4.2412460144E-01    1.1505779708E-16    1.4880506615E-01   -4.4134723516E-01
   -1.5707963268E-01    3.1415926536E+00    2.5000000000E-01   -6.2029841713E-03    1.5279511108E-01   -4.4680150517E-01   -1.1505779708E-16    1.4880506615E-01   -4.4134723516E-01
   -3.1415926536E+00   -1.5707963268E-01    2.5000000000E-01   -1.3097917717E-01   -1.5229777441E-02   -4.3369079625E-01   -1.4880506615E-01   -1.1505779708E-16   -4.4134723516E-01
    3.1415926536E+00   -1.5707963268E-01    2.5000000000E-01   -1.5726251003E-01   -5.6964012413E-03   -4.5286660594E-01   -1.4880506615E-01    1.1505779708E-16   -4.4134723516E-01
   -1.5707963268E-01   -3.1415926536E+00    4.0000000000E-01    1.2611945506E-03    1.4073805646E-01   -3.9234011609E-01    1.1165732528E-16    1.4440721182E-01   -4.1564517307E-01
   -1.5707963268E-01    3.1415926536E+00    4.0000000000E-01   -3.2935296407E-03    1.5642852550E-01   -4.2043568133E-01   -1.1165732528E-16    1.4440721182E-01   -4.1564517307E-01
   -3.1415926536E+00   -1.5707963268E-01    4.0000000000E-01   -1.3153353308E-01   -2.2319719962E-03   -4.1149038056E-01   -1.4440721182E-01   -1.1165732528E-16   -4.1564517307E-01
    3.1415926536E+00   -1.5707963268E-01    4.0000000000E-01   -1.5495259424E-01   -3.4178187009E-03   -4.2687561226E-01   -1.4440721182E-01    1.1165732528E-16   -4.1564517307E-01
   -1.5707963268E-01   -3.1415926536E+00    5.0000000000E-01    2.1102641985E-03    1.3862753047E-01   -3.6993605464E-01    1.0944636210E-16    1.4154775744E-01   -3.9934749272E-01
   -1.5707963268E-01    3.1415926536E+00    5.0000000000E-01   -3.9501189744E-03    1.6039035670E-01   -4.0231892721E-01   -1.0944636210E-16    1.4154775744E-01   -3.9934749272E-01
   -3.1415926536E+00   -1.5707963268E-01    5.0000000000E-01   -1.3448879621E-01    3.9121177362E-03   -3.9802477286E-01   -1.4154775744E-01   -1.0944636210E-16   -3.9934749272E-01
    3.1415926536E+00   -1.5707963268E-01    5.0000000000E-01   -1.5482414621E-01    1.7264516957E-04   -4.0937206835E-01   -1.4154775744E-01    1.0944636210E-16   -3.9934749272E-01
    1.5707963268E-01   -3.1415926536E+00    1.0000000000E-01    1.8011061316E-02   -1.5274337430E-01   -4.4949463723E-01    1.1856182867E-16   -1.5333685509E-01   -4.6863862401E-01
    1.5707963268E-01    3.1415926536E+00    1.0000000000E-01   -9.7692378420E-03   -1.5936698601E-01   -4.6975029184E-01   -1.1856182867E-16   -1.5333685509E-01   -4.6863862401E-01
   -3.1415926536E+00    1.5707963268E-01    1.0000000000E-01    1.6634956873E-01   -2.2899949757E-02   -4.5320279280E-01    1.5333685509E-01   -1.1856182867E-16   -4.6863862401E-01
    3.1415926536E+00    1.5707963268E-01    1.0000000000E-01    1.3030474854E-01   -1.2416543530E-03   -4.7781996233E-01    1.5333685509E-01    1.1856182867E-16   -4.6863862401E-01
    1.5707963268E-01   -3.1415926536E+00    2.5000000000E-01    5.8256432795E-03   -1.4914076021E-01   -4.2498090366E-01    1.1505779708E-16   -1.4880506615E-01   -4.4134723516E-01
    1.5707963268E-01    3.1415926536E+00    2.5000000000E-01   -2.6694107249E-03   -1.5294585553E-01   -4.4524012801E-01   -1.1505779708E-16   -1.4880506615E-01   -4.4134723516E-01
   -3.1415926536E+00    1.5707963268E-01    2.5000000000E-01    1.6212902319E-01   -7.0266891027E-03   -4.3068865811E-01    1.4880506615E-01   -1.1505779708E-16   -4.4134723516E-01
    3.1415926536E+00    1.5707963268E-01    2.5000000000E-01    1.2988882765E-01   -7.1328052312E-03   -4.5599600285E-01    1.4880506615E-01    1.1505779708E-16   -4.4134723516E-01
    1.5707963268E-01   -3.1415926536E+00    4.0000000000E-01    8.4169884238E-04   -1.4389568973E-01   -3.9722309443E-01    1.1165732528E-16   -1.4440721182E-01   -4.1564517307E-01
    1.5707963268E-01    3.1415926536E+00    4.0000000000E-01   -4.2922888142E-04   -1.4349613450E-01   -4.2029803528E-01   -1.1165732528E-16   -1.4440721182E-01   -4.1564517307E-01
   -3.1415926536E+00    1.5707963268E-01    4.0000000000E-01    1.5281517539E-01    5.1889019201E-03   -4.1054761848E-01    1.4440721182E-01   -1.1165732528E-16   -4.1564517307E-01
    3.1415926536E+00    1.5707963268E-01    4.0000000000E-01    1.2769775214E-01   -8.1418425420E-03   -4.3127702680E-01    1.4440721182E-01    1.1165732528E-16   -4.1564517307E-01
    1.5707963268E-01   -3.1415926536E+00    5.0000000000E-01    8.5068846736E-04   -1.4049566196E-01   -3.7786008842E-01    1.0944636210E-16   -1.4154775744E-01   -3.9934749272E-01
    1.5707963268E-01    3.1415926536E+00    5.0000000000E-01   -1.5537553379E-03   -1.3573753020E-01   -4.0391188829E-01   -1.0944636210E-16   -1.4154775744E-01   -3.9934749272E-01
   -3.1415926536E+00    1.5707963268E-01    5.0000000000E-01    1.4398667891E-01    1.1354635050E-02   -3.9855079224E-01    1.4154775744E-01   -1.0944636210E-16   -3.9934749272E-01
    3.1415926536E+00    1.5707963268E-01    5.0000000000E-01    1.2482895168E-01   -6.6692277759E-03   -4.1394666786E-01    1.4154775744E-01    1.0944636210E-16   -3.9934749272E-01
    4.7123889804E-01   -3.1415926536E+00    1.0000000000E-01    1.4223999579E-02   -4.4251250183E-01   -3.7477159452E-01    1.0695617081E-16   -4.4500088554E-01   -3.8138182551E-01
    4.7123889804E-01    3.1415926536E+00    1.0000000000E-01   -7.7862498442E-03   -4.4886970434E-01   -3.9777377624E-01   -1.0695617081E-16   -4.4500088554E-01   -3.8138182551E-01
   -3.1415926536E+00    4.7123889804E-01    1.0000000000E-01    4.4558023688E-01   -1.4758906331E-02   -3.7134562410E-01    4.4500088554E-01   -1.0695617081E-16   -3.8138182551E-01
    3.1415926536E+00    4.7123889804E-01    1.0000000000E-01    4.0999950855E-01   -3.8767831209E-03   -4.0291698422E-01    4.4500088554E-01    1.0695617081E-16   -3.8138182551E-01
    4.7123889804E-01   -3.1415926536E+00    2.5000000000E-01    2.9621949295E-03   -4.3162970298E-01   -3.5358183195E-01    1.0379513825E-16   -4.3184912180E-01   -3.5917187702E-01
    4.7123889804E-01    3.1415926536E+00    2.5000000000E-01   -1.3525977277E-03   -4.3572710699E-01   -3.7458799170E-01   -1.0379513825E-16   -4.3184912180E-01   -3.5917187702E-01
   -3.1415926536E+00    4.7123889804E-01    2.5000000000E-01    4.3304496714E-01   -3.3708757459E-03   -3.5387474373E-01    4.3184912180E-01   -1.0379513825E-16   -3.5917187702E-01
    3.1415926536E+00    4.7123889804E-01    2.5000000000E-01    4.0452329065E-01   -1.1089585278E-02   -3.8631121627E-01    4.3184912180E-01    1.0379513825E-16   -3.5917187702E-01
    4.7123889804E-01   -3.1415926536E+00    4.0000000000E-01   -1.5589927394E-03   -4.1921807456E-01   -3.3015297740E-01    1.0072752832E-16   -4.1908605141E-01   -3.3825533524E-01
    4.7123889804E-01    3.1415926536E+00    4.0000000000E-01    4.7272801707E-04   -4.1973257261E-01   -3.5209326378E-01   -1.0072752832E-16   -4.1908605141E-01   -3.3825533524E-01
   -3.1415926536E+00    4.7123889804E-01    4.0000000000E-01    4.1583319733E-01    4.9335291785E-03   -3.3929053643E-01    4.1908605141E-01   -1.0072752832E-16   -3.3825533524E-01
    3.1415926536E+00    4.7123889804E-01    4.0000000000E-01    3.9761945691E-01   -1.3330846821E-02   -3.6615485983E-01    4.1908605141E-01    1.0072752832E-16   -3.3825533524E-01
    4.7123889804E-01   -3.1415926536E+00    5.0000000000E-01   -1.5365433688E-03   -4.1112215182E-01   -3.1417336721E-01    9.8732989624E-17   -4.1078759160E-01   -3.2499215383E-01
    4.7123889804E-01    3.1415926536E+00    5.0000000000E-01   -8.0468359496E-04   -4.0781790998E-01   -3.3797562410E-01   -9.8732989624E-17   -4.1078759160E-01   -3.2499215383E-01
   -3.1415926536E+00    4.7123889804E-01    5.0000000000E-01    4.0199892337E-01    8.9178200059E-03   -3.3119576359E-01    4.1078759160E-01   -9.8732989624E-17   -3.2499215383E-01
    3.1415926536E+00    4.7123889804E-01    5.0000000000E-01    3.9172329111E-01   -1.2727095400E-02   -3.5140874212E-01    4.1078759160E-01    9.8732989624E-17   -3.2499215383E-01
    7.8539816340E-01   -3.1415926536E+00    1.0000000000E-01    2.9969027742E-04   -6.8526682113E-01   -2.4045990132E-01    8.4880897746E-17   -6.9310512881E-01   -2.4019735979E-01
    7.8539816340E-01    3.1415926536E+00    1.0000000000E-01   -7.6917851875E-03   -6.8657060662E-01   -2.6570635886E-01   -8.4880897746E-17   -6.9310512881E-01   -2.4019735979E-01
   -3.1415926536E+00    7.8539816340E-01    1.0000000000E-01    6.8746548854E-01   -1.0270062774E-02   -2.3698995701E-01    6.9310512881E-01   -8.4880897746E-17   -2.4019735979E-01
    3.1415926536E+00    7.8539816340E-01    1.0000000000E-01    6.6020263536E-01   -4.1104305629E-03   -2.6707289126E-01    6.9310512881E-01    8.4880897746E-17   -2.4019735979E-01
    7.8539816340E-01   -3.1415926536E+00    2.5000000000E-01   -7.3787621980E-03   -6.6945695867E-01   -2.2342786374E-01    8.2372288102E-17   -6.7262077653E-01   -2.2620935451E-01
    7.8539816340E-01    3.1415926536E+00    2.5000000000E-01   -2.2521489962E-03   -6.6680119187E-01   -2.4647388608E-01   -8.2372288102E-17   -6.7262077653E-01   -2.2620935451E-01
   -3.1415926536E+00    7.8539816340E-01    2.5000000000E-01    6.6907110276E-01   -3.0750057505E-03   -2.2501393832E-01    6.7262077653E-01   -8.2372288102E-17   -2.2620935451E-01
    3.1415926536E+00    7.8539816340E-01    2.5000000000E-01    6.4891940479E-01   -1.0724204775E-02   -2.5597426432E-01    6.7262077653E-01    8.2372288102E-17   -2.2620935451E-01
    7.8539816340E-01   -3.1415926536E+00    4.0000000000E-01   -9.4593846060E-03   -6.5212641381E-01   -2.0448615453E-01    7.9937819076E-17   -6.5274182835E-01   -2.1303594724E-01
    7.8539816340E-01    3.1415926536E+00    4.0000000000E-01   -8.8049215926E-04   -6.4441944806E-01   -2.2834822261E-01   -7.9937819076E-17   -6.5274182835E-01   -2.1303594724E-01
   -3.1415926536E+00    7.8539816340E-01    4.0000000000E-01    6.4667367815E-01    1.2801539143E-03   -2.1648264680E-01    6.5274182835E-01   -7.9937819076E-17   -2.1303594724E-01
    3.1415926536E+00    7.8539816340E-01    4.0000000000E-01    6.3655737245E-01   -1.2415292209E-02   -2.4120444010E-01    6.5274182835E-01    7.9937819076E-17   -2.1303594724E-01
    7.8539816340E-01   -3.1415926536E+00    5.0000000000E-01   -8.4317943694E-03   -6.4074921033E-01   -1.9163917900E-01    7.8354944206E-17   -6.3981667416E-01   -2.0468268827E-01
    7.8539816340E-01    3.1415926536E+00    5.0000000000E-01   -2.2138403650E-03   -6.2848212275E-01   -2.1733507683E-01   -7.8354944206E-17   -6.3981667416E-01   -2.0468268827E-01
   -3.1415926536E+00    7.8539816340E-01    5.0000000000E-01    6.2973927392E-01    2.8111934685E-03   -2.1270373159E-01    6.3981667416E-01   -7.8354944206E-17   -2.0468268827E-01
    3.1415926536E+00    7.8539816340E-01    5.0000000000E-01    6.2718652390E-01   -1.1543859244E-02   -2.2991738098E-01    6.3981667416E-01    7.8354944206E-17   -2.0468268827E-01
    1.0995574288E+00   -3.1415926536E+00    1.0000000000E-01   -1.2441032583E-02   -8.5903569788E-01   -9.6214609668E-02    5.4496891009E-17   -8.7336341292E-01   -9.9012894065E-02
    1.0995574288E+00    3.1415926536E+00    1.0000000000E-01   -6.0135536781E-03   -8.6098454678E-01   -1.1809697898E-01   -5.4496891009E-17   -8.7336341292E-01   -9.9012894065E-02
   -3.1415926536E+00    1.0995574288E+00    1.0000000000E-01    8.7461993367E-01   -7.2117826045E-03   -9.8786102352E-02    8.7336341292E-01   -5.4496891009E-17   -9.9012894065E-02
    3.1415926536E+00    1.0995574288E+00    1.0000000000E-01    8.4904329125E-01   -4.4387678856E-04   -1.2422623216E-01    8.7336341292E-01    5.4496891009E-17   -9.9012894065E-02
    1.0995574288E+00   -3.1415926536E+00    2.5000000000E-01   -1.5490497331E-02   -8.4040019635E-01   -8.4077029739E-02    5.2886264472E-17   -8.4755162323E-01   -9.3246831998E-02
    1.0995574288E+00    3.1415926536E+00    2.5000000000E-01   -1.8567113356E-03   -8.3564280347E-01   -1.0473745513E-01   -5.2886264472E-17   -8.4755162323E-01   -9.3246831998E-02
   -3.1415926536E+00    1.0995574288E+00    2.5000000000E-01    8.5349391450E-01   -2.3375294233E-03   -8.9081277410E-02    8.4755162323E-01   -5.2886264472E-17   -9.3246831998E-02
    3.1415926536E+00    1.0995574288E+00    2.5000000000E-01    8.3195770965E-01   -5.2217922459E-03   -1.1640590333E-01    8.4755162323E-01    5.2886264472E-17   -9.3246831998E-02
    1.0995574288E+00   -3.1415926536E+00    4.0000000000E-01   -1.4456250021E-02   -8.2021760451E-01   -6.9707956201E-02    5.1323239143E-17   -8.2250268722E-01   -8.7816559245E-02
    1.0995574288E+00    3.1415926536E+00    4.0000000000E-01   -1.0509556594E-03   -8.0793995432E-01   -9.2395434819E-02   -5.1323239143E-17   -8.2250268722E-01   -8.7816559245E-02
   -3.1415926536E+00    1.0995574288E+00    4.0000000000E-01    8.2918113020E-01   -1.7430735764E-04   -8.3091103656E-02    8.2250268722E-01   -5.1323239143E-17   -8.7816559245E-02
    3.1415926536E+00    1.0995574288E+00    4.0000000000E-01    8.1410798113E-01   -5.2345856132E-03   -1.0540991132E-01    8.2250268722E-01    5.1323239143E-17   -8.7816559245E-02
    1.0995574288E+00   -3.1415926536E+00    5.0000000000E-01   -1.2125838838E-02   -8.0688730649E-01   -5.9689442958E-02    5.0306970918E-17   -8.0621604280E-01   -8.4373222705E-02
    1.0995574288E+00    3.1415926536E+00    5.0000000000E-01   -2.4307721785E-03   -7.8868785268E-01   -8.5124948612E-02   -5.0306970918E-17   -8.0621604280E-01   -8.4373222705E-02
   -3.1415926536E+00    1.0995574288E+00    5.0000000000E-01    8.1136343989E-01   -7.0814631452E-05   -8.1243003178E-02    8.0621604280E-01   -5.0306970918E-17   -8.4373222705E-02
    3.1415926536E+00    1.0995574288E+00    5.0000000000E-01    8.0126963220E-01   -3.3518866072E-03   -9.6875142657E-02    8.0621604280E-01    5.0306970918E-17   -8.4373222705E-02
    1.4137166941E+00   -3.1415926536E+00    1.0000000000E-01   -1.2922542285E-02   -9.5735070817E-01   -1.5192668837E-02    1.8778348878E-17   -9.6813080109E-01   -1.1756095565E-02
    1.4137166941E+00    3.1415926536E+00    1.0000000000E-01   -1.2527032110E-03   -9.6100064925E-01   -2.9436378140E-02   -1.8778348878E-17   -9.6813080109E-01   -1.1756095565E-02
   -3.1415926536E+00    1.4137166941E+00    1.0000000000E-01    9.8055858024E-01   -4.3266740133E-03   -1.5903016052E-02    9.6813080109E-01   -1.8778348878E-17   -1.1756095565E-02
    3.1415926536E+00    1.4137166941E+00    1.0000000000E-01    9.4416294212E-01    3.7221580905E-03   -4.3608025471E-02    9.6813080109E-01    1.8778348878E-17   -1.1756095565E-02
    1.4137166941E+00   -3.1415926536E+00    2.5000000000E-01   -1.2776576307E-02   -9.3645702715E-01   -6.5533927581E-03    1.8223364796E-17   -9.3951821181E-01   -1.1071473856E-02
    1.4137166941E+00    3.1415926536E+00    2.5000000000E-01    1.7545080939E-03   -9.3185363149E-01   -2.0773132277E-02   -1.8223364796E-17   -9.3951821181E-01   -1.1071473856E-02
   -3.1415926536E+00    1.4137166941E+00    2.5000000000E-01    9.5901628595E-01    2.3903784113E-04   -4.9382987244E-03    9.3951821181E-01   -1.8223364796E-17   -1.1071473856E-02
    3.1415926536E+00    1.4137166941E+00    2.5000000000E-01    9.2234456860E-01    9.8790755209E-04   -3.6376681847E-02    9.3951821181E-01    1.8223364796E-17   -1.1071473856E-02
    1.4137166941E+00   -3.1415926536E+00    4.0000000000E-01   -1.0009333597E-02   -9.1406844929E-01    4.8610915472E-03    1.7684782973E-17   -9.1175125234E-01   -1.0426721412E-02
    1.4137166941E+00    3.1415926536E+00    4.0000000000E-01    2.2724703760E-03   -9.0058667124E-01   -1.2825604376E-02   -1.7684782973E-17   -9.1175125234E-01   -1.0426721412E-02
   -3.1415926536E+00    1.4137166941E+00    4.0000000000E-01    9.3529624385E-01    2.3485149286E-03    2.7318978609E-03    9.1175125234E-01   -1.7684782973E-17   -1.0426721412E-02
    3.1415926536E+00    1.4137166941E+00    4.0000000000E-01    9.0029079392E-01    2.7787858943E-03   -2.6687548956E-02    9.1175125234E-01    1.7684782973E-17   -1.0426721412E-02
    1.4137166941E+00   -3.1415926536E+00    5.0000000000E-01   -7.2461526496E-03   -8.9926607644E-01    1.3239532272E-02    1.7334600807E-17   -8.9369736793E-01   -1.0017883818E-02
    1.4137166941E+00    3.1415926536E+00    5.0000000000E-01    1.1145617091E-03   -8.7917774837E-01   -8.2824238325E-03   -1.7334600807E-17   -8.9369736793E-01   -1.0017883818E-02
   -3.1415926536E+00    1.4137166941E+00    5.0000000000E-01    9.1835256600E-01    2.4662157621E-03    5.7719620289E-03    8.9369736793E-01   -1.7334600807E-17   -1.0017883818E-02
    3.1415926536E+00    1.4137166941E+00    5.0000000000E-01    8.8498181252E-01    5.7665222074E-03   -1.9419184227E-02    8.9369736793E-01    1.7334600807E-17   -1.0017883818E-02
    1.7278759595E+00   -3.1415926536E+00    1.0000000000E-01   -6.6286489857E-03   -9.6639297442E-01   -2.6308641441E-02   -1.8778348878E-17   -9.6813080109E-01   -1.1756095565E-02
    1.7278759595E+00    3.1415926536E+00    1.0000000000E-01    1.7660681164E-03   -9.6470873983E-01   -3.5909717452E-02    1.8778348878E-17   -9.6813080109E-01   -1.1756095565E-02
   -3.1415926536E+00    1.7278759595E+00    1.0000000000E-01    9.8320035187E-01   -1.5798146647E-03   -2.2379236775E-02    9.6813080109E-01    1.8778348878E-17   -1.1756095565E-02
    3.1415926536E+00    1.7278759595E+00    1.0000000000E-01    9.3847075230E-01    6.9583748183E-03   -4.8920349095E-02    9.6813080109E-01   -1.8778348878E-17   -1.1756095565E-02
    1.7278759595E+00   -3.1415926536E+00    2.5000000000E-01   -5.4321851561E-03   -9.4329702285E-01   -1.8169686267E-02   -1.8223364796E-17   -9.3951821181E-01   -1.1071473856E-02
    1.7278759595E+00    3.1415926536E+00    2.5000000000E-01    3.9592922101E-03   -9.3447758418E-01   -2.8623482433E-02    1.8223364796E-17   -9.3951821181E-01   -1.1071473856E-02
   -3.1415926536E+00    1.7278759595E+00    2.5000000000E-01    9.6210282068E-01    3.7801116777E-03   -9.1470959378E-03    9.3951821181E-01    1.8223364796E-17   -1.1071473856E-02
    3.1415926536E+00    1.7278759595E+00    2.5000000000E-01    9.1354493909E-01    5.5561038942E-03   -4.1316372763E-02    9.3951821181E-01   -1.8223364796E-17   -1.1071473856E-02
    1.7278759595E+00   -3.1415926536E+00    4.0000000000E-01   -2.8259556102E-03   -9.1915652252E-01   -6.7864725766E-03   -1.7684782973E-17   -9.1175125234E-01   -1.0426721412E-02
    1.7278759595E+00    3.1415926536E+00    4.0000000000E-01    4.6801977251E-03   -9.0239147268E-01   -2.1597716981E-02    1.7684782973E-17   -9.1175125234E-01   -1.0426721412E-02
   -3.1415926536E+00    1.7278759595E+00    4.0000000000E-01    9.3991527255E-01    7.1771102470E-03    1.7072223179E-03    9.1175125234E-01    1.7684782973E-17   -1.0426721412E-02
    3.1415926536E+00    1.7278759595E+00    4.0000000000E-01    8.8927970643E-01    8.3491360079E-03   -3.1793014875E-02    9.1175125234E-01   -1.7684782973E-17   -1.0426721412E-02
    1.7278759595E+00   -3.1415926536E+00    5.0000000000E-01   -7.5608514723E-04   -9.0342958426E-01    1.8398568762E-03   -1.7334600807E-17   -8.9369736793E-01   -1.0017883818E-02
    1.7278759595E+00    3.1415926536E+00    5.0000000000E-01    4.1633020795E-03   -8.8064335822E-01   -1.7439046930E-02    1.7334600807E-17   -8.9369736793E-01   -1.0017883818E-02
   -3.1415926536E+00    1.7278759595E+00    5.0000000000E-01    9.2452191155E-01    8.3166055416E-03    7.2230494304E-03    8.9369736793E-01    1.7334600807E-17   -1.0017883818E-02
    3.1415926536E+00    1.7278759595E+00    5.0000000000E-01    8.7303704132E-01    1.1905930992E-02   -2.4949291230E-02    8.9369736793E-01   -1.7334600807E-17   -1.0017883818E-02
    2.0420352248E+00   -3.1415926536E+00    1.0000000000E-01   -2.6807657508E-03   -8.6971417227E-01   -1.0754144406E-01   -5.4496891009E-17   -8.7336341292E-01   -9.9012894065E-02
    2.0420352248E+00    3.1415926536E+00    1.0000000000E-01   -5.1622243641E-03   -8.5794852222E-01   -1.1914565709E-01    5.4496891009E-17   -8.7336341292E-01   -9.9012894065E-02
   -3.1415926536E+00    2.0420352248E+00    1.0000000000E-01    8.7734058369E-01   -1.5877523452E-04   -1.0866275560E-01    8.7336341292E-01    5.4496891009E-17   -9.9012894065E-02
    3.1415926536E+00    2.0420352248E+00    1.0000000000E-01    8.4008094431E-01    1.3897287185E-02   -1.2318664280E-01    8.7336341292E-01   -5.4496891009E-17   -9.9012894065E-02
    2.0420352248E+00   -3.1415926536E+00    2.5000000000E-01   -1.3875949640E-03   -8.4564500238E-01   -9.7513266925E-02   -5.2886264472E-17   -8.4755162323E-01   -9.3246831998E-02
    2.0420352248E+00    3.1415926536E+00    2.5000000000E-01   -3.9647046141E-03   -8.3105488260E-01   -1.0970945065E-01    5.2886264472E-17   -8.4755162323E-01   -9.3246831998E-02
   -3.1415926536E+00    2.0420352248E+00    2.5000000000E-01    8.5706295212E-01    5.5675792346E-03   -9.3499815532E-02    8.4755162323E-01    5.2886264472E-17   -9.3246831998E-02
    3.1415926536E+00    2.0420352248E+00    2.5000000000E-01    8.1410556333E-01    1.2807442150E-02   -1.1525271525E-01    8.4755162323E-01   -5.2886264472E-17   -9.3246831998E-02
    2.0420352248E+00   -3.1415926536E+00    4.0000000000E-01    3.0509482919E-04   -8.2164738478E-01   -8.3853456873E-02   -5.1323239143E-17   -8.2250268722E-01   -8.7816559245E-02
    2.0420352248E+00    3.1415926536E+00    4.0000000000E-01   -2.9942020963E-03   -8.0252222373E-01   -9.9999756593E-02    5.1323239143E-17   -8.2250268722E-01   -8.7816559245E-02
   -3.1415926536E+00    2.0420352248E+00    4.0000000000E-01    8.3667420524E-01    1.0106085059E-02   -7.9827415042E-02    8.2250268722E-01    5.1323239143E-17   -8.7816559245E-02
    3.1415926536E+00    2.0420352248E+00    4.0000000000E-01    7.8993958473E-01    1.5438438584E-02   -1.0565797349E-01    8.2250268722E-01   -5.1323239143E-17   -8.7816559245E-02
    2.0420352248E+00   -3.1415926536E+00    5.0000000000E-01    1.2795566253E-03   -8.0662202284E-01   -7.3491423794E-02   -5.0306970918E-17   -8.0621604280E-01   -8.4373222705E-02
    2.0420352248E+00    3.1415926536E+00    5.0000000000E-01   -2.6996754559E-03   -7.8326167841E-01   -9.3835016347E-02    5.0306970918E-17   -8.0621604280E-01   -8.4373222705E-02
   -3.1415926536E+00    2.0420352248E+00    5.0000000000E-01    8.2295907450E-01    1.2324364793E-02   -7.2075551612E-02    8.0621604280E-01    5.0306970918E-17   -8.4373222705E-02
    3.1415926536E+00    2.0420352248E+00    5.0000000000E-01    7.7443985395E-01    1.8738821813E-02   -9.8924386837E-02    8.0621604280E-01   -5.0306970918E-17   -8.4373222705E-02
    2.3561944902E+00   -3.1415926536E+00    1.0000000000E-01   -3.3457249031E-03   -6.7106578592E-01   -2.2775891430E-01   -8.4880897746E-17   -6.9310512881E-01   -2.4019735979E-01
    2.3561944902E+00    3.1415926536E+00    1.0000000000E-01   -2.5417235534E-02   -6.5104500780E-01   -2.4126338929E-01    8.4880897746E-17   -6.9310512881E-01   -2.4019735979E-01
   -3.1415926536E+00    2.3561944902E+00    1.0000000000E-01    6.8140013223E-01   -2.7881959585E-04   -2.3579645111E-01    6.9310512881E-01    8.4880897746E-17   -2.4019735979E-01
    3.1415926536E+00    2.3561944902E+00    1.0000000000E-01    6.5651106955E-01    2.8498481260E-02   -2.4188843847E-01    6.9310512881E-01   -8.4880897746E-17   -2.4019735979E-01
    2.3561944902E+00   -3.1415926536E+00    2.5000000000E-01   -1.5546327002E-03   -6.4828104975E-01   -2.1478534940E-01   -8.2372288102E-17   -6.7262077653E-01   -2.2620935451E-01
    2.3561944902E+00    3.1415926536E+00    2.5000000000E-01   -2.5902898829E-02   -6.3224311569E-01   -2.2763748960E-01    8.2372288102E-17   -6.7262077653E-01   -2.2620935451E-01
   -3.1415926536E+00    2.3561944902E+00    2.5000000000E-01    6.6247843403E-01    3.9102304983E-03   -2.1880498532E-01    6.7262077653E-01    8.2372288102E-17   -2.2620935451E-01
    3.1415926536E+00    2.3561944902E+00    2.5000000000E-01    6.3231021446E-01    2.6613685227E-02   -2.3285187944E-01    6.7262077653E-01   -8.2372288102E-17   -2.2620935451E-01
    2.3561944902E+00   -3.1415926536E+00    4.0000000000E-01   -3.0064131926E-04   -6.2714680859E-01   -1.9787319713E-01   -7.9937819076E-17   -6.5274182835E-01   -2.1303594724E-01
    2.3561944902E+00    3.1415926536E+00    4.0000000000E-01   -2.5053070676E-02   -6.1184370930E-01   -2.1329805154E-01    7.9937819076E-17   -6.5274182835E-01   -2.1303594724E-01
   -3.1415926536E+00    2.3561944902E+00    4.0000000000E-01    6.4426285316E-01    7.9357462269E-03   -2.0272232824E-01    6.5274182835E-01    7.9937819076E-17   -2.1303594724E-01
    3.1415926536E+00    2.3561944902E+00    4.0000000000E-01    6.1116495024E-01    2.7797111271E-02   -2.2211220381E-01    6.5274182835E-01   -7.9937819076E-17   -2.1303594724E-01
    2.3561944902E+00   -3.1415926536E+00    5.0000000000E-01   -7.8637077985E-05   -6.1485649439E-01   -1.8516625847E-01   -7.8354944206E-17   -6.3981667416E-01   -2.0468268827E-01
    2.3561944902E+00    3.1415926536E+00    5.0000000000E-01   -2.4010370386E-02   -5.9796049353E-01   -2.0390148083E-01    7.8354944206E-17   -6.3981667416E-01   -2.0468268827E-01
   -3.1415926536E+00    2.3561944902E+00    5.0000000000E-01    6.3240293894E-01    1.0271609492E-02   -1.9315720823E-01    6.3981667416E-01    7.8354944206E-17   -2.0468268827E-01
    3.1415926536E+00    2.3561944902E+00    5.0000000000E-01    5.9839726853E-01    2.9895423650E-02   -2.1461291936E-01    6.3981667416E-01   -7.8354944206E-17   -2.0468268827E-01
    2.6703537556E+00   -3.1415926536E+00    1.0000000000E-01   -1.3834959510E-02   -4.1231428801E-01   -3.5690667489E-01   -1.0695617081E-16   -4.4500088554E-01   -3.8138182551E-01
    2.6703537556E+00    3.1415926536E+00    1.0000000000E-01   -4.2871377997E-02   -3.8337904532E-01   -3.6662308065E-01    1.0695617081E-16   -4.4500088554E-01   -3.8138182551E-01
   -3.1415926536E+00    2.6703537556E+00    1.0000000000E-01    4.4122937089E-01    7.1862778374E-03   -3.6204424572E-01    4.4500088554E-01    1.0695617081E-16   -3.8138182551E-01
    3.1415926536E+00    2.6703537556E+00    1.0000000000E-01    4.0785735555E-01    3.9044955989E-02   -3.7273959142E-01    4.4500088554E-01   -1.0695617081E-16   -3.8138182551E-01
    2.6703537556E+00   -3.1415926536E+00    2.5000000000E-01   -1.0563948954E-02   -3.9280813944E-01   -3.4086815298E-01   -1.0379513825E-16   -4.3184912180E-01   -3.5917187702E-01
    2.6703537556E+00    3.1415926536E+00    2.5000000000E-01   -4.6043975763E-02   -3.7489493860E-01   -3.4952976861E-01    1.0379513825E-16   -4.3184912180E-01   -3.5917187702E-01
   -3.1415926536E+00    2.6703537556E+00    2.5000000000E-01    4.2376776549E-01    7.3289560386E-03   -3.4337317174E-01    4.3184912180E-01    1.0379513825E-16   -3.5917187702E-01
    3.1415926536E+00    2.6703537556E+00    2.5000000000E-01    3.8860531258E-01    3.5541158938E-02   -3.6074257896E-01    4.3184912180E-01   -1.0379513825E-16   -3.5917187702E-01
    2.6703537556E+00   -3.1415926536E+00    4.0000000000E-01   -8.7276836544E-03   -3.7636768395E-01   -3.2081652828E-01   -1.0072752832E-16   -4.1908605141E-01   -3.3825533524E-01
    2.6703537556E+00    3.1415926536E+00    4.0000000000E-01   -4.6190199372E-02   -3.6473036573E-01   -3.3138411416E-01    1.0072752832E-16   -4.1908605141E-01   -3.3825533524E-01
   -3.1415926536E+00    2.6703537556E+00    4.0000000000E-01    4.0772048329E-01    8.3472420381E-03   -3.2525444359E-01    4.1908605141E-01    1.0072752832E-16   -3.3825533524E-01
    3.1415926536E+00    2.6703537556E+00    4.0000000000E-01    3.7349532900E-01    3.4469645200E-02   -3.4692046249E-01    4.1908605141E-01   -1.0072752832E-16   -3.3825533524E-01
    2.6703537556E+00   -3.1415926536E+00    5.0000000000E-01   -8.5644804123E-03   -3.6789453123E-01   -3.0597117832E-01   -9.8732989624E-17   -4.1078759160E-01   -3.2499215383E-01
    2.6703537556E+00    3.1415926536E+00    5.0000000000E-01   -4.4909262949E-02   -3.5750848457E-01   -3.1932684785E-01    9.8732989624E-17   -4.1078759160E-01   -3.2499215383E-01
   -3.1415926536E+00    2.6703537556E+00    5.0000000000E-01    3.9768236337E-01    9.1707084487E-03   -3.1421781962E-01    4.1078759160E-01    9.8732989624E-17   -3.2499215383E-01
    3.1415926536E+00    2.6703537556E+00    5.0000000000E-01    3.6536716076E-01    3.4815281735E-02   -3.3732701967E-01    4.1078759160E-01   -9.8732989624E-17   -3.2499215383E-01
    2.9845130209E+00   -3.1415926536E+00    1.0000000000E-01   -4.9979440280E-02   -1.6271228930E-01   -4.6421212674E-01   -1.1856182867E-16   -1.5333685509E-01   -4.6863862401E-01
    2.9845130209E+00    3.1415926536E+00    1.0000000000E-01   -2.0288209948E-02   -1.1693195827E-01   -4.7000471076E-01    1.1856182867E-16   -1.5333685509E-01   -4.6863862401E-01
   -3.1415926536E+00    2.9845130209E+00    1.0000000000E-01    2.1522565741E-01    4.0457270661E-02   -4.6196879904E-01    1.5333685509E-01    1.1856182867E-16   -4.6863862401E-01
    3.1415926536E+00    2.9845130209E+00    1.0000000000E-01    1.3983100907E-01    2.1039966314E-02   -4.7608805288E-01    1.5333685509E-01   -1.1856182867E-16   -4.6863862401E-01
    2.9845130209E+00   -3.1415926536E+00    2.5000000000E-01   -4.4238688307E-02   -1.4726995379E-01   -4.4550228549E-01   -1.1505779708E-16   -1.4880506615E-01   -4.4134723516E-01
    2.9845130209E+00    3.1415926536E+00    2.5000000000E-01   -2.7681690111E-02   -1.1748277238E-01   -4.5189407873E-01    1.1505779708E-16   -1.4880506615E-01   -4.4134723516E-01
   -3.1415926536E+00    2.9845130209E+00    2.5000000000E-01    1.9865849827E-01    3.4562218490E-02   -4.4218327554E-01    1.4880506615E-01    1.1505779708E-16   -4.4134723516E-01
    3.1415926536E+00    2.9845130209E+00    2.5000000000E-01    1.2695510056E-01    1.6718561601E-02   -4.6013284274E-01    1.4880506615E-01   -1.1505779708E-16   -4.4134723516E-01
    2.9845130209E+00   -3.1415926536E+00    4.0000000000E-01   -4.0767325792E-02   -1.3578797374E-01   -4.2298259881E-01   -1.1165732528E-16   -1.4440721182E-01   -4.1564517307E-01
    2.9845130209E+00    3.1415926536E+00    4.0000000000E-01   -3.0692619070E-02   -1.1622751858E-01   -4.3240602887E-01    1.1165732528E-16   -1.4440721182E-01   -4.1564517307E-01
   -3.1415926536E+00    2.9845130209E+00    4.0000000000E-01    1.8408460456E-01    3.0324912946E-02   -4.2262524764E-01    1.4440721182E-01    1.1165732528E-16   -4.1564517307E-01
    3.1415926536E+00    2.9845130209E+00    4.0000000000E-01    1.1881926576E-01    1.4431246198E-02   -4.4247968948E-01    1.4440721182E-01   -1.1165732528E-16   -4.1564517307E-01
    2.9845130209E+00   -3.1415926536E+00    5.0000000000E-01   -3.9933434994E-02   -1.3099031975E-01   -4.0660539118E-01   -1.0944636210E-16   -1.4154775744E-01   -3.9934749272E-01
    2.9845130209E+00    3.1415926536E+00    5.0000000000E-01   -3.0586851137E-02   -1.1472710265E-01   -4.1928428026E-01    1.0944636210E-16   -1.4154775744E-01   -3.9934749272E-01
   -3.1415926536E+00    2.9845130209E+00    5.0000000000E-01    1.7536241850E-01    2.8054887644E-02   -4.1049353869E-01    1.4154775744E-01    1.0944636210E-16   -3.9934749272E-01
    3.1415926536E+00    2.9845130209E+00    5.0000000000E-01    1.1569156321E-01    1.3783198486E-02   -4.3040454533E-01    1.4154775744E-01   -1.0944636210E-16   -3.9934749272E-01
