   -4.5032853105E+00    5.3826591005E-01    2.9966470473E-03    3.3326927380E-03
   -2.3082956286E-01    6.3555388370E-01    2.0248845267E-01    1.9966171873E-01
    6.6474067637E+00    2.6020687618E-01    1.9969200896E-02    2.0279416066E-02
   -7.6193421032E+00    1.8002408003E-01    3.9173493619E-04    6.0915434159E-04
    7.2583795502E+00    1.6002395983E-01    5.6978817355E-03    5.9692268513E-03
    1.3890590358E+00    8.5501626957E-01    3.3416964002E-01    3.2941904206E-01
    3.0281207387E+00    3.5178024798E-01    7.0973968194E-01    7.1415458308E-01
   -9.2022549614E-01    7.5224655487E-01    6.1716720571E-02    5.9947935319E-02
   -3.7852364333E+00    5.6272269488E-01    6.4955589124E-03    6.7060318975E-03
   -4.9331165709E+00    4.0659630653E-01    3.6544790005E-03    4.1301449027E-03
   -1.1282972203E+00    6.7607704903E-01    7.1422352127E-02    6.9832830846E-02
   -4.3244909676E-01    4.4576392952E-01    3.5374246766E-01    3.5261341218E-01
    6.9651166982E+00    4.0177725320E-01    2.9431071759E-02    2.9587171434E-02
    1.7585223600E+00    3.3792239953E-02    6.3987654216E-01    6.4109155987E-01
    5.6586998667E+00    3.1406324025E-02    1.8185460578E-02    1.8576506622E-02
   -7.6253792888E+00    6.7538488431E-01    5.3984858163E-05    3.8479882748E-05
   -1.4522518223E+00    8.8470673524E-02    5.5059506123E-01    5.5105550271E-01
    4.6835911079E+00    8.6945594267E-01    9.2570681411E-01    9.3205574932E-01
    2.0151708481E+00    8.2173276404E-02    6.2819678956E-01    6.3047199096E-01
   -6.1086876556E+00    1.4933318828E-01    3.9794020787E-03    4.2503247819E-03
    3.5044303409E+00    1.1756359640E-01    2.4568646579E-01    2.4620060794E-01
    7.2271210251E+00    9.5359298453E-01    2.8390309376E-01    2.8564962963E-01
    1.4111198467E+00    3.2455266941E-01    9.9424355190E-01    9.9808831914E-01
   -5.5968098002E+00    1.3973273768E-01    7.8274653862E-03    8.0751930810E-03
    3.2453416860E+00    3.0426313526E-02    2.1669614347E-01    2.1672851706E-01
    1.5070725015E+00    4.0678027143E-01    9.7010346828E-01    9.7294482667E-01
   -2.7998429110E+00    2.2608635723E-01    1.0746297661E-01    1.0746829983E-01
   -7.6463455815E-01    7.8148659531E-01    6.3096877967E-02    6.1157295885E-02
    4.2313752606E+00    8.4585181554E-01    9.8007361437E-01    9.8550650493E-01
   -3.0249212237E+00    3.3164959302E-01    5.1730981676E-02    5.1632634096E-02
   -4.2969030246E+00    7.0077202440E-01    1.7966098041E-03    1.7474551084E-03
    2.8790460054E+00    7.5160135227E-01    9.3080235562E-01    9.3193762696E-01
   -3.5725018534E+00    1.2397847173E-01    7.9757722187E-02    7.9900779853E-02
   -1.9400275627E+00    5.7126245137E-01    5.0686281854E-02    4.9861624367E-02
    3.2848122063E+00    5.6404078464E-01    9.2098826570E-01    9.2652008810E-01
    4.0906364604E-01    1.8674654679E-01    9.5981991120E-01    9.6239137361E-01
   -7.6411092846E+00    3.0635773579E-01    9.2544279403E-05    2.9479369854E-04
   -6.8301136053E+00    1.2502148239E-01    1.8678897572E-03    2.0911488394E-03
   -1.2357292084E+00    8.9272168551E-01    2.2537987625E-02    2.1026379351E-02
    1.1905521548E-01    6.1080619431E-01    2.9996718086E-01    2.9686853545E-01
    3.7977721044E+00    2.3772524865E-02    1.2679422891E-01    1.2654369978E-01
    6.7281551317E+00    3.3136417822E-01    2.6558236112E-02    2.6765432208E-02
    1.5140894146E-01    5.9099705527E-01    3.3086163248E-01    3.2791394192E-01
   -7.5798989615E+00    7.2244727817E-01    7.4860056285E-05    3.1244366314E-05
   -7.5869361594E+00    3.5901616781E-01    4.8926772930E-05    2.3470654355E-04
    3.2090971033E+00    7.2992452141E-01    9.8972051362E-01    9.9308218332E-01
   -5.8413193649E+00    9.0727758704E-01    3.9995633076E-04    8.9072573055E-05
    8.4088981888E-01    7.7206518159E-01    2.9402739717E-01    2.8959337561E-01
    3.0001999532E-01    6.4897906741E-01    3.0113414128E-01    2.9755776072E-01
   -4.0726939568E+00    4.3757307382E-01    9.0262311212E-03    9.4167274457E-03
    5.1870439256E+00    1.6590980792E-01    6.1111485742E-02    6.1015034908E-02
    6.8787242073E+00    5.2598007157E-01    6.0389638789E-02    6.0273530201E-02
    3.1093594465E+00    6.8847583761E-01    9.9431317369E-01    9.9810014065E-01
   -2.4989978871E+00    3.5490079006E-01    7.9926003953E-02    7.9585674065E-02
   -3.0055083520E+00    1.1665538507E-01    1.4400420100E-01    1.4422807519E-01
   -9.7452395237E-01    4.8819108611E-01    1.9120006039E-01    1.8985326177E-01
    6.4517864581E+00    9.6725804579E-01    5.2189501675E-01    5.2640956975E-01
   -3.4309464709E+00    6.2768977249E-01    7.1111765707E-03    7.1122277377E-03
   -1.7358144888E+00    5.1343305798E-01    8.2502839413E-02    8.1510766767E-02
    1.0678894061E+00    3.5686384192E-01    9.3578688945E-01    9.3816104399E-01
    2.0107665528E+00    3.3869767935E-01    9.6242335111E-01    9.6727438370E-01
    3.4656910977E+00    4.4672883290E-01    7.1131004101E-01    7.1598254854E-01
   -4.4208312137E+00    6.7702019013E-01    1.6941772105E-03    1.7207455026E-03
   -7.3202693340E+00    8.3156747623E-01    1.3687249508E-04    2.3178832352E-05
    4.3672217104E+00    3.4258364290E-01    2.8658443331E-01    2.8780101769E-01
    4.4765498534E+00    3.6364538314E-01    2.8398677604E-01    2.8520822467E-01
    8.2907454846E-01    2.5901221161E-01    9.7134140240E-01    9.7448072665E-01
   -4.6973376428E+00    2.0045680306E-01    1.5926866706E-02    1.6236402672E-02
   -3.4836861463E+00    6.1614045689E-01    7.0823354271E-03    7.1215832663E-03
    1.1632169895E+00    3.5866378205E-01    9.5177390044E-01    9.5440564723E-01
    7.6526228665E+00    9.3675208025E-01    1.8420803175E-01    1.8479434992E-01
   -7.6243247991E+00    6.9466115562E-01    6.1821042648E-05    3.4598183379E-05
   -3.2181658927E+00    8.2653531157E-01    3.8042497283E-03    3.1082213968E-03
    1.2318764019E+00    7.4783267890E-01    4.2979183526E-01    4.2547778955E-01
    2.2407886295E+00    4.4702270543E-01    9.9118872955E-01    9.9567752844E-01
   -6.8903091615E+00    4.3730905913E-01    1.2909468079E-04    3.4812695716E-04
    5.5888310825E-01    7.5700668078E-01    2.4682518441E-01    2.4263815563E-01
    6.3742466939E+00    6.5962694033E-01    1.8183910214E-01    1.8236634990E-01
   -5.2076696941E+00    6.5567033057E-01    6.7340588719E-04    7.6511710020E-04
    3.5940364678E+00    8.8474195549E-01    9.4897481616E-01    9.5020751603E-01
   -2.6192123102E+00    6.3739347750E-01    1.7303523372E-02    1.6971864516E-02
   -4.1544865154E+00    7.2826150574E-01    1.9237689238E-03    1.7767643132E-03
    1.5517134871E+00    1.5713270402E-01    8.8326604701E-01    8.8743109083E-01
   -6.2242622694E+00    4.4012610562E-01    4.4866477175E-04    7.5526748219E-04
    6.9515842382E+00    8.5662048403E-01    2.4513530685E-01    2.4640826300E-01
    2.0119169722E+00    3.7351627749E-01    9.8238359134E-01    9.8705056165E-01
    4.9333947517E+00    6.3419843659E-01    5.1092616180E-01    5.1469682204E-01
   -6.1309921244E+00    4.3876130070E-01    5.2869813147E-04    8.4974203220E-04
   -4.6096437317E+00    7.1862946822E-01    1.1670130066E-03    1.0961881189E-03
   -1.5891721607E+00    5.1615478773E-01    9.4388532024E-02    9.3284698462E-02
    7.1980529454E+00    7.8493446360E-01    1.4591566594E-01    1.4613504680E-01
   -1.5438666356E+00    5.2412355164E-01    9.5195165117E-02    9.4045591125E-02
   -1.0565934837E+00    7.3619698944E-01    5.7819711762E-02    5.6215524796E-02
    3.0723193853E+00    1.4178019665E-01    3.7912385089E-01    3.8061602022E-01
    5.4049955656E-01    6.6362933008E-01    3.4486708999E-01    3.4100049653E-01
    2.8691874801E+00    8.3560146343E-01    8.3004393450E-01    8.2879633992E-01
    5.8866868124E+00    5.1827409061E-01    1.5541627598E-01    1.5565307036E-01
    6.4924855824E+00    9.1322865228E-01    4.2973757029E-01    4.3318728132E-01
   -7.3838863044E-01    9.6670639735E-01    2.6710843530E-02    2.4878123771E-02
   -3.8420330234E+00    3.9902271189E-01    1.4669169291E-02    1.4990472653E-02
    2.9079060559E-01    3.4320305668E-01    7.3910369770E-01    7.3973391416E-01
    6.5332296316E+00    3.6747239543E-01    3.9672390058E-02    3.9716212418E-02
   -7.1599515677E+00    3.0577760698E-01    2.6658087315E-04    5.2379928810E-04
   -1.0969949089E+00    1.5874609458E-01    5.5958931290E-01    5.6026679914E-01
    6.5394195284E+00    6.2309772136E-01    1.3324628749E-01    1.3334656476E-01
   -5.4507054506E+00    1.0061310469E-02    1.8983083258E-02    1.8879732520E-02
   -3.1722514014E+00    6.8237490033E-01    7.3412694767E-03    7.1413282389E-03
    9.2529401055E-01    9.4164168480E-01    1.5885029458E-01    1.5573997228E-01
    6.4252333544E+00    9.9094777967E-01    5.6735057242E-01    5.7235985782E-01
   -4.1898039483E+00    5.8570128581E-01    3.4804009744E-03    3.7100712505E-03
   -4.3861257227E+00    2.2905528331E-02    5.6068576422E-02    5.6121347337E-02
   -7.7004633244E+00    2.5610302476E-01    1.5323284836E-04    3.6303638105E-04
    5.0063453682E+00    9.5013604255E-02    5.2170841199E-02    5.2136847654E-02
    4.7804849721E+00    4.6564984645E-03    4.2287216829E-02    4.2353305593E-02
    5.3835598349E+00    6.1308103375E-01    3.4749188146E-01    3.4966463958E-01
   -5.8523912984E+00    7.3374151605E-01    2.8605853077E-04    2.3088831081E-04
   -3.5118232125E-01    4.5016303663E-01    3.7041637413E-01    3.6923386569E-01
   -1.3654186934E+00    9.0826825272E-01    1.8308571245E-02    1.6782955580E-02
    2.3176509922E+00    3.7176678186E-01    9.3587324238E-01    9.4091839731E-01
   -7.0819988304E+00    8.1591204146E-01    1.4675951225E-04    3.3643660604E-05
    5.1962353914E+00    1.6311095629E-04    2.6087539195E-02    2.6376533340E-02
    3.2604568529E+00    8.5697243915E-01    9.0720034866E-01    9.0737282413E-01
   -4.2163123379E+00    5.1405956866E-01    4.9470893870E-03    5.3005805458E-03
    5.5124959728E+00    1.0680170293E-02    1.9246081312E-02    1.9629729494E-02
   -3.8050986008E+00    1.6289134862E-01    5.1893099964E-02    5.2025139692E-02
    8.8193887100E-01    2.8797648470E-01    9.5953539965E-01    9.6248310778E-01
   -1.0274590439E+00    5.1889671971E-01    1.6009878709E-01    1.5861273036E-01
    2.9676953489E+00    2.7683870357E-01    6.1166151982E-01    6.1527325441E-01
    4.1912089430E+00    9.7484700797E-01    9.7538769044E-01    9.7735838993E-01
    6.8836720077E+00    9.3987523565E-01    3.5371505918E-01    3.5629721828E-01
    5.1548848970E+00    8.5555871222E-01    7.8124381571E-01    7.8760852155E-01
   -4.3496890305E+00    1.4596875344E-02    6.0650035946E-02    6.0709685727E-02
   -1.6225317662E+00    1.9602464363E-01    3.4551022765E-01    3.4593939561E-01
    5.9171495805E+00    9.3319473946E-01    6.4832761778E-01    6.5401145051E-01
    3.1868780443E+00    9.5504330904E-01    7.5689557520E-01    7.5343674734E-01
   -7.0196805071E+00    5.3457015268E-01    5.0384154162E-05    1.7387250662E-04
   -1.4998673363E+00    8.0023457718E-01    2.6424661134E-02    2.5298258276E-02
    7.8071746055E+00    3.2673213696E-01    7.4483524952E-03    7.7665372749E-03
    6.7357200803E+00    7.5182387020E-01    1.9336034043E-01    1.9403442986E-01
    5.4102649590E+00    6.6917194731E-01    4.1328388455E-01    4.1620995842E-01
    5.3145587521E+00    9.5380661289E-01    8.6868469770E-01    8.7543290390E-01
    6.5475560159E+00    6.6012714329E-01    1.5550650521E-01    1.5579270732E-01
    7.2835287747E+00    9.8561454159E-01    3.0597352309E-01    3.0798836574E-01
    2.5054074916E+00    7.7768273905E-01    8.0164831490E-01    8.0026301709E-01
    4.5221276569E+00    1.2106913652E-01    9.7272489621E-02    9.7090875299E-02
    6.8735577475E+00    9.1624640604E-01    3.2751533364E-01    3.2977688394E-01
    3.6778754621E-01    1.2708635016E-02    9.8280929849E-01    9.8303952050E-01
    2.2845069070E+00    5.5175551149E-01    9.8203989720E-01    9.8501901390E-01
   -3.9707058888E+00    2.0089714864E-01    3.5894200296E-02    3.6076095065E-02
    8.9329420465E-01    9.0459896131E-01    1.8097310609E-01    1.7736894003E-01
    3.7499670122E+00    5.3409865241E-03    1.2225382414E-01    1.2196221164E-01
   -6.4121478417E+00    9.7152645662E-01    3.2334324882E-04    3.1456223505E-05
   -4.0829378472E+00    9.4708765989E-01    1.4656476007E-03    5.7929194312E-04
    5.0866130670E+00    1.4033680682E-01    5.9915416269E-02    5.9826107879E-02
   -7.7918682662E+00    1.8963537515E-01    2.6520650386E-04    4.7072176679E-04
   -4.3692799189E+00    5.5581408187E-02    4.8574622818E-02    4.8647393431E-02
   -6.9356538269E+00    3.9341965438E-01    1.7661019495E-04    4.2073233290E-04
    2.3705294297E+00    8.2485254626E-01    6.8627408409E-01    6.8323820380E-01
    1.2970839526E+00    1.9936433334E-01    9.7179379794E-01    9.7610418690E-01
   -7.6596020795E+00    5.8184337709E-01    1.9570935897E-05    6.2245460465E-05
    2.6078493903E+00    1.4406578698E-01    5.2503746502E-01    5.2748590195E-01
   -5.6186890746E+00    1.3810102213E-01    7.6994544901E-03    7.9443516449E-03
    6.5483562258E+00    8.5175358168E-01    3.3379122798E-01    3.3609186603E-01
    5.2273410261E+00    7.0938342913E-01    5.2934942801E-01    5.3347609812E-01
   -1.2071561660E+00    4.2150803225E-01    2.0453038708E-01    2.0367183049E-01
   -1.2914487539E+00    5.5823539329E-01    1.0458744085E-01    1.0318081114E-01
    4.7057149352E+00    9.7342640126E-01    9.9019299578E-01    9.9516668288E-01
    8.4452140496E-01    2.0034118839E-01    9.9499204171E-01    9.9853707284E-01
    7.8363670395E+00    2.7081647903E-01    5.3360897081E-03    5.5631557331E-03
    7.8081417464E+00    3.0830305607E-01    6.7324249531E-03    7.0291814825E-03
    4.6667904195E+00    9.4263623444E-01    9.8165571416E-01    9.8708992292E-01
    5.1690633991E+00    9.1482487064E-01    8.5891879666E-01    8.6559920111E-01
    4.5513552737E+00    7.7570139197E-01    8.5059693040E-01    8.5689827174E-01
   -3.7242387752E+00    5.9309975417E-01    5.9673076447E-03    6.1109891094E-03
   -7.5451450643E-02    2.2837029655E-01    7.9334396299E-01    7.9463284117E-01
    3.2988727532E+00    9.5254721735E-01    7.9604513115E-01    7.9325043181E-01
    7.7375381278E+00    1.5127274260E-02    2.0280416117E-03    1.5526948367E-03
   -5.6711248410E+00    4.2637462027E-01    1.1691051798E-03    1.5646872344E-03
   -3.7762667102E+00    4.0842607472E-01    1.5063241246E-02    1.5363831721E-02
   -1.3763624864E+00    8.6692601844E-01    2.1910095662E-02    2.0558273724E-02
    6.9460054754E-01    3.8674811389E-01    8.0364442317E-01    8.0434756935E-01
   -4.5564277977E+00    4.0051519274E-01    6.1258629004E-03    6.5959218185E-03
   -2.1777142089E+00    3.6893509054E-01    1.0333306268E-01    1.0286846802E-01
   -3.4571177444E+00    3.5417395212E-01    2.8854109265E-02    2.8980383877E-02
    7.2442041407E+00    1.9859197356E-01    7.1302942934E-03    7.4620918946E-03
   -4.6400605840E-01    8.9555211130E-01    4.9881510874E-02    4.7946391954E-02
    6.6810813576E+00    1.2316108474E-01    9.1054953659E-03    9.5005629910E-03
    5.9018589455E-01    2.7894398050E-01    9.1129174849E-01    9.1358725297E-01
    2.8381646699E+00    6.0964842089E-01    9.9586549195E-01    9.9999305625E-01
   -1.5867773987E+00    7.0591353461E-01    3.8209109392E-02    3.7171679793E-02
    2.1875202110E+00    3.9078846628E-01    9.7160382103E-01    9.7644616783E-01
    7.8704936088E+00    7.8312677846E-02    2.2276630755E-03    1.8778850995E-03
   -7.5940538845E+00    1.8118606297E-01    4.0409446973E-04    6.2366546806E-04
   -1.1034791224E+00    1.7355838238E-01    5.3431742420E-01    5.3494215835E-01
    6.9526430503E+00    9.5914019769E-01    3.5934623377E-01    3.6200215769E-01
    1.3919039970E+00    2.5594196916E-01    9.8863239997E-01    9.9298770061E-01
   -1.8588076785E+00    5.9945296957E-01    4.8150066133E-02    4.7273457556E-02
    7.5741102604E+00    3.9520728871E-01    1.4206726803E-02    1.4549981749E-02
    2.8844823667E+00    2.1733989628E-01    5.4625919964E-01    5.4923007875E-01
    7.8563808796E+00    3.5841650793E-03    1.8856124612E-03    1.2670274879E-03
