    9.8995766799E-01   -7.7479187849E-02   -1.6882232609E-01    2.6905771325E-01   -7.7528261524E-02   -7.4408229037E-02
   -1.7280735475E-01    9.7121610569E-01    8.6360940604E-01   -8.7212219815E-01   -1.9947482481E-02   -8.1641254667E-03
   -6.0435461852E-01    6.3471678925E-01    2.6078355934E-01    3.4132808047E-01    1.0167185213E-03    3.3329991768E-03
    9.7905013233E-01   -4.4298759164E-01   -4.4726427783E-01    4.9854925043E-01   -9.7912798765E-02   -9.0983657443E-02
    5.9768455208E-01    4.8345440470E-01    6.8290514695E-01    6.2074511321E-01   -5.3059968215E-02   -4.7550043724E-02
    3.5647757959E-01    3.0994301079E-01    8.9633311432E-01    5.9594944239E-01   -6.5084899082E-02   -5.9859595239E-02
   -3.8635979375E-01   -2.5805245863E-01    1.5491071330E-01   -8.2397442660E-01   -9.1507438097E-03   -8.0850449060E-03
   -8.2815152322E-01    2.3514397055E-01    8.9082707358E-01    3.9883561885E-01    3.9590439837E-02    3.9838856378E-02
   -9.3357247781E-01    9.4245840267E-01   -2.8446874634E-01    3.5147954117E-02   -1.3238948182E-02   -5.3151706870E-03
    1.8192730665E-01    1.7461242292E-03   -7.0864733699E-01   -8.8749983528E-01    9.3132099075E-03    8.6673531459E-03
   -4.5063933130E-01    4.9459960863E-01   -5.4494304879E-01    5.6243539953E-01    2.5210975227E-03    1.7779601817E-03
   -6.1691507977E-01    5.2262956695E-01   -3.8333001102E-01   -1.8405420748E-01   -4.1154210375E-03    1.2392774455E-04
    3.6994959364E-01   -4.3161987966E-01   -3.8681199660E-01   -3.8019773049E-02   -1.5347167716E-02   -1.5717646341E-02
   -6.1787404432E-01    8.6413148276E-01    7.9009879832E-01    3.9623605908E-01   -9.1008261288E-03   -7.6368654005E-03
   -9.0385663910E-01    6.2033175950E-01   -9.9984047862E-02    5.8040262521E-01    7.3208970087E-03    8.7227805158E-03
    4.9287546615E-01    1.9667181814E-01   -9.5286939108E-01   -5.9409106924E-01   -6.1749657599E-03   -6.9340669579E-03
   -5.5656443154E-01    6.2239433196E-01   -9.7100440710E-01    5.7318493296E-01   -4.5756413532E-03   -8.0920564872E-04
    6.9830059910E-01    8.4091220191E-01    8.2221474733E-01   -7.0297128290E-01   -2.2500680239E-02   -1.7158874342E-02
   -2.4650234446E-01    4.9028662390E-01    5.2443961445E-01    5.9306994907E-02   -5.3015128912E-03   -1.5692321104E-03
    7.1683133345E-01   -4.7689027503E-03    3.0187934026E-01    3.4965928366E-01   -1.0418333971E-01   -1.0007797442E-01
    1.4272653352E-01   -2.2710470831E-01    8.3439083423E-01   -8.2676831953E-01    7.8506401235E-02    7.6042942212E-02
    8.0742853493E-01    3.9942312113E-01    9.6208496405E-01    8.1124578474E-01   -9.1268038023E-02   -8.3881790404E-02
   -6.6606475060E-01    9.6670127743E-01   -3.6077525960E-01   -4.1239910938E-02   -9.1779789782E-03   -1.9826537889E-03
    6.3854031957E-01    3.9688892769E-02   -9.6174273776E-02   -6.4665371685E-03   -2.5283125171E-02   -2.4054429084E-02
    4.8220346800E-01   -9.2168562943E-01   -5.5760737519E-01   -2.6476822518E-01    6.0845449158E-03    5.5846918403E-03
    5.7522360632E-02    2.0158079461E-02    3.2824308678E-01    9.7106039336E-01   -8.7229254215E-02   -8.4692956964E-02
    4.7596525935E-01   -8.7221452248E-01   -8.1377173312E-01    1.1409643343E-01   -1.7695679951E-03   -4.5249388431E-04
    5.2968781311E-01   -6.3061618802E-01    2.7077700903E-01    1.6146604894E-01   -9.8395908678E-02   -9.4853037813E-02
   -7.7890894054E-01    1.8513186234E-01    3.2759622382E-02    6.5718906985E-01    4.9381084987E-02    4.7287138389E-02
    6.0593611189E-01    1.9520860453E-02    7.2244868381E-01   -7.4149033874E-01    9.3801614081E-02    9.2810162568E-02
    5.6656621314E-01    1.0519201211E-01   -2.4674742115E-01    1.8287265522E-01   -3.4147330942E-02   -3.3508791060E-02
   -5.3690622950E-01    6.4689686921E-01    8.0584315989E-01    1.8732968935E-01   -1.8314686509E-03    1.6151457432E-03
   -7.2950634814E-02    5.0107667659E-02    6.1675622428E-01    2.1751048545E-01   -2.4167385546E-02   -2.1575482831E-02
   -4.1715169524E-01   -6.7280006932E-01    3.6844525335E-01   -8.2534424627E-01   -1.6297072773E-02   -1.8464930253E-02
    7.4898118170E-01    3.5756890267E-01   -6.8722066185E-01    6.1118946015E-01   -5.9568805962E-03   -1.1578537507E-02
   -4.7701985342E-01    6.5876283017E-01   -6.1127784067E-01    2.3296141353E-01   -2.5734354417E-03    2.4284857191E-04
   -8.7998232945E-01    2.1883358928E-01   -1.0297883788E-01   -7.5585104582E-01   -3.6244564103E-02   -3.1190937078E-02
   -9.7492045785E-01   -9.4691343019E-01    7.3517504060E-01    1.8128501423E-01    9.5164656415E-02    9.4046961566E-02
   -1.3147010477E-01    2.2082755811E-01    4.2229350573E-01    1.5215373997E-01   -1.2876927808E-02   -1.0489039305E-02
    7.8297447922E-01    8.7979301845E-01    8.3747895057E-01    5.5982633839E-01    2.9030534532E-02    3.5051209785E-02
    4.9746534044E-01    1.8238338195E-01    5.2403609836E-01   -6.1267236627E-01    4.9703928559E-02    5.0453382147E-02
   -8.2998822916E-01   -4.9166418189E-01    3.3175686569E-01    1.5241183396E-01    5.6452630130E-02    5.4004710388E-02
    4.9544214109E-01   -8.0383341084E-01   -6.9163799058E-01    3.7095279832E-01   -2.5656732334E-02   -2.3166691841E-02
   -1.4727238389E-01    8.3185302419E-01    8.7139720781E-02    9.2315992501E-01    4.2569093232E-03    6.1231851443E-03
    9.6363233641E-01    3.1676921595E-01   -8.7405081571E-01    8.1727728476E-01    2.0706945494E-02    7.5558041332E-03
    6.0684631999E-01   -7.1025758816E-01   -8.3823884246E-01   -6.2450819552E-01    4.2325663159E-03   -2.9227830156E-03
    5.9528081853E-02    1.0310741433E-01   -5.8598690115E-02    4.7413728479E-01   -3.5319404942E-02   -3.5236978830E-02
    8.5695739055E-01    4.6748912869E-02    9.2253686755E-01   -2.0398842429E-01   -1.7496646351E-03    7.4233974531E-04
   -2.3555321936E-01    5.1218908930E-01   -3.0672111779E-01   -9.7507679954E-01   -2.7082450215E-03    2.4979063851E-03
   -6.5070328398E-01   -2.1147198123E-01    8.3091355604E-01    3.7649584243E-01    4.6874207323E-02    4.6925705956E-02
   -1.7483793931E-01    4.3868796302E-01   -9.7651336473E-01   -1.0935916189E-01   -3.2735027795E-04    2.1397810985E-04
    2.9320058437E-01   -6.3059484654E-01    2.9077995378E-01   -2.3147662436E-01    6.9355408584E-03    6.3852054176E-03
   -9.3443592174E-01    3.2795683055E-01   -4.4125476104E-01   -9.2487817199E-01   -2.5214245418E-02   -1.9650079761E-02
   -6.4006635071E-01   -9.7560815487E-01   -3.9846039696E-01    9.2335942035E-02    2.2522560971E-02    1.6370766844E-02
    1.6042305796E-01    3.8628075370E-01    6.0951907856E-01   -3.2916310674E-01    2.7997156001E-03    6.3143508315E-03
   -5.1038556180E-01   -1.3690366055E-01    2.5430604129E-01   -1.9208292108E-01   -6.8882932295E-04    3.2588473814E-04
    1.8871271031E-01    8.0085583200E-01    2.1128953183E-02   -1.8347105384E-02   -2.3503561762E-03    1.9835034941E-03
   -5.7232066184E-01   -9.5474854359E-01   -6.2219494582E-01    3.0239003247E-01    2.0272475652E-02    1.0441932082E-02
   -8.8682893119E-01   -1.7624207179E-01   -3.8853067986E-01   -9.6379552703E-01   -5.2180791371E-02   -4.7320174838E-02
    1.8315502362E-01   -8.2143177757E-01    9.6422023238E-01   -4.3021642846E-01    4.6268091716E-02    4.1889289013E-02
    7.3597175955E-01   -8.4228408058E-01    3.9100300978E-01    7.4485536533E-01   -3.3812219199E-01   -3.2144804086E-01
    5.2985414175E-01   -5.8458648452E-01    4.9621212792E-01    5.5602575800E-01   -2.1118411932E-01   -2.0255850755E-01
    7.2020807928E-01    3.4224225818E-01   -8.3465328408E-01    8.7465576579E-01    1.2022867119E-02    1.9398002145E-03
   -6.4188077398E-01    8.5528506979E-01    9.5397844209E-01   -6.1950318809E-01   -6.4681206579E-03    5.2263562459E-03
    8.7787602773E-01    9.0975427489E-01   -9.1091480953E-01   -4.1596222450E-01   -7.0752110869E-03    1.3272628561E-03
    1.3864834664E-01    4.1410194943E-02   -4.6779485143E-01    1.8975712004E-01   -1.2100546934E-02   -1.3615305497E-02
    3.2418065963E-01    6.9090454594E-01   -8.3216966470E-01    8.2199492162E-01    9.3053628169E-03    6.8694209842E-05
   -5.8987173212E-01   -2.6578503949E-01   -2.4401326587E-01    3.4326467104E-01    2.6574679269E-02    2.2964579301E-02
    1.4583512246E-01   -1.9982828599E-01   -2.2294086342E-01    1.2703989195E-01   -2.4069440679E-02   -2.4743587364E-02
    3.9283787144E-01   -5.1815687146E-01   -7.2067336413E-01    5.1517224553E-01   -1.6691997637E-02   -1.7305689267E-02
   -5.8508225123E-01    2.4005911131E-01    6.3923884358E-01    1.8551305820E-01    1.2078419578E-02    1.4016996226E-02
   -9.2940063922E-01    7.2902304200E-01   -2.9439531133E-01   -8.5519227218E-01   -6.0700189920E-03    9.2427667875E-04
    1.8486268085E-01   -8.1151261154E-01   -5.6396013821E-02   -1.7651531147E-01   -3.1656704420E-03   -3.4388441312E-03
    5.0782578589E-02    2.2081334052E-01   -6.0566286130E-01    2.3834349852E-01   -4.0024658051E-03   -5.7788112567E-03
   -2.4780944474E-01   -8.0841486293E-01   -7.4188429126E-01   -6.6710528834E-01    1.7376859800E-03    1.3056921275E-03
    2.7328632720E-01   -1.2432630465E-01    7.7178062283E-01   -7.3567808908E-01    7.6530978483E-02    7.4907952136E-02
   -6.1877117757E-01   -3.7936107539E-01   -8.5922619775E-01   -1.8849031456E-01    9.7814116248E-04   -4.5728762544E-05
    5.2791028794E-01   -7.3607325501E-01    4.8174003000E-01   -1.9202448795E-01   -2.4295386074E-03   -2.3474650025E-03
   -4.3551910209E-01   -6.4601874757E-01    9.4667192246E-01    5.5023814669E-02    8.1653579289E-03    8.8688814324E-03
   -9.4970600600E-01    6.6246665895E-01    2.0349139342E-01   -3.6752859868E-01   -8.5788283197E-03   -1.4411730055E-03
   -4.3166368059E-01   -8.4651821038E-01   -1.2787211350E-01    3.5967757140E-01    1.9119442035E-02    1.4920237464E-02
    8.6024776807E-01    1.2136698290E-01    1.8665128855E-02   -7.7201084513E-01    7.9363454289E-02    7.9608317246E-02
    2.2508768378E-01   -4.6935908686E-01    4.7813318179E-01    6.3166503150E-01   -1.4778573303E-01   -1.4189337111E-01
    3.9692246456E-01   -9.1663690062E-02   -5.0893390486E-01   -1.6893919041E-01   -1.4219308478E-03   -1.6926359357E-03
    2.6201874341E-01    4.3368840855E-01   -9.7759578379E-01    2.4661755447E-02    4.0767740626E-03    1.9484744826E-03
   -2.4142614995E-01    9.9913557658E-01    2.8881604130E-01    2.9905223205E-01   -7.1599205359E-04    3.7920427963E-03
   -2.6248683089E-01    5.6199981279E-01    9.8101884314E-01    2.3332633396E-01   -4.9567129054E-03   -1.3375977675E-03
    1.2411787481E-02   -5.2304916947E-01    2.3165667749E-01    7.3563327823E-01   -9.8795910493E-02   -9.6212773279E-02
    1.3323115213E-01   -2.1506238652E-01    9.0960178461E-01    2.5373524525E-01   -5.5576854290E-02   -5.2541361928E-02
   -8.2063352872E-01    8.4442184095E-01   -2.5718655801E-01    7.6791864575E-01   -1.2778856473E-02   -1.0400937370E-02
   -9.9517126583E-01    3.2646775031E-03    5.4997879397E-01    4.8929964245E-01    9.1999441552E-02    9.0303762159E-02
   -4.2168818519E-01   -1.3582041399E-01   -6.9591571622E-01    3.2377003897E-01    5.6026709771E-03    1.5458554109E-03
    3.1319556187E-01    1.5969245451E-01    5.9751227631E-01    6.9579753260E-02   -3.1217436442E-02   -2.7954430466E-02
    6.4784042363E-01   -5.0869070362E-01    2.5542743095E-01    2.6820454280E-01   -1.2980189183E-01   -1.2521938838E-01
    5.7837721304E-01    4.2892884082E-01    7.4929014108E-01    8.7806400575E-01   -7.9228275665E-02   -7.3631114831E-02
    6.9815492640E-01   -2.4779303681E-01    6.8041912167E-01    9.0086943987E-01   -2.7157437962E-01   -2.6039786428E-01
    5.3169069072E-01    8.1019556702E-01    5.7506296847E-01    2.5929559991E-01    5.0087132427E-03    1.0716025441E-02
    1.7681744910E-01    7.4812871589E-01   -2.0673559068E-01   -2.9463517623E-01   -4.4165705309E-03   -3.0935622389E-04
   -2.4262247299E-01    8.8956833698E-03    5.1513112802E-01   -4.6568237011E-01    3.1457182942E-03    5.0915276205E-03
   -2.7481670757E-02    4.3438300123E-01    3.6341161780E-01   -1.6380274332E-01   -4.3493661516E-03   -9.2267308051E-04
   -5.6291066381E-01    7.6531820092E-02   -9.4244892347E-01   -6.3089834802E-01   -1.2969472954E-03    2.5803624473E-03
   -2.8853695357E-02    2.7110776741E-01    3.8809260798E-01   -2.9925041365E-01    1.3975039360E-03    3.9766407407E-03
    8.3092584546E-01   -4.7958624765E-01   -1.8865517510E-01    8.1302392790E-01   -2.0847651389E-01   -1.9904182566E-01
   -9.5241776290E-01   -6.3995183995E-01    5.7310649227E-01    4.0632217185E-01    1.3155368472E-01    1.2811803268E-01
    9.0729744377E-01   -6.7995208035E-01    9.9367795899E-01    4.7310435094E-01   -2.4388415738E-01   -2.2419332070E-01
    1.7363237948E-01    7.1003253915E-01    5.4104552201E-01    9.4300067156E-01   -4.3899357373E-03   -7.0749920164E-04
    3.7851509233E-01   -2.9643950405E-01    5.7221278846E-01    4.2981654793E-01   -1.2549229432E-01   -1.2022319743E-01
   -1.1502818702E-01    5.0449310975E-01   -9.5110590900E-01   -5.0757790132E-01   -2.2674233946E-03   -6.3752097682E-04
   -4.7315455416E-01    1.2544538975E-01    5.3243661188E-01    9.5743810107E-01    2.7482551296E-02    2.7401251768E-02
   -6.1663957137E-01   -1.8680738695E-01   -9.4374762843E-01    5.0244947449E-01    2.2461009800E-03   -7.0463053149E-03
   -1.4103715254E-01    3.5215409805E-01   -8.8383378087E-01   -1.7465470498E-01   -3.2660454460E-04    3.9487976306E-05
   -5.4056137095E-02   -1.0847214096E-01   -4.0932848752E-01   -2.0304782994E-01    5.8982816145E-04    8.9735804006E-05
    8.7063958728E-01   -1.9644549359E-01   -7.7740539639E-01   -8.5834311661E-01    1.4617220117E-02    7.6232910772E-03
    2.1981529501E-01   -9.3241552009E-01   -1.9248495591E-01    9.5996848293E-01   -1.5718937414E-01   -1.5190543340E-01
    7.0733748334E-01   -9.3718735195E-01   -4.0967105806E-01    8.2381624532E-01   -1.7121533833E-01   -1.5687374704E-01
   -9.5317241110E-01    3.5076976863E-01   -7.7979724641E-01   -3.7469690788E-01   -8.5830724973E-03   -4.9068772835E-04
   -1.8153147779E-01   -8.2305865295E-01   -7.9626563361E-01   -3.1051009261E-01    1.6726355008E-03    1.5958137777E-04
    5.8544888849E-01    7.3891188535E-01    7.7685631823E-01   -7.8602116338E-01   -8.3905779418E-03   -3.6019182008E-03
    2.5189635601E-01   -8.3565344719E-01    4.9318455806E-01   -6.9910002219E-01    1.1399094904E-01    1.0887989573E-01
   -7.6358595695E-01   -7.0133362345E-01   -3.6069741769E-01   -2.0061002704E-01    2.3790580707E-03   -4.6466921150E-05
    4.3805379261E-01   -7.6487280719E-01   -6.9971977687E-01   -2.9550209728E-01    4.6467196736E-03    3.4130646051E-03
    9.0339012814E-01    9.0718596905E-01    1.1209149224E-02   -8.1438243962E-01   -3.7088286287E-02   -2.8881729581E-02
    1.7638998083E-01   -3.5089466118E-01    1.3720303747E-01    5.3053148248E-01   -9.5587332039E-02   -9.3134639958E-02
   -6.9960122503E-01   -7.2053452465E-01   -2.6831718189E-01   -8.1133553096E-01   -4.8477778600E-02   -4.6741547069E-02
    4.0566771075E-01   -9.3914737295E-01    8.8382967300E-01    2.1776040080E-01   -1.1893253150E-01   -1.1190924063E-01
    1.8838406269E-01   -1.8643945713E-01    5.1980572968E-01   -6.2708609970E-01    5.7745643904E-02    5.6256442789E-02
   -3.4998036388E-01   -5.4782728554E-01   -5.5328503141E-01   -7.8538887857E-01   -5.3658231422E-04   -9.5987968781E-04
   -9.5579319768E-02    5.6297319062E-01    4.3140664821E-01   -9.4415634871E-01    2.1025737615E-03    8.0049953463E-03
    5.2892190758E-01    6.9170363107E-01    8.4198556301E-01   -3.5560116445E-01   -5.2577976444E-03    8.3262011973E-04
   -3.7811515296E-01   -3.3670081397E-01    8.6090971502E-01   -5.7151382255E-01   -4.8693835375E-03   -4.8048187072E-03
   -5.3711287808E-01    4.0154404880E-01    7.4712749002E-01   -2.0140012374E-02   -3.1320551573E-04    3.5165837463E-03
    3.5988075067E-01    5.0320270454E-01   -5.8753227386E-01    1.4558623679E-01   -3.0878094335E-03   -3.7116727167E-03
   -4.4656273168E-01   -7.5204305655E-01    8.7015130536E-01   -7.9926938620E-01   -1.9198878417E-02   -2.4641357544E-02
   -2.4250344534E-01    1.4252490274E-01    8.8607168522E-01    2.7892357214E-01   -9.7516149961E-03   -7.2003166259E-03
    4.1060152578E-01    1.2808156928E-01   -4.5289562572E-01    9.5922432189E-01   -5.0292250737E-02   -5.3032050343E-02
    5.1132955754E-02   -6.2650690642E-01    4.7387622429E-01    3.0348337318E-01   -7.0095632039E-02   -6.7390542931E-02
   -9.5513866057E-01   -3.8728452842E-01    1.4361242955E-01    3.9297147895E-01    9.9296288122E-02    9.4187585430E-02
   -8.5376420066E-01   -7.4995703523E-01   -8.5680931879E-01   -5.7282292647E-01   -6.2469200265E-03    3.0376243367E-03
   -1.5446615105E-01    7.8544337103E-01   -6.8993612008E-01   -1.9209408877E-01   -3.4033910907E-03    4.4355832219E-06
    1.4881901935E-02    2.2161238862E-01    4.9160360984E-01    1.6673394197E-02   -1.3925475306E-02   -1.1174170405E-02
    4.7472151304E-01   -9.5245495027E-01    2.6651728845E-01    8.9057270027E-01   -3.0876413409E-01   -2.9470806924E-01
    8.4101939146E-01   -3.3727164357E-01   -7.6051023002E-01    1.8682048822E-01   -8.5413469896E-03   -7.1244386137E-03
    1.8926117682E-02    1.8199411054E-01    2.9257698775E-01   -8.2532385266E-01    3.0937648532E-02    3.2804636377E-02
   -9.4748737019E-01    4.4489455634E-01    8.7906093744E-01   -6.3719902342E-01   -2.9323240478E-02   -2.0414201147E-02
   -9.4836701992E-01   -2.8196766437E-01    1.9727721661E-01    6.2850300762E-01    1.2785684177E-01    1.2213484644E-01
    4.0113713791E-01    4.5984904282E-01    2.1383606028E-01   -9.0601702907E-01    3.1005831069E-02    3.4091855066E-02
   -7.3016492061E-01    8.1455517409E-01    6.2968396449E-01   -7.1641546766E-01   -5.1530446261E-03    6.2591507412E-03
    1.0511122736E-01    5.4413036319E-01    1.1794601527E-01    9.9812913536E-01   -2.2864320992E-02   -2.2079414836E-02
    3.7502499415E-02    2.9795813482E-01   -5.1645565827E-01    7.4385885496E-01   -1.0507774612E-02   -1.3942386918E-02
   -5.0908674460E-01   -1.2485385236E-01   -2.9313460335E-01   -1.9891067414E-01    2.2664176886E-04    2.5959597203E-05
    6.4838049070E-01   -6.6818038415E-01   -2.0011970583E-01    1.3659664030E-01   -6.9962504770E-02   -6.7043172526E-02
    8.5984052591E-01    5.1960143138E-02    2.8711364701E-01   -7.2296570167E-01    9.5435689947E-02    9.5287486991E-02
    3.8866993081E-01    3.7695167523E-01   -7.0219806134E-01    4.4236174003E-01   -2.3456538281E-03   -5.6853780964E-03
   -3.1237473588E-01   -2.9019841988E-01    7.4147061003E-01    3.3891836187E-01   -4.4444088252E-03   -3.2127674140E-03
   -3.7568854400E-01   -7.6668922986E-01   -1.0102517243E-01   -2.4229128969E-02    4.4308704198E-03    2.0429247732E-03
   -1.2181549405E-01   -2.3617827788E-02   -7.3239022788E-02   -4.1433171865E-02   -5.5480946163E-03   -5.4085038349E-03
    8.0647330726E-01    9.3451609157E-01   -8.1063479742E-01   -5.1220508804E-01   -9.8538631388E-03   -1.6947288592E-04
   -4.2886830887E-01    2.5537954497E-01   -8.3074046008E-01   -1.1072162282E-01   -1.0922662965E-03   -1.6714372915E-05
   -2.1697681110E-01    2.6866115967E-02    7.4150870262E-01    9.0093324783E-01   -2.7209586129E-02   -2.5041894355E-02
    1.3348617577E-01   -2.8627231616E-01    5.8673700104E-01    3.1852292193E-01   -7.0686683038E-02   -6.7374351904E-02
    2.5134581910E-01   -3.2260464130E-01    2.1850064245E-01   -3.3688288354E-01    2.1493542520E-02    2.0719222465E-02
    4.3321138721E-01   -1.0654233420E-01    2.2852136214E-01    3.1818527470E-01   -8.4020691402E-02   -8.0939644506E-02
   -5.5260390171E-01    3.5404038027E-01   -1.8111903071E-02    7.9693403369E-01    1.9570372475E-02    1.8026823113E-02
   -9.1503366674E-01    6.6313495246E-01   -4.6249281843E-02   -8.9316314867E-02   -4.8399270070E-03    7.4314914536E-04
    5.4590271380E-01   -3.1483271420E-01    7.1534560547E-01   -8.5194856938E-01    1.5364045697E-01    1.4924460541E-01
    5.5956873167E-01   -2.7270923373E-01    4.2395218305E-01   -1.3946184591E-01   -1.4176814777E-02   -1.3593776332E-02
    1.0363431856E-01   -4.8197557679E-01   -8.6933093734E-01   -4.1262881960E-01    1.5139528189E-04   -1.6987943108E-03
   -5.8716720535E-01   -5.9908639387E-01   -9.2694919848E-01   -4.1673049039E-01    3.2073312145E-04    2.3248039228E-03
   -4.3546076828E-01    2.3228091378E-01   -6.3743166994E-01    3.4480866816E-01    3.3168633213E-03    1.6146814217E-03
    1.4540212369E-01   -2.8267243590E-01    4.7526051359E-01   -5.5564121796E-01    4.8531471852E-02    4.6953239529E-02
    9.5657785831E-01    8.7350416049E-01   -3.6577899706E-01   -5.1702660965E-01   -1.5736946105E-02   -7.6865164119E-03
   -9.5304059989E-01    3.8932231124E-01    9.1048281156E-01   -1.3828005220E-01   -3.1762886637E-04    3.4832390766E-03
   -4.0227073658E-01    6.5307062315E-01   -9.7900041343E-01   -7.3311953359E-01   -3.5625478297E-03    1.2312412251E-04
    1.5398455024E-01    4.9566535779E-01    1.9982293047E-01   -9.3691780791E-02   -6.3872623350E-03   -3.0953919891E-03
    2.8009857869E-01   -1.0595458915E-01   -6.8167014213E-01    3.3480058932E-01   -8.7061516784E-03   -1.1259784429E-02
   -8.6128864519E-01   -1.2538188174E-01    1.8418051050E-01    8.7143755720E-01    1.2079064108E-01    1.1555533829E-01
    6.9860388531E-02    5.1401336156E-01   -9.8251095563E-01   -8.0463792687E-01   -3.7279869302E-03   -2.6548969016E-03
    7.9678083674E-01    3.1925388066E-01   -9.7276056819E-01   -6.7213857697E-01   -1.1078896218E-02   -9.1906553452E-03
   -6.5095871176E-01    3.1134066113E-01   -4.1421029973E-01   -9.0291573378E-01   -1.6435976397E-02   -1.1615743985E-02
    4.4925455847E-01    7.6948391098E-01    3.1689964438E-01   -2.1095591079E-02   -3.0748027030E-03    2.1195162558E-03
   -3.2740153877E-01    2.7478695501E-01   -6.3523632159E-01   -4.0158480843E-01   -2.0750363003E-03    3.2514792861E-05
   -5.1931081443E-01    4.5652301148E-01   -8.3335583459E-01    5.6089444564E-01    6.4327466581E-05   -1.8529853575E-04
    1.9396418589E-01   -6.8573459197E-01   -1.0405506551E-01   -3.3196122688E-01    1.8658128010E-02    1.7695483843E-02
   -7.7803278367E-01   -1.1974778875E-01    4.6627133573E-01   -6.2312394805E-01   -4.8130812628E-02   -4.4538140258E-02
    8.6894802977E-01    7.1324096806E-01   -3.2986859640E-01    8.2996295084E-01    8.1599459597E-03   -1.6272609588E-04
    2.5148962153E-01   -2.5296744502E-01    5.5540055354E-02    7.6653560695E-01   -1.2245176824E-01   -1.1990204018E-01
    6.1667434396E-01    2.6839687317E-01    5.4353757272E-01   -3.9744355194E-01    2.0542379124E-02    2.2777437354E-02
   -7.6637401555E-01   -1.2247739860E-01    9.4289869097E-01   -4.2148580396E-01   -2.4483440684E-02   -2.1671958561E-02
   -5.7620546647E-01    4.3725893643E-01   -4.0834274868E-01   -3.1739914238E-01   -5.0975765386E-03   -1.0681450263E-03
   -1.9864652009E-01    3.2309575453E-02   -8.5629270936E-01   -9.7318680021E-01   -1.0168604461E-03   -8.7789930422E-04
    8.9975661818E-01    5.6986892720E-01    6.6106360625E-01   -3.3285156456E-01    8.9294021332E-04    5.9898678921E-03
   -1.9298332945E-01    4.8247103282E-02    2.2590446199E-01    4.8527272643E-01   -1.7990485850E-02   -1.7354628123E-02
   -1.3207418546E-01    4.7239397889E-01    4.6453427355E-01   -7.8425108334E-01    3.5412989579E-03    8.6311377775E-03
    3.8403992316E-01   -7.1643960669E-01    9.0872926225E-01   -4.7080909262E-02   -3.7863294867E-02   -3.6638689058E-02
    6.7562444570E-02    3.2725866016E-01    7.5196440996E-03    9.3188283972E-01   -3.9651766071E-02   -3.9941896196E-02
    3.5864843502E-01    6.7120292685E-01   -8.2230712054E-01    7.4256462042E-01    8.6312924461E-03    3.6237442524E-05
    7.3583585155E-01    3.6548181224E-02   -1.7213191682E-01    9.3035533490E-01   -1.3348253437E-01   -1.3094637288E-01
    8.1156069780E-01    8.2645730456E-01   -7.3531761152E-01    9.3748607520E-01    2.9010348802E-02    3.2974281899E-03
   -9.2298578806E-02    9.3341279471E-01    2.3076405217E-02    5.7786009170E-01    6.9603391281E-03    9.9616949447E-03
   -4.8025412792E-01   -2.0195457622E-01   -7.6918317233E-01    6.9680567265E-01    1.0388078759E-02    1.8422787095E-03
    3.6348825699E-02   -3.1359388664E-01    4.0680968726E-01   -3.5000780497E-01    1.6260131705E-02    1.5728408218E-02
    8.1665370395E-01   -2.6505520915E-01    7.5206834602E-01    5.6629968228E-01   -2.1057798163E-01   -2.0102160748E-01
   -8.9499394597E-01   -3.8844478603E-01   -8.1823558008E-01    2.3264277510E-01    8.3767360123E-03   -4.2872931018E-06
   -1.3712436362E-01   -6.8250781084E-01   -2.5900742587E-01   -3.6822148645E-01    8.7350867489E-03    7.0619572211E-03
    8.1742744105E-01    2.4619544272E-01   -5.0228968127E-01   -9.3495369991E-01    3.2981515452E-02    3.3868916316E-02
   -6.8133818132E-01   -9.7987737906E-01    4.6134286179E-01   -4.5811389933E-01   -3.4467755095E-02   -3.6263288148E-02
   -3.9653142518E-01    3.6474980065E-01   -8.2733673284E-01   -1.6764071838E-01   -1.9210309124E-03   -2.2436224634E-06
    1.1566175132E-01    8.8328336959E-01   -7.4705838812E-01    3.2722754930E-01    2.0778079662E-03    9.4504708391E-04
    8.0315416930E-01    9.8189555933E-01   -1.0252205269E-01    6.8248432335E-01    5.2207426581E-02    4.8092329040E-02
   -5.2372549354E-01    1.7140257163E-01   -5.1588651369E-01   -6.6800072054E-01   -8.0540892471E-03   -4.7874200505E-03
   -5.4826571534E-01   -9.5418894334E-01    6.6228554386E-01   -4.1999462105E-02    1.4313812453E-02    1.3933039179E-02
   -9.6255791556E-01   -4.8779395049E-01    7.5136003146E-01    1.5337613476E-01    7.0346268710E-02    6.9463333936E-02
    6.2579317102E-01   -8.0997279149E-01   -4.2341224416E-01    6.2572564795E-01   -1.1948411630E-01   -1.1234471749E-01
    5.9756062151E-01   -9.9068700307E-01    4.0070619523E-01   -4.4978932865E-02   -5.5766133687E-02   -5.2089283907E-02
    6.7294497936E-01    2.2616206750E-01   -1.2932705537E-01    8.5112598617E-01   -9.1846203540E-02   -9.0908030256E-02
   -7.3154891230E-01    4.6748303210E-01    6.3159485483E-01    4.6136796113E-01    1.8536325788E-02    1.9572804406E-02
   -4.3897790157E-02   -9.9673926743E-02    6.3757404341E-01   -8.5273532356E-01    4.4987053004E-02    4.4522737172E-02
   -1.7067733667E-01    8.1653650545E-01   -3.6331618665E-01    1.2656306885E-01   -2.3157421325E-03    8.1350599404E-04
    2.8970637402E-01   -2.5646643627E-01   -5.0471577257E-01    7.9408427055E-01   -5.1860261194E-02   -5.3865864300E-02
   -8.8524985380E-01    6.3182408293E-01    9.5026393828E-01   -2.8299440634E-02   -1.1862579426E-03    2.1939695334E-03
    6.4952942393E-01   -9.9967377809E-01    9.1468861153E-01    1.9001533705E-01   -1.4292501256E-01   -1.3192890541E-01
    4.0755710661E-01    7.1394487829E-01   -8.0488981881E-01    6.7340009297E-01    8.7554017410E-03   -9.1248181087E-07
   -5.2703904224E-01    2.8119137320E-02    9.9339034909E-01    6.5483114208E-01    2.9740421293E-02    3.0308476846E-02
    6.8906199659E-01   -9.7863965941E-01    4.0177135120E-01    8.4317472729E-01   -3.7809593192E-01   -3.5775118333E-01
   -4.7563732510E-01   -6.7421730277E-01   -9.0745790798E-01   -5.2065550821E-01   -3.9590057209E-04    1.6512822741E-03
    1.1024235888E-01   -4.2404703059E-01   -4.2142732967E-01   -3.0517759497E-01    7.0648734837E-03    6.1764551184E-03
   -1.2843238049E-01    3.7793439415E-02   -3.7612544912E-01    9.7227623487E-01   -1.7032891630E-02   -2.1616648522E-02
    3.7096191861E-01   -4.4632259286E-01    6.3759153555E-01   -1.8138042593E-01   -3.8619340951E-03   -4.0008963957E-03
    5.2390111788E-01    9.4969401594E-01    8.7210094191E-01    2.5396467970E-03    3.6996256354E-03    1.1084787624E-02
    8.6045900096E-01    8.7975047130E-01   -3.2866416581E-01   -9.1020943502E-01   -2.8951116383E-02   -1.8118907649E-02
    6.4436061212E-01    7.1111742443E-01   -4.6203406899E-01   -9.0266972143E-01   -6.2495360411E-03    2.2459948020E-04
   -5.4371112881E-01   -9.7080624931E-01    1.7181389709E-02    3.2972769683E-02    1.9465492213E-02    1.6074853288E-02
   -2.0281647078E-01   -6.0795071274E-01   -3.7386427260E-01    8.8428620119E-01   -1.7690538772E-02   -2.2683934500E-02
    7.3964369756E-01    8.6638947892E-01   -1.0000722456E-01   -9.4958007752E-01   -3.0454232929E-02   -2.2728071998E-02
    3.9835975554E-01    9.1008661807E-01   -3.6934000070E-01   -8.7030265445E-01   -1.9602317004E-02   -1.3032985916E-02
   -8.7746006338E-01    6.9140305363E-02    4.2288268954E-01    6.6654783515E-01    8.6427055128E-02    8.4367758866E-02
   -1.8748341704E-01    6.0046915435E-01   -3.6936716898E-01   -5.9005786823E-01   -3.6185752758E-03    9.5666316924E-04
    9.7589682568E-01   -3.4653572608E-01    7.9067509457E-01    2.0069477993E-01   -1.2875857255E-01   -1.2188284543E-01
    8.4196501004E-01    5.0364774041E-01   -6.1711379999E-02   -6.7828028702E-01    1.8713788036E-02    2.2416576482E-02
    6.7628311987E-01    3.3834389462E-01   -6.8864844910E-01   -9.5031678534E-01    8.8704398050E-03    1.0675215525E-02
    6.6431984402E-01    9.0761322578E-01    6.1971973256E-01    8.4434595614E-01    4.8425676824E-02    5.2619748863E-02
    8.1844450199E-01    3.2025428658E-01   -6.0383109607E-01   -3.8420135927E-01    3.1887418946E-03    5.0359762394E-03
    9.1044109684E-01    9.7122908319E-01    1.7396039045E-01   -6.6414199442E-01   -4.0392731549E-02   -3.2848740492E-02
    3.1317593645E-01    5.5536547810E-01   -3.1407219414E-02   -2.7221085079E-01   -1.6247463888E-03    1.6768505980E-03
    5.6526595712E-01   -7.5786172696E-01    9.6637237164E-01    2.1524915665E-01   -1.2570990622E-01   -1.1817050838E-01
    8.5919471843E-01    8.3249281209E-01   -4.2323121881E-01   -3.7545284551E-02    1.0970444834E-03    2.4804571665E-03
    4.5973443276E-02   -9.7458272997E-01    3.8802990030E-01    7.0802960610E-01   -1.3766882477E-01   -1.3185811207E-01
    2.8556336337E-01    1.0351102298E-01    7.9461240221E-01   -7.2563404020E-01    5.5392081109E-02    5.5775060806E-02
   -4.9633823610E-01   -5.9820570273E-01    2.3590942774E-01   -9.1111834196E-01   -3.6109915116E-02   -3.7073854618E-02
    1.1166177558E-01    8.0919792262E-01   -5.7137767738E-01   -7.7263875174E-01   -6.6356676408E-03   -1.9603039422E-03
    4.6874587652E-01   -9.8931802695E-01    3.8474637069E-01   -6.6660145810E-01    1.4324705193E-01    1.3763933169E-01
   -8.0151848021E-01    9.4305291323E-01   -3.4673712682E-01   -6.5498112395E-01   -1.1941370825E-03    7.2904860216E-03
   -5.1036723090E-01    8.9417531978E-01   -4.0676106799E-01    9.0869869482E-01   -6.8612544733E-03   -4.5864312932E-03
    6.3582663338E-01   -7.1932638635E-01    3.5196386954E-01   -3.8810042996E-01    6.0077437903E-02    5.8227812510E-02
   -9.7398353327E-01   -6.2072924969E-01    5.1684326087E-01   -5.7166767207E-01   -8.1510284696E-02   -8.0592970753E-02
   -5.4615998986E-01   -8.8883718362E-01    7.3449623832E-01   -3.3784266884E-01   -1.0300485489E-02   -1.1702300583E-02
   -8.6695672836E-01   -2.1316069125E-01    5.4822578223E-01   -8.8105787770E-01   -9.6258186205E-02   -9.3072504872E-02
    2.9631617871E-01    6.4970509251E-01    8.2564739688E-01    6.5238019380E-01   -1.4707321965E-02   -9.7479733345E-03
    1.6213549407E-01   -6.0127133333E-01    8.0792882136E-01    5.7503175787E-02   -4.4713305053E-02   -4.3044301054E-02
   -9.5745025994E-01    1.6368675419E-01   -9.6032855555E-01    9.4751854184E-01   -3.6957197833E-03   -1.6925676293E-02
    3.2598117378E-01   -7.1186842604E-01    1.1496203545E-01   -9.1516987766E-02   -2.2419821538E-02   -2.1798827410E-02
   -7.0233613433E-01   -7.2379795574E-01   -6.2204495398E-01    3.9540599232E-01    2.8502771496E-02    1.7300883513E-02
    8.1854452822E-01    7.0350716336E-01   -8.5746323889E-01   -6.0498281314E-01   -8.2886915207E-03   -5.6415385386E-05
    6.5341762826E-01    4.1876685826E-01    8.8608107432E-01   -5.3534725715E-01    2.2032321794E-02    2.5375929895E-02
   -1.5089452075E-01   -1.5698393550E-01   -4.1911236528E-01   -1.7819568256E-01    3.7502692471E-04   -4.3380827606E-04
   -1.6143109423E-01    1.1647078657E-01    3.4597739256E-02   -9.1044844119E-01    1.4722736210E-02    1.7562704491E-02
    5.8821436690E-01    9.4685280251E-01    6.7694948722E-01   -1.9449902900E-01   -6.9016200518E-03    3.2788721096E-04
    1.0556517562E-01   -5.9931762323E-01    2.7417880494E-01    8.8338678393E-01   -1.5191939484E-01   -1.4716229864E-01
    9.7954587994E-01   -4.5836704194E-01    2.6971726678E-01   -5.4914464623E-01    1.1258140111E-01    1.0945392694E-01
    9.7601771830E-01   -3.8339388786E-01   -3.9861646338E-01   -8.9125698576E-01    1.0505865470E-01    9.6878948364E-02
    5.8334880243E-01    8.8527246888E-01   -2.4428276313E-01   -4.1693770249E-01   -1.0841530869E-02   -5.6039021804E-03
    6.4613292489E-01    8.2964974128E-01   -8.0321918486E-01   -5.0492198152E-01   -6.0911342270E-03   -1.5559813144E-04
    5.6891940921E-01    5.5140278394E-01    4.4077635180E-01   -5.0030324942E-01    8.0682919313E-03    1.2137382014E-02
   -4.6552984690E-01    1.8619950834E-01   -7.3798537820E-01    2.1697086685E-01    2.0317440367E-03    7.8201155190E-04
   -9.4314313303E-03   -5.4325940691E-01    5.7802958071E-01    3.6037994854E-01   -6.4053049534E-02   -6.1232992514E-02
    4.1235909415E-01    9.0509443471E-01   -4.5291577889E-01    3.6053088793E-01    9.5707690995E-03    8.9582516531E-03
    9.6719226597E-01   -9.6974545148E-01   -8.1807837543E-01   -7.5250866887E-01    2.3400653914E-02    2.6414251483E-05
   -7.0889060513E-01   -1.4725075947E-01   -5.1915996743E-01   -7.1699892100E-03    7.1960249744E-03    5.8485031708E-03
   -4.7203333877E-01   -1.8314785056E-01   -5.6533116615E-01   -3.3077406668E-02    3.4256511828E-03    1.6748040830E-03
   -1.7204531080E-01    7.3385203688E-01    5.9402776462E-01   -3.3941195668E-03   -5.0472995709E-03    1.9440765849E-04
    8.6825068442E-02   -2.2650377222E-01   -9.4596247674E-01   -7.3273680669E-01   -5.6469200409E-03   -8.3320036760E-03
   -5.6955347471E-01   -1.9896961453E-01   -2.9173352608E-01   -7.3844732631E-02    5.4408873788E-03    4.3427371952E-03
   -2.7221427611E-01   -2.6212981892E-01   -2.3912223634E-01    5.1048892291E-01   -4.1211483845E-03   -7.1824203502E-03
   -4.3213971805E-01   -2.9165209577E-01   -3.2733946444E-01    2.0118615526E-01    8.6718515064E-03    5.8890615251E-03
    9.0552551759E-01   -6.0281605287E-01    6.6294786014E-01    9.9947240408E-01   -4.2629326477E-01   -4.0312291863E-01
   -5.8000757301E-02    7.9110422260E-01   -5.7895127120E-01    9.1745480272E-01    3.8236909361E-03    1.8178170877E-03
    8.3513516970E-01   -7.5367783053E-01   -9.5033328201E-01    2.9714218690E-01    1.8699617888E-02    2.6487157349E-02
    7.3773236818E-02   -4.4211203899E-01   -6.7078608246E-01    9.9173770926E-01   -1.9979667784E-02   -2.3496182850E-02
    3.5477058374E-01    2.1929684178E-01   -9.4223582653E-01    5.1302836890E-01    1.3811959356E-02    9.3590785867E-03
   -1.9834717484E-01    4.1182706921E-01   -8.1518910107E-01   -3.2651089397E-01   -1.6459878293E-03    5.2996029316E-06
    2.7344002637E-01   -2.1842306745E-01    2.8954193655E-01   -4.6024555417E-01    3.9467335637E-02    3.8423959019E-02
    9.8381170110E-01   -8.4337464431E-01    1.6231583018E-01    2.5164590235E-01   -1.7248068622E-01   -1.6215280871E-01
   -9.4925673557E-01   -6.3762787407E-01   -3.7537223376E-01    4.5025514506E-01    7.6198912181E-02    6.3846925142E-02
   -1.3793489029E-01   -6.5288323524E-01   -9.8811602214E-01    4.7040860480E-01    1.6040826282E-02    8.7435137976E-03
    8.6908038129E-01    9.1828039537E-01   -4.5982459356E-01   -6.7192810554E-01   -2.1584221489E-02   -1.1282398261E-02
    1.7398799962E-01   -4.8811606168E-01   -4.8055748092E-01   -9.4902595380E-01    4.6424413249E-02    4.3651006275E-02
   -2.3235095981E-01    1.9890593914E-01    7.9032269256E-01   -9.8862843859E-01    8.5935953174E-03    1.2066040336E-02
    9.4676378255E-01   -2.0958542257E-01   -2.3367097436E-01   -8.1764150597E-01    1.0405917171E-01    1.0031970576E-01
    3.6056029584E-01   -5.6532020744E-01    6.9021258291E-01    2.8991464855E-01   -1.1505044456E-01   -1.1026314227E-01
    9.8204760995E-01   -9.9283166984E-01    1.8590593255E-01   -6.5199826319E-01    1.8215135305E-01    1.7242164174E-01
    1.1963605464E-01    8.7694534689E-01    4.4554281339E-01   -4.4267188283E-02   -2.4220377157E-03    3.4469517883E-03
    1.6405485130E-01   -1.0379859250E-01   -4.4168062521E-01   -9.4585876039E-01    3.4202755153E-02    3.4388579031E-02
   -9.9115669916E-01   -2.3698841601E-01    5.5966169623E-01    4.1612949679E-01    1.0685178161E-01    1.0437283675E-01
   -8.6839728221E-01    7.3689453634E-01    5.9455684383E-01    4.8345655035E-01   -2.7981523294E-03   -2.4559693519E-03
    4.5826229756E-01    2.3913384438E-01    1.8135557631E-01    2.6149421814E-01   -4.6433832767E-02   -4.3491028198E-02
    8.5094450093E-01    3.7005709614E-01   -9.7954932931E-01    2.9888940801E-01    1.6417862240E-02    9.1039235409E-03
    3.4883414185E-01    2.2128238462E-01   -2.3483172723E-01   -1.0403625774E-01   -6.5740662371E-03   -5.5949982684E-03
    3.9513392307E-01   -4.1947846398E-01   -4.0241489899E-01   -4.2719042487E-01    2.2260128669E-02    2.1753836032E-02
   -8.4137078869E-01    9.1240001020E-01    3.5014530881E-01    1.8866330963E-02   -1.1637778496E-02   -6.3949720303E-03
   -5.7217815786E-01   -8.7022815909E-01   -4.8502929464E-01   -9.5526231726E-01   -2.8515111234E-02   -2.5232271298E-02
    1.2042894028E-01    4.2203005240E-01   -1.3786243368E-01    8.9630248949E-01   -2.7487840335E-02   -2.8607015420E-02
    5.5154624509E-01    4.3321414060E-01    5.7939174449E-01   -7.2235827530E-01    3.3344840214E-02    3.6063104132E-02
   -9.4904264918E-01    3.1722783967E-01    6.0788379094E-01   -6.4405304286E-01   -3.9063257488E-02   -3.1793284249E-02
   -7.3806476051E-01   -1.7788057891E-01   -8.0676853815E-01    2.6699857634E-01    5.8687675523E-03    6.0509437765E-04
    3.6969557860E-01   -1.8170388889E-01   -9.8233517355E-01    4.5078352527E-01    2.2153386082E-02    1.9924222772E-02
    5.6101750053E-01    4.4250893128E-01   -2.2095184789E-01    5.6332028445E-01   -3.1041300414E-02   -3.1002732128E-02
    1.5180745571E-03   -7.4737634098E-02   -2.3936120579E-01    2.3745552662E-02   -9.7505066061E-03   -1.0336744809E-02
    2.7396782905E-01    4.7628264743E-01    7.4962964904E-01   -4.7794416038E-01    7.5173748389E-03    1.1799004301E-02
   -2.0988606029E-01   -1.3084533874E-01    4.5346498631E-01    6.8764546433E-01   -2.7370139731E-02   -2.6158908884E-02
   -8.5097109568E-01    4.1446013283E-01   -1.2460826330E-01   -5.4029106389E-01   -1.6669253276E-02   -1.0950784188E-02
    4.0924127025E-01    7.5197670043E-01    6.1717717911E-01    8.7362262379E-01    4.0348462479E-03    8.3596480416E-03
   -3.8697669536E-01   -9.8267199289E-01   -7.7517162892E-01    8.9193527261E-01    2.0877089384E-02    1.0992932601E-03
    2.2304682251E-01   -6.0889026004E-02    2.1845868469E-01   -9.7953259435E-01    8.6192871412E-02    8.5602074598E-02
   -8.8740569908E-01    2.0357223660E-01    7.8045615601E-01    3.9783004458E-01    4.8411999657E-02    4.8418110481E-02
   -1.7875555615E-01   -1.7803439218E-01    4.3600772968E-01    3.8041244054E-01   -2.4142307740E-02   -2.2782257970E-02
   -9.0769248307E-01    4.6667155754E-02   -4.9865372903E-01   -9.0054709452E-01   -3.1757504480E-02   -2.6304104715E-02
    2.3917085504E-01   -8.0487434097E-01   -4.0621254360E-01    9.2757228341E-01   -1.0337991729E-01   -1.0076291647E-01
    5.8804333346E-01    7.2800210074E-01    9.6853466141E-01    8.7655724804E-01   -2.2328867109E-03    3.3507878054E-03
   -1.1397050224E-01    4.8815543826E-01    4.6509453508E-01    4.1801660247E-01   -1.2389653391E-02   -9.2839401489E-03
    5.4429266940E-01   -5.5898892485E-01    7.8005468106E-01    3.1428289875E-01   -1.4458677206E-01   -1.3805315766E-01
   -1.8937902959E-01   -9.8922342178E-02   -8.3750051828E-01    4.3770864224E-02    2.4599166488E-03    1.7990844175E-04
   -6.1513637451E-01    2.1316104797E-01   -8.4521845992E-01   -6.2813980526E-01   -3.9380920239E-03    5.4467490413E-04
    7.8736973683E-01   -9.9209345320E-01    8.3472076285E-01    5.8303764904E-01   -3.1613372100E-01   -2.9113031969E-01
   -3.6137823086E-01   -7.7457962087E-01    3.7642400192E-01   -2.8423850120E-01    2.8239915323E-04   -8.8756865550E-04
    7.0512391863E-01   -2.2845323310E-01    9.9390779369E-01    7.9290085967E-01   -2.2692115648E-01   -2.1422269427E-01
    8.7186861240E-01    8.3150218789E-01    1.4549199679E-01   -1.2135437076E-01   -2.6674186511E-03    2.4852137912E-03
   -7.5338209803E-01   -2.5424847500E-01    9.9527036418E-01   -3.1143413088E-01   -1.3559490686E-02   -1.1750641568E-02
   -7.0791769861E-01   -1.5236725815E-02   -9.7068439954E-01    8.5169024987E-01    3.5181555056E-05   -1.3549231069E-02
    2.9863816732E-01    1.9906359864E-01   -7.1224721878E-01    6.0699827201E-01   -4.8830340352E-03   -8.6764701810E-03
   -3.8459045748E-01    9.6996375850E-01   -1.7582118396E-01   -9.8532639914E-02   -6.1250249611E-03   -2.7029282790E-04
   -5.2056938807E-01   -3.4781616337E-01    4.3622213884E-01    1.5863335291E-01    2.0365128030E-02    1.9878780909E-02
    6.5460637748E-02   -3.1961340746E-01    7.1195621216E-01   -7.0716257227E-01    6.0238610546E-02    5.7984347356E-02
    5.8564298603E-01    4.7307650024E-01    6.9271448885E-01   -4.7018021448E-02   -1.4341561034E-02   -9.4114635291E-03
    3.6490182475E-01   -8.4720108429E-01    5.7459662693E-01   -1.8292016529E-01   -4.3893817237E-03   -4.4547563929E-03
   -8.7552425900E-01    1.1208527433E-01   -2.3293993509E-01   -8.5441990121E-01   -4.1542067195E-02   -3.7006153048E-02
    9.9242275466E-01   -1.3787013895E-01    2.8415469245E-01   -5.3122892170E-01    8.1312428562E-02    8.0621057251E-02
    7.7113659253E-01   -2.6073841245E-02    7.6473186221E-01    7.5783743056E-01   -1.9732589511E-01   -1.8857271740E-01
    2.1505351075E-01   -8.9814832040E-02   -6.8869256168E-01   -3.3062405668E-02   -1.5778661538E-03   -2.9919748651E-03
    5.7160626278E-01   -1.9025269598E-01   -6.3759780062E-01    2.3576085178E-01   -1.7565355075E-02   -1.8358507793E-02
    9.4278319458E-01   -5.8153111981E-01    3.0991120592E-01    6.6730264063E-01   -2.9899612507E-01   -2.8562669175E-01
    3.6155981886E-01   -1.6514783426E-01    4.1578477048E-01   -4.3580279396E-01    3.9798178578E-02    3.8862512497E-02
   -9.5999309188E-02   -7.6997862648E-01    7.6865858274E-01   -5.1640308594E-01    3.1729236438E-02    2.8345295241E-02
    8.8981395494E-01    1.9594772866E-01   -5.2241513806E-01   -6.0561379789E-01    1.9046946691E-02    2.0373094401E-02
   -6.4311579191E-01    3.3411012959E-01   -3.9924499900E-01    1.8592778482E-01    5.2692561089E-03    6.1721876713E-03
   -7.0282286250E-01   -4.4533210527E-02   -8.8269040694E-01   -1.1763405062E-02   -5.3475302528E-04   -1.1018115368E-03
    5.8017749192E-01    4.5013444329E-01    2.9660884441E-01    8.1871164367E-01   -6.5177280995E-02   -6.1819536844E-02
   -5.9020108971E-02    4.7823976655E-01   -9.5411267026E-01    5.5167492048E-01    5.1914670252E-03    2.1978778735E-03
    4.6045224629E-01    6.1272629115E-01    4.1855198796E-01    4.7244627314E-01   -1.9461798695E-02   -1.5015389713E-02
    1.4517365483E-01    2.5910086872E-01   -7.4900583618E-01   -4.3686291337E-01    5.9327090603E-04    1.1746671035E-03
   -2.4459300688E-01    6.9040314014E-01   -4.9599539212E-01   -8.6624076840E-01   -4.9535018723E-03    1.5134561973E-04
   -7.6129354760E-01   -3.7864891344E-01    3.6689990255E-01   -5.3424184635E-01   -4.3425214967E-02   -4.1748115648E-02
    4.4929874275E-01    7.9041152172E-01    1.0426131774E-01   -9.0955768898E-01   -1.5943597763E-02   -1.0176006654E-02
    7.6245553956E-02    5.0024183075E-01    3.8736147813E-01    1.6376369693E-02   -9.3477670374E-03   -5.6347236491E-03
    1.2512983780E-01    2.8627583997E-01    3.1362109473E-01   -8.0046803956E-01    3.0962250764E-02    3.3161382887E-02
    1.2818135243E-01    1.2897020374E-01   -8.2193919638E-01   -8.8562130546E-01    4.4999075917E-04   -2.2331954290E-04
   -6.7852437443E-01    2.9823196481E-02    1.9598277482E-01   -5.4917457389E-01   -2.5556031917E-02   -2.1986534572E-02
    5.0786113167E-01    9.2879819532E-01   -4.5929068566E-01   -2.9922776044E-01   -6.0338855377E-03   -1.9596878716E-03
    7.8881033793E-01   -2.7393477210E-01    5.6074694980E-03   -3.5859000704E-01    3.3998350929E-02    3.3679775085E-02
   -7.1310975740E-01    2.0212067617E-01   -3.2021227752E-01   -9.5431231407E-01   -2.7101552305E-02   -2.2556772404E-02
   -3.0346997755E-01    8.5286806585E-01    5.0477879105E-01   -8.5677354529E-01   -1.0492396726E-02   -8.3387318135E-04
   -2.3913625596E-01    8.7220373364E-01    9.0625882011E-01    1.6187003497E-01   -3.2238969661E-03    1.5923686862E-03
   -4.4092404630E-01   -8.2196783175E-01    9.0179590486E-01    1.6316497801E-01    1.3527051944E-02    1.4574578531E-02
   -6.7898443066E-01    6.5080631240E-01    1.4941879429E-01   -5.0045685928E-01   -8.7438965107E-03   -1.7795393182E-03
    6.1405218060E-01    3.8371105090E-01    8.0881699101E-01   -9.8809131588E-01    6.3914148414E-02    6.4722215924E-02
   -5.5659483540E-01   -8.0488581774E-01    4.0682246079E-01    3.3167680620E-01    4.6621695491E-02    4.4691496189E-02
    6.6219430915E-01   -9.7910480154E-01   -1.6232289283E-01    3.2150374698E-01   -1.3090095704E-01   -1.2319951186E-01
    6.2016777313E-01    8.2291514627E-01   -8.2010334729E-03   -8.9247250802E-01   -2.1436880646E-02   -1.5169765009E-02
   -6.3817503527E-01   -4.2512467075E-01   -7.7689560861E-01   -4.9456584050E-01   -2.9644892415E-03   -1.2918109002E-03
   -8.9027535417E-01   -1.3351101468E-01   -6.2787054570E-01   -2.8000769583E-02    5.3673470004E-03    4.7967190199E-03
    5.7169293065E-01   -9.7419835631E-01   -4.0533466726E-01    3.8650873655E-01   -9.1440130824E-02   -8.5354650022E-02
    4.8489978501E-01    3.0721823306E-01   -7.3628597884E-01    5.9702344623E-01   -2.0425245758E-03   -6.5910466120E-03
   -7.3330570257E-02    3.4426529701E-02   -3.1466670111E-02    4.8330475935E-01   -2.6720719877E-02   -2.7097694538E-02
    1.3911297344E-01   -8.0349292124E-01    3.7090217946E-01   -7.8090783913E-01    1.0450439696E-01    9.9654234336E-02
    7.1132723186E-01    9.6475023996E-01   -2.9225736824E-01    8.6449375760E-01    4.8264913539E-02    3.9091133687E-02
    1.8045763916E-01    5.3224290863E-01    3.3655232506E-01    8.5761426036E-02   -1.1500184042E-02   -7.7109457976E-03
    5.8070503315E-01   -6.7045993751E-01    5.6987209287E-01   -7.8100741608E-02   -3.8192494789E-02   -3.6774217453E-02
    5.8979530024E-01    9.1500534345E-01   -9.1536820762E-02   -3.8473947498E-01   -1.2502618346E-02   -6.8383769274E-03
    3.3920606161E-01    1.2080169518E-01    6.8847782941E-01    6.4706637709E-01   -9.9506979024E-02   -9.4026196523E-02
   -3.2713247361E-01    7.0882647910E-01    6.7047760829E-01    7.8354995527E-02   -4.7813398678E-03   -2.9520204966E-06
   -1.2481269339E-01   -3.0867073182E-01   -2.4932740610E-01    4.0223633308E-01   -1.9082039899E-02   -2.1274098517E-02
   -5.2404424711E-01    7.8951488595E-01    7.5096904090E-01    1.2265904920E-01   -5.7265622344E-03   -1.4267212744E-03
   -6.0445792176E-02   -9.0479103604E-01    4.9143912442E-01    1.2664215973E-01   -3.6838988577E-02   -3.5507446562E-02
   -2.1181664736E-01   -2.0395518078E-01   -1.3838420118E-01    5.1469471721E-01   -1.3438975754E-02   -1.5561906894E-02
    7.6143279796E-01    7.4202892794E-01    9.9485478940E-01   -7.9184445292E-01   -7.5794022431E-03   -4.3026961460E-03
    9.1897891082E-01   -8.2466760123E-01    4.9110013809E-01    2.0771266059E-01   -1.6949105134E-01   -1.5965262394E-01
   -2.5141800647E-01    3.3546733868E-01   -4.9578207468E-01   -8.8993248442E-01   -1.5218446788E-03    2.2668122504E-03
   -7.7841246940E-01   -8.1559477597E-01    5.1150365058E-01   -3.6054938387E-01   -2.6612188524E-02   -2.7282666672E-02
   -5.6995571335E-01   -1.0755288581E-01   -5.7747911797E-01   -4.7461265304E-01   -5.2755170966E-03   -4.1189108058E-03
    9.0547843409E-01    2.2254263076E-01   -6.9018037238E-01   -5.4045279831E-01    5.6398508181E-03    7.2034947961E-03
    6.1138179901E-01   -6.9077634439E-01    3.4999055971E-01    1.7519506860E-01   -1.1660796067E-01   -1.1193182480E-01
