# DNNF90 training history: one row per validation event
#  1:epoch  2:patience
#  3:cost_train    4:cost_val    5:cost_input   (per point;
#    the composite objective, Loss_term weights applied --
#    the same sum the optimizer descends)
#  6:cost_train_f  7:cost_train_df  8:cost_val_f  9:cost_val_df
# 10:cost_input_f 11:cost_input_df
# 12:rmse_train_f 13:rmse_train_df 14:rmse_val_f 15:rmse_val_df
# 16:rmse_input_f 17:rmse_input_df
# 18:mae_train_f  19:mae_train_df  20:mae_val_f  21:mae_val_df
# 22:mae_input_f  23:mae_input_df
1  0    0.98054E-01    0.48370E-01    0.95570E-01    0.98054E-01    0.00000E+00    0.48370E-01    0.00000E+00    0.95570E-01    0.00000E+00    0.44284E+00    0.00000E+00    0.31103E+00    0.00000E+00    0.43720E+00    0.00000E+00    0.31939E+00    0.00000E+00    0.22859E+00    0.00000E+00    0.31485E+00    0.00000E+00
100  1    0.42940E-01    0.64241E-01    0.44005E-01    0.42940E-01    0.00000E+00    0.64241E-01    0.00000E+00    0.44005E-01    0.00000E+00    0.29305E+00    0.00000E+00    0.35844E+00    0.00000E+00    0.29666E+00    0.00000E+00    0.25548E+00    0.00000E+00    0.28715E+00    0.00000E+00    0.25706E+00    0.00000E+00
200  1    0.35489E-01    0.47700E-01    0.36100E-01    0.35489E-01    0.00000E+00    0.47700E-01    0.00000E+00    0.36100E-01    0.00000E+00    0.26642E+00    0.00000E+00    0.30887E+00    0.00000E+00    0.26870E+00    0.00000E+00    0.20742E+00    0.00000E+00    0.21998E+00    0.00000E+00    0.20805E+00    0.00000E+00
300  1    0.59839E-02    0.83179E-02    0.61006E-02    0.59839E-02    0.00000E+00    0.83179E-02    0.00000E+00    0.61006E-02    0.00000E+00    0.10940E+00    0.00000E+00    0.12898E+00    0.00000E+00    0.11046E+00    0.00000E+00    0.98345E-01    0.00000E+00    0.12177E+00    0.00000E+00    0.99516E-01    0.00000E+00
400  2    0.20429E-01    0.18862E-01    0.20351E-01    0.20429E-01    0.00000E+00    0.18862E-01    0.00000E+00    0.20351E-01    0.00000E+00    0.20213E+00    0.00000E+00    0.19423E+00    0.00000E+00    0.20175E+00    0.00000E+00    0.19181E+00    0.00000E+00    0.18041E+00    0.00000E+00    0.19124E+00    0.00000E+00
500  2    0.14483E-02    0.37568E-02    0.15638E-02    0.14483E-02    0.00000E+00    0.37568E-02    0.00000E+00    0.15638E-02    0.00000E+00    0.53821E-01    0.00000E+00    0.86681E-01    0.00000E+00    0.55924E-01    0.00000E+00    0.41340E-01    0.00000E+00    0.60510E-01    0.00000E+00    0.42298E-01    0.00000E+00
600  2    0.16539E-02    0.22751E-02    0.16850E-02    0.16539E-02    0.00000E+00    0.22751E-02    0.00000E+00    0.16850E-02    0.00000E+00    0.57514E-01    0.00000E+00    0.67455E-01    0.00000E+00    0.58051E-01    0.00000E+00    0.46973E-01    0.00000E+00    0.57387E-01    0.00000E+00    0.47493E-01    0.00000E+00
700  2    0.64538E-03    0.14279E-02    0.68451E-03    0.64538E-03    0.00000E+00    0.14279E-02    0.00000E+00    0.68451E-03    0.00000E+00    0.35927E-01    0.00000E+00    0.53440E-01    0.00000E+00    0.37000E-01    0.00000E+00    0.30146E-01    0.00000E+00    0.43672E-01    0.00000E+00    0.30822E-01    0.00000E+00
800  2    0.64194E-03    0.11772E-02    0.66871E-03    0.64194E-03    0.00000E+00    0.11772E-02    0.00000E+00    0.66871E-03    0.00000E+00    0.35831E-01    0.00000E+00    0.48522E-01    0.00000E+00    0.36571E-01    0.00000E+00    0.28926E-01    0.00000E+00    0.39217E-01    0.00000E+00    0.29440E-01    0.00000E+00
900  2    0.50866E-03    0.10921E-02    0.53783E-03    0.50866E-03    0.00000E+00    0.10921E-02    0.00000E+00    0.53783E-03    0.00000E+00    0.31895E-01    0.00000E+00    0.46735E-01    0.00000E+00    0.32797E-01    0.00000E+00    0.26257E-01    0.00000E+00    0.37361E-01    0.00000E+00    0.26812E-01    0.00000E+00
1000  2    0.71965E-03    0.10795E-02    0.73764E-03    0.71965E-03    0.00000E+00    0.10795E-02    0.00000E+00    0.73764E-03    0.00000E+00    0.37938E-01    0.00000E+00    0.46464E-01    0.00000E+00    0.38409E-01    0.00000E+00    0.32340E-01    0.00000E+00    0.40168E-01    0.00000E+00    0.32732E-01    0.00000E+00
1100  3    0.45585E-03    0.16002E-02    0.51307E-03    0.45585E-03    0.00000E+00    0.16002E-02    0.00000E+00    0.51307E-03    0.00000E+00    0.30194E-01    0.00000E+00    0.56572E-01    0.00000E+00    0.32033E-01    0.00000E+00    0.22126E-01    0.00000E+00    0.35839E-01    0.00000E+00    0.22812E-01    0.00000E+00
1200  3    0.39267E-03    0.78932E-03    0.41251E-03    0.39267E-03    0.00000E+00    0.78932E-03    0.00000E+00    0.41251E-03    0.00000E+00    0.28024E-01    0.00000E+00    0.39732E-01    0.00000E+00    0.28723E-01    0.00000E+00    0.22447E-01    0.00000E+00    0.30529E-01    0.00000E+00    0.22851E-01    0.00000E+00
1300  4    0.25429E-03    0.10471E-02    0.29393E-03    0.25429E-03    0.00000E+00    0.10471E-02    0.00000E+00    0.29393E-03    0.00000E+00    0.22552E-01    0.00000E+00    0.45761E-01    0.00000E+00    0.24246E-01    0.00000E+00    0.16418E-01    0.00000E+00    0.28678E-01    0.00000E+00    0.17031E-01    0.00000E+00
1400  5    0.81167E-03    0.93692E-03    0.81794E-03    0.81167E-03    0.00000E+00    0.93692E-03    0.00000E+00    0.81794E-03    0.00000E+00    0.40291E-01    0.00000E+00    0.43288E-01    0.00000E+00    0.40446E-01    0.00000E+00    0.37579E-01    0.00000E+00    0.41481E-01    0.00000E+00    0.37775E-01    0.00000E+00
1500  5    0.31177E-03    0.52656E-03    0.32251E-03    0.31177E-03    0.00000E+00    0.52656E-03    0.00000E+00    0.32251E-03    0.00000E+00    0.24971E-01    0.00000E+00    0.32452E-01    0.00000E+00    0.25397E-01    0.00000E+00    0.20505E-01    0.00000E+00    0.26312E-01    0.00000E+00    0.20795E-01    0.00000E+00
1600  5    0.26461E-03    0.39450E-03    0.27110E-03    0.26461E-03    0.00000E+00    0.39450E-03    0.00000E+00    0.27110E-03    0.00000E+00    0.23005E-01    0.00000E+00    0.28089E-01    0.00000E+00    0.23285E-01    0.00000E+00    0.17207E-01    0.00000E+00    0.21952E-01    0.00000E+00    0.17444E-01    0.00000E+00
1700  6    0.18271E-03    0.58651E-03    0.20290E-03    0.18271E-03    0.00000E+00    0.58651E-03    0.00000E+00    0.20290E-03    0.00000E+00    0.19116E-01    0.00000E+00    0.34250E-01    0.00000E+00    0.20144E-01    0.00000E+00    0.14013E-01    0.00000E+00    0.23393E-01    0.00000E+00    0.14482E-01    0.00000E+00
1800  7    0.63521E-03    0.65009E-03    0.63596E-03    0.63521E-03    0.00000E+00    0.65009E-03    0.00000E+00    0.63596E-03    0.00000E+00    0.35643E-01    0.00000E+00    0.36058E-01    0.00000E+00    0.35664E-01    0.00000E+00    0.33529E-01    0.00000E+00    0.34438E-01    0.00000E+00    0.33574E-01    0.00000E+00
1900  8    0.12168E-03    0.48296E-03    0.13974E-03    0.12168E-03    0.00000E+00    0.48296E-03    0.00000E+00    0.13974E-03    0.00000E+00    0.15600E-01    0.00000E+00    0.31079E-01    0.00000E+00    0.16718E-01    0.00000E+00    0.12082E-01    0.00000E+00    0.20837E-01    0.00000E+00    0.12520E-01    0.00000E+00
2000  9    0.10785E-03    0.43407E-03    0.12416E-03    0.10785E-03    0.00000E+00    0.43407E-03    0.00000E+00    0.12416E-03    0.00000E+00    0.14687E-01    0.00000E+00    0.29464E-01    0.00000E+00    0.15758E-01    0.00000E+00    0.97846E-02    0.00000E+00    0.18304E-01    0.00000E+00    0.10211E-01    0.00000E+00
2100  10    0.16769E-02    0.14260E-02    0.16644E-02    0.16769E-02    0.00000E+00    0.14260E-02    0.00000E+00    0.16644E-02    0.00000E+00    0.57912E-01    0.00000E+00    0.53404E-01    0.00000E+00    0.57695E-01    0.00000E+00    0.56106E-01    0.00000E+00    0.49838E-01    0.00000E+00    0.55793E-01    0.00000E+00
2200  10    0.69379E-04    0.28085E-03    0.79952E-04    0.69379E-04    0.00000E+00    0.28085E-03    0.00000E+00    0.79952E-04    0.00000E+00    0.11780E-01    0.00000E+00    0.23700E-01    0.00000E+00    0.12645E-01    0.00000E+00    0.89487E-02    0.00000E+00    0.15623E-01    0.00000E+00    0.92825E-02    0.00000E+00
2300  11    0.80685E-04    0.41097E-03    0.97199E-04    0.80685E-04    0.00000E+00    0.41097E-03    0.00000E+00    0.97199E-04    0.00000E+00    0.12703E-01    0.00000E+00    0.28669E-01    0.00000E+00    0.13943E-01    0.00000E+00    0.82221E-02    0.00000E+00    0.16654E-01    0.00000E+00    0.86437E-02    0.00000E+00
2400  12    0.41974E-03    0.88309E-03    0.44290E-03    0.41974E-03    0.00000E+00    0.88309E-03    0.00000E+00    0.44290E-03    0.00000E+00    0.28974E-01    0.00000E+00    0.42026E-01    0.00000E+00    0.29763E-01    0.00000E+00    0.27059E-01    0.00000E+00    0.36470E-01    0.00000E+00    0.27529E-01    0.00000E+00
2500  12    0.52465E-04    0.23655E-03    0.61669E-04    0.52465E-04    0.00000E+00    0.23655E-03    0.00000E+00    0.61669E-04    0.00000E+00    0.10244E-01    0.00000E+00    0.21751E-01    0.00000E+00    0.11106E-01    0.00000E+00    0.73225E-02    0.00000E+00    0.13390E-01    0.00000E+00    0.76259E-02    0.00000E+00
2600  12    0.70631E-04    0.15928E-03    0.75064E-04    0.70631E-04    0.00000E+00    0.15928E-03    0.00000E+00    0.75064E-04    0.00000E+00    0.11885E-01    0.00000E+00    0.17848E-01    0.00000E+00    0.12253E-01    0.00000E+00    0.92715E-02    0.00000E+00    0.12987E-01    0.00000E+00    0.94572E-02    0.00000E+00
2700  13    0.74257E-03    0.55203E-03    0.73304E-03    0.74257E-03    0.00000E+00    0.55203E-03    0.00000E+00    0.73304E-03    0.00000E+00    0.38538E-01    0.00000E+00    0.33227E-01    0.00000E+00    0.38289E-01    0.00000E+00    0.36552E-01    0.00000E+00    0.32239E-01    0.00000E+00    0.36336E-01    0.00000E+00
2800  14    0.10415E-03    0.16198E-03    0.10704E-03    0.10415E-03    0.00000E+00    0.16198E-03    0.00000E+00    0.10704E-03    0.00000E+00    0.14432E-01    0.00000E+00    0.17999E-01    0.00000E+00    0.14631E-01    0.00000E+00    0.12950E-01    0.00000E+00    0.15601E-01    0.00000E+00    0.13083E-01    0.00000E+00
2900  15    0.11802E-03    0.32181E-03    0.12821E-03    0.11802E-03    0.00000E+00    0.32181E-03    0.00000E+00    0.12821E-03    0.00000E+00    0.15364E-01    0.00000E+00    0.25370E-01    0.00000E+00    0.16013E-01    0.00000E+00    0.12698E-01    0.00000E+00    0.19169E-01    0.00000E+00    0.13021E-01    0.00000E+00
3000  16    0.38218E-03    0.84330E-03    0.40523E-03    0.38218E-03    0.00000E+00    0.84330E-03    0.00000E+00    0.40523E-03    0.00000E+00    0.27647E-01    0.00000E+00    0.41068E-01    0.00000E+00    0.28469E-01    0.00000E+00    0.26008E-01    0.00000E+00    0.35904E-01    0.00000E+00    0.26503E-01    0.00000E+00
3100  17    0.14268E-03    0.40021E-03    0.15556E-03    0.14268E-03    0.00000E+00    0.40021E-03    0.00000E+00    0.15556E-03    0.00000E+00    0.16893E-01    0.00000E+00    0.28292E-01    0.00000E+00    0.17639E-01    0.00000E+00    0.14827E-01    0.00000E+00    0.21976E-01    0.00000E+00    0.15184E-01    0.00000E+00
3200  18    0.52118E-04    0.24165E-03    0.61594E-04    0.52118E-04    0.00000E+00    0.24165E-03    0.00000E+00    0.61594E-04    0.00000E+00    0.10210E-01    0.00000E+00    0.21984E-01    0.00000E+00    0.11099E-01    0.00000E+00    0.78618E-02    0.00000E+00    0.14723E-01    0.00000E+00    0.82049E-02    0.00000E+00
3300  19    0.39061E-04    0.20787E-03    0.47502E-04    0.39061E-04    0.00000E+00    0.20787E-03    0.00000E+00    0.47502E-04    0.00000E+00    0.88387E-02    0.00000E+00    0.20390E-01    0.00000E+00    0.97470E-02    0.00000E+00    0.67650E-02    0.00000E+00    0.12690E-01    0.00000E+00    0.70612E-02    0.00000E+00
3400  20    0.58485E-04    0.24614E-03    0.67867E-04    0.58485E-04    0.00000E+00    0.24614E-03    0.00000E+00    0.67867E-04    0.00000E+00    0.10815E-01    0.00000E+00    0.22187E-01    0.00000E+00    0.11651E-01    0.00000E+00    0.89722E-02    0.00000E+00    0.15995E-01    0.00000E+00    0.93234E-02    0.00000E+00
3500  20    0.24743E-04    0.12587E-03    0.29799E-04    0.24743E-04    0.00000E+00    0.12587E-03    0.00000E+00    0.29799E-04    0.00000E+00    0.70346E-02    0.00000E+00    0.15866E-01    0.00000E+00    0.77200E-02    0.00000E+00    0.48089E-02    0.00000E+00    0.88161E-02    0.00000E+00    0.50092E-02    0.00000E+00
3600  21    0.10042E-03    0.13827E-03    0.10231E-03    0.10042E-03    0.00000E+00    0.13827E-03    0.00000E+00    0.10231E-03    0.00000E+00    0.14171E-01    0.00000E+00    0.16629E-01    0.00000E+00    0.14304E-01    0.00000E+00    0.13373E-01    0.00000E+00    0.15417E-01    0.00000E+00    0.13475E-01    0.00000E+00
3700  21    0.64346E-04    0.91152E-04    0.65686E-04    0.64346E-04    0.00000E+00    0.91152E-04    0.00000E+00    0.65686E-04    0.00000E+00    0.11344E-01    0.00000E+00    0.13502E-01    0.00000E+00    0.11462E-01    0.00000E+00    0.10413E-01    0.00000E+00    0.12084E-01    0.00000E+00    0.10497E-01    0.00000E+00
3800  21    0.50061E-04    0.65822E-04    0.50849E-04    0.50061E-04    0.00000E+00    0.65822E-04    0.00000E+00    0.50849E-04    0.00000E+00    0.10006E-01    0.00000E+00    0.11474E-01    0.00000E+00    0.10085E-01    0.00000E+00    0.85834E-02    0.00000E+00    0.97936E-02    0.00000E+00    0.86439E-02    0.00000E+00
3900  22    0.30326E-04    0.81802E-04    0.32900E-04    0.30326E-04    0.00000E+00    0.81802E-04    0.00000E+00    0.32900E-04    0.00000E+00    0.77879E-02    0.00000E+00    0.12791E-01    0.00000E+00    0.81117E-02    0.00000E+00    0.61644E-02    0.00000E+00    0.87419E-02    0.00000E+00    0.62933E-02    0.00000E+00
4000  23    0.43419E-04    0.16082E-03    0.49289E-04    0.43419E-04    0.00000E+00    0.16082E-03    0.00000E+00    0.49289E-04    0.00000E+00    0.93186E-02    0.00000E+00    0.17935E-01    0.00000E+00    0.99286E-02    0.00000E+00    0.72244E-02    0.00000E+00    0.13078E-01    0.00000E+00    0.75171E-02    0.00000E+00
4100  24    0.19768E-04    0.74352E-04    0.22497E-04    0.19768E-04    0.00000E+00    0.74352E-04    0.00000E+00    0.22497E-04    0.00000E+00    0.62877E-02    0.00000E+00    0.12194E-01    0.00000E+00    0.67077E-02    0.00000E+00    0.45406E-02    0.00000E+00    0.76264E-02    0.00000E+00    0.46949E-02    0.00000E+00
4200  25    0.25087E-04    0.89325E-04    0.28299E-04    0.25087E-04    0.00000E+00    0.89325E-04    0.00000E+00    0.28299E-04    0.00000E+00    0.70834E-02    0.00000E+00    0.13366E-01    0.00000E+00    0.75231E-02    0.00000E+00    0.59734E-02    0.00000E+00    0.93317E-02    0.00000E+00    0.61413E-02    0.00000E+00
4300  26    0.64346E-04    0.19866E-03    0.71061E-04    0.64346E-04    0.00000E+00    0.19866E-03    0.00000E+00    0.71061E-04    0.00000E+00    0.11344E-01    0.00000E+00    0.19933E-01    0.00000E+00    0.11922E-01    0.00000E+00    0.96816E-02    0.00000E+00    0.15591E-01    0.00000E+00    0.99770E-02    0.00000E+00
4400  26    0.36713E-04    0.52736E-04    0.37514E-04    0.36713E-04    0.00000E+00    0.52736E-04    0.00000E+00    0.37514E-04    0.00000E+00    0.85689E-02    0.00000E+00    0.10270E-01    0.00000E+00    0.86619E-02    0.00000E+00    0.71227E-02    0.00000E+00    0.82761E-02    0.00000E+00    0.71804E-02    0.00000E+00
4500  27    0.16993E-04    0.84125E-04    0.20350E-04    0.16993E-04    0.00000E+00    0.84125E-04    0.00000E+00    0.20350E-04    0.00000E+00    0.58298E-02    0.00000E+00    0.12971E-01    0.00000E+00    0.63797E-02    0.00000E+00    0.44618E-02    0.00000E+00    0.77640E-02    0.00000E+00    0.46270E-02    0.00000E+00
4600  28    0.27709E-04    0.12925E-03    0.32786E-04    0.27709E-04    0.00000E+00    0.12925E-03    0.00000E+00    0.32786E-04    0.00000E+00    0.74443E-02    0.00000E+00    0.16078E-01    0.00000E+00    0.80977E-02    0.00000E+00    0.54057E-02    0.00000E+00    0.10793E-01    0.00000E+00    0.56751E-02    0.00000E+00
4700  29    0.58674E-04    0.59345E-04    0.58707E-04    0.58674E-04    0.00000E+00    0.59345E-04    0.00000E+00    0.58707E-04    0.00000E+00    0.10833E-01    0.00000E+00    0.10895E-01    0.00000E+00    0.10836E-01    0.00000E+00    0.97855E-02    0.00000E+00    0.10028E-01    0.00000E+00    0.97976E-02    0.00000E+00
4800  30    0.31502E-04    0.55191E-04    0.32686E-04    0.31502E-04    0.00000E+00    0.55191E-04    0.00000E+00    0.32686E-04    0.00000E+00    0.79374E-02    0.00000E+00    0.10506E-01    0.00000E+00    0.80853E-02    0.00000E+00    0.65689E-02    0.00000E+00    0.80110E-02    0.00000E+00    0.66410E-02    0.00000E+00
4900  31    0.16830E-03    0.29657E-03    0.17472E-03    0.16830E-03    0.00000E+00    0.29657E-03    0.00000E+00    0.17472E-03    0.00000E+00    0.18347E-01    0.00000E+00    0.24355E-01    0.00000E+00    0.18693E-01    0.00000E+00    0.17475E-01    0.00000E+00    0.22509E-01    0.00000E+00    0.17726E-01    0.00000E+00
5000  32    0.25152E-04    0.61125E-04    0.26950E-04    0.25152E-04    0.00000E+00    0.61125E-04    0.00000E+00    0.26950E-04    0.00000E+00    0.70925E-02    0.00000E+00    0.11057E-01    0.00000E+00    0.73417E-02    0.00000E+00    0.56447E-02    0.00000E+00    0.75432E-02    0.00000E+00    0.57396E-02    0.00000E+00
5100  33    0.20587E-04    0.71620E-04    0.23139E-04    0.20587E-04    0.00000E+00    0.71620E-04    0.00000E+00    0.23139E-04    0.00000E+00    0.64167E-02    0.00000E+00    0.11968E-01    0.00000E+00    0.68027E-02    0.00000E+00    0.49882E-02    0.00000E+00    0.80180E-02    0.00000E+00    0.51397E-02    0.00000E+00
5200  34    0.18571E-04    0.74224E-04    0.21354E-04    0.18571E-04    0.00000E+00    0.74224E-04    0.00000E+00    0.21354E-04    0.00000E+00    0.60945E-02    0.00000E+00    0.12184E-01    0.00000E+00    0.65351E-02    0.00000E+00    0.46990E-02    0.00000E+00    0.78783E-02    0.00000E+00    0.48580E-02    0.00000E+00
5300  35    0.20519E-04    0.10485E-03    0.24735E-04    0.20519E-04    0.00000E+00    0.10485E-03    0.00000E+00    0.24735E-04    0.00000E+00    0.64061E-02    0.00000E+00    0.14481E-01    0.00000E+00    0.70336E-02    0.00000E+00    0.49235E-02    0.00000E+00    0.95588E-02    0.00000E+00    0.51553E-02    0.00000E+00
5400  36    0.14901E-03    0.11253E-03    0.14719E-03    0.14901E-03    0.00000E+00    0.11253E-03    0.00000E+00    0.14719E-03    0.00000E+00    0.17263E-01    0.00000E+00    0.15002E-01    0.00000E+00    0.17157E-01    0.00000E+00    0.16423E-01    0.00000E+00    0.14099E-01    0.00000E+00    0.16307E-01    0.00000E+00
5500  37    0.21529E-04    0.90755E-04    0.24990E-04    0.21529E-04    0.00000E+00    0.90755E-04    0.00000E+00    0.24990E-04    0.00000E+00    0.65619E-02    0.00000E+00    0.13473E-01    0.00000E+00    0.70697E-02    0.00000E+00    0.50483E-02    0.00000E+00    0.93579E-02    0.00000E+00    0.52638E-02    0.00000E+00
5600  38    0.18230E-04    0.94674E-04    0.22052E-04    0.18230E-04    0.00000E+00    0.94674E-04    0.00000E+00    0.22052E-04    0.00000E+00    0.60383E-02    0.00000E+00    0.13760E-01    0.00000E+00    0.66412E-02    0.00000E+00    0.47045E-02    0.00000E+00    0.90835E-02    0.00000E+00    0.49235E-02    0.00000E+00
5700  39    0.23963E-04    0.10475E-03    0.28002E-04    0.23963E-04    0.00000E+00    0.10475E-03    0.00000E+00    0.28002E-04    0.00000E+00    0.69228E-02    0.00000E+00    0.14474E-01    0.00000E+00    0.74836E-02    0.00000E+00    0.51863E-02    0.00000E+00    0.10027E-01    0.00000E+00    0.54283E-02    0.00000E+00
5800  40    0.21396E-03    0.26316E-03    0.21642E-03    0.21396E-03    0.00000E+00    0.26316E-03    0.00000E+00    0.21642E-03    0.00000E+00    0.20686E-01    0.00000E+00    0.22942E-01    0.00000E+00    0.20805E-01    0.00000E+00    0.19219E-01    0.00000E+00    0.21863E-01    0.00000E+00    0.19351E-01    0.00000E+00
5900  41    0.18562E-04    0.73978E-04    0.21333E-04    0.18562E-04    0.00000E+00    0.73978E-04    0.00000E+00    0.21333E-04    0.00000E+00    0.60930E-02    0.00000E+00    0.12164E-01    0.00000E+00    0.65319E-02    0.00000E+00    0.48207E-02    0.00000E+00    0.82490E-02    0.00000E+00    0.49921E-02    0.00000E+00
6000  42    0.18192E-04    0.58390E-04    0.20202E-04    0.18192E-04    0.00000E+00    0.58390E-04    0.00000E+00    0.20202E-04    0.00000E+00    0.60320E-02    0.00000E+00    0.10806E-01    0.00000E+00    0.63564E-02    0.00000E+00    0.49063E-02    0.00000E+00    0.72604E-02    0.00000E+00    0.50240E-02    0.00000E+00
6100  42    0.47165E-04    0.51360E-04    0.47375E-04    0.47165E-04    0.00000E+00    0.51360E-04    0.00000E+00    0.47375E-04    0.00000E+00    0.97124E-02    0.00000E+00    0.10135E-01    0.00000E+00    0.97339E-02    0.00000E+00    0.86256E-02    0.00000E+00    0.90005E-02    0.00000E+00    0.86443E-02    0.00000E+00
6200  43    0.19569E-03    0.27744E-03    0.19978E-03    0.19569E-03    0.00000E+00    0.27744E-03    0.00000E+00    0.19978E-03    0.00000E+00    0.19783E-01    0.00000E+00    0.23556E-01    0.00000E+00    0.19989E-01    0.00000E+00    0.18786E-01    0.00000E+00    0.22441E-01    0.00000E+00    0.18969E-01    0.00000E+00
6300  44    0.83329E-04    0.17291E-03    0.87808E-04    0.83329E-04    0.00000E+00    0.17291E-03    0.00000E+00    0.87808E-04    0.00000E+00    0.12910E-01    0.00000E+00    0.18596E-01    0.00000E+00    0.13252E-01    0.00000E+00    0.11709E-01    0.00000E+00    0.16816E-01    0.00000E+00    0.11965E-01    0.00000E+00
6400  44    0.15436E-04    0.41580E-04    0.16743E-04    0.15436E-04    0.00000E+00    0.41580E-04    0.00000E+00    0.16743E-04    0.00000E+00    0.55563E-02    0.00000E+00    0.91192E-02    0.00000E+00    0.57868E-02    0.00000E+00    0.46522E-02    0.00000E+00    0.63158E-02    0.00000E+00    0.47353E-02    0.00000E+00
6500  45    0.16661E-04    0.57635E-04    0.18710E-04    0.16661E-04    0.00000E+00    0.57635E-04    0.00000E+00    0.18710E-04    0.00000E+00    0.57725E-02    0.00000E+00    0.10736E-01    0.00000E+00    0.61171E-02    0.00000E+00    0.47795E-02    0.00000E+00    0.70593E-02    0.00000E+00    0.48935E-02    0.00000E+00
6600  46    0.87090E-04    0.52244E-04    0.85348E-04    0.87090E-04    0.00000E+00    0.52244E-04    0.00000E+00    0.85348E-04    0.00000E+00    0.13198E-01    0.00000E+00    0.10222E-01    0.00000E+00    0.13065E-01    0.00000E+00    0.11990E-01    0.00000E+00    0.98126E-02    0.00000E+00    0.11881E-01    0.00000E+00
6700  46    0.19382E-04    0.37385E-04    0.20282E-04    0.19382E-04    0.00000E+00    0.37385E-04    0.00000E+00    0.20282E-04    0.00000E+00    0.62261E-02    0.00000E+00    0.86469E-02    0.00000E+00    0.63690E-02    0.00000E+00    0.51162E-02    0.00000E+00    0.60966E-02    0.00000E+00    0.51653E-02    0.00000E+00
6800  47    0.27772E-04    0.94217E-04    0.31095E-04    0.27772E-04    0.00000E+00    0.94217E-04    0.00000E+00    0.31095E-04    0.00000E+00    0.74528E-02    0.00000E+00    0.13727E-01    0.00000E+00    0.78860E-02    0.00000E+00    0.57246E-02    0.00000E+00    0.10331E-01    0.00000E+00    0.59549E-02    0.00000E+00
6900  48    0.51326E-04    0.62994E-04    0.51910E-04    0.51326E-04    0.00000E+00    0.62994E-04    0.00000E+00    0.51910E-04    0.00000E+00    0.10132E-01    0.00000E+00    0.11224E-01    0.00000E+00    0.10189E-01    0.00000E+00    0.83786E-02    0.00000E+00    0.88455E-02    0.00000E+00    0.84019E-02    0.00000E+00
7000  49    0.16958E-04    0.42146E-04    0.18218E-04    0.16958E-04    0.00000E+00    0.42146E-04    0.00000E+00    0.18218E-04    0.00000E+00    0.58238E-02    0.00000E+00    0.91811E-02    0.00000E+00    0.60362E-02    0.00000E+00    0.48652E-02    0.00000E+00    0.63017E-02    0.00000E+00    0.49370E-02    0.00000E+00
7100  50    0.16839E-04    0.73401E-04    0.19667E-04    0.16839E-04    0.00000E+00    0.73401E-04    0.00000E+00    0.19667E-04    0.00000E+00    0.58032E-02    0.00000E+00    0.12116E-01    0.00000E+00    0.62716E-02    0.00000E+00    0.46483E-02    0.00000E+00    0.84722E-02    0.00000E+00    0.48395E-02    0.00000E+00
7200  51    0.45841E-04    0.12856E-03    0.49976E-04    0.45841E-04    0.00000E+00    0.12856E-03    0.00000E+00    0.49976E-04    0.00000E+00    0.95750E-02    0.00000E+00    0.16035E-01    0.00000E+00    0.99976E-02    0.00000E+00    0.79230E-02    0.00000E+00    0.12893E-01    0.00000E+00    0.81715E-02    0.00000E+00
7300  52    0.19269E-04    0.54757E-04    0.21043E-04    0.19269E-04    0.00000E+00    0.54757E-04    0.00000E+00    0.21043E-04    0.00000E+00    0.62079E-02    0.00000E+00    0.10465E-01    0.00000E+00    0.64874E-02    0.00000E+00    0.50044E-02    0.00000E+00    0.73493E-02    0.00000E+00    0.51216E-02    0.00000E+00
7400  53    0.90143E-04    0.62341E-04    0.88753E-04    0.90143E-04    0.00000E+00    0.62341E-04    0.00000E+00    0.88753E-04    0.00000E+00    0.13427E-01    0.00000E+00    0.11166E-01    0.00000E+00    0.13323E-01    0.00000E+00    0.12097E-01    0.00000E+00    0.10029E-01    0.00000E+00    0.11994E-01    0.00000E+00
7500  54    0.15062E-04    0.50237E-04    0.16820E-04    0.15062E-04    0.00000E+00    0.50237E-04    0.00000E+00    0.16820E-04    0.00000E+00    0.54884E-02    0.00000E+00    0.10024E-01    0.00000E+00    0.58000E-02    0.00000E+00    0.46406E-02    0.00000E+00    0.68929E-02    0.00000E+00    0.47532E-02    0.00000E+00
7600  55    0.14506E-04    0.56013E-04    0.16582E-04    0.14506E-04    0.00000E+00    0.56013E-04    0.00000E+00    0.16582E-04    0.00000E+00    0.53863E-02    0.00000E+00    0.10584E-01    0.00000E+00    0.57587E-02    0.00000E+00    0.45408E-02    0.00000E+00    0.72736E-02    0.00000E+00    0.46774E-02    0.00000E+00
7700  56    0.14582E-04    0.53555E-04    0.16531E-04    0.14582E-04    0.00000E+00    0.53555E-04    0.00000E+00    0.16531E-04    0.00000E+00    0.54005E-02    0.00000E+00    0.10349E-01    0.00000E+00    0.57500E-02    0.00000E+00    0.45839E-02    0.00000E+00    0.70601E-02    0.00000E+00    0.47077E-02    0.00000E+00
7800  57    0.28597E-04    0.52698E-04    0.29802E-04    0.28597E-04    0.00000E+00    0.52698E-04    0.00000E+00    0.29802E-04    0.00000E+00    0.75627E-02    0.00000E+00    0.10266E-01    0.00000E+00    0.77204E-02    0.00000E+00    0.61067E-02    0.00000E+00    0.73468E-02    0.00000E+00    0.61687E-02    0.00000E+00
7900  58    0.14481E-04    0.46937E-04    0.16104E-04    0.14481E-04    0.00000E+00    0.46937E-04    0.00000E+00    0.16104E-04    0.00000E+00    0.53817E-02    0.00000E+00    0.96889E-02    0.00000E+00    0.56752E-02    0.00000E+00    0.46105E-02    0.00000E+00    0.66545E-02    0.00000E+00    0.47127E-02    0.00000E+00
8000  59    0.11876E-03    0.23843E-03    0.12474E-03    0.11876E-03    0.00000E+00    0.23843E-03    0.00000E+00    0.12474E-03    0.00000E+00    0.15412E-01    0.00000E+00    0.21837E-01    0.00000E+00    0.15795E-01    0.00000E+00    0.14475E-01    0.00000E+00    0.19775E-01    0.00000E+00    0.14740E-01    0.00000E+00
8100  60    0.23947E-04    0.51759E-04    0.25337E-04    0.23947E-04    0.00000E+00    0.51759E-04    0.00000E+00    0.25337E-04    0.00000E+00    0.69205E-02    0.00000E+00    0.10174E-01    0.00000E+00    0.71186E-02    0.00000E+00    0.56453E-02    0.00000E+00    0.71626E-02    0.00000E+00    0.57211E-02    0.00000E+00
8200  61    0.76130E-04    0.60300E-04    0.75338E-04    0.76130E-04    0.00000E+00    0.60300E-04    0.00000E+00    0.75338E-04    0.00000E+00    0.12339E-01    0.00000E+00    0.10982E-01    0.00000E+00    0.12275E-01    0.00000E+00    0.10959E-01    0.00000E+00    0.10019E-01    0.00000E+00    0.10912E-01    0.00000E+00
8300  62    0.19553E-04    0.79489E-04    0.22550E-04    0.19553E-04    0.00000E+00    0.79489E-04    0.00000E+00    0.22550E-04    0.00000E+00    0.62536E-02    0.00000E+00    0.12609E-01    0.00000E+00    0.67157E-02    0.00000E+00    0.49645E-02    0.00000E+00    0.89506E-02    0.00000E+00    0.51638E-02    0.00000E+00
8400  63    0.13398E-03    0.25924E-03    0.14024E-03    0.13398E-03    0.00000E+00    0.25924E-03    0.00000E+00    0.14024E-03    0.00000E+00    0.16369E-01    0.00000E+00    0.22770E-01    0.00000E+00    0.16748E-01    0.00000E+00    0.15471E-01    0.00000E+00    0.20570E-01    0.00000E+00    0.15726E-01    0.00000E+00
8500  64    0.18342E-04    0.80043E-04    0.21427E-04    0.18342E-04    0.00000E+00    0.80043E-04    0.00000E+00    0.21427E-04    0.00000E+00    0.60567E-02    0.00000E+00    0.12653E-01    0.00000E+00    0.65462E-02    0.00000E+00    0.48244E-02    0.00000E+00    0.86486E-02    0.00000E+00    0.50156E-02    0.00000E+00
8600  65    0.10784E-03    0.28540E-03    0.11672E-03    0.10784E-03    0.00000E+00    0.28540E-03    0.00000E+00    0.11672E-03    0.00000E+00    0.14686E-01    0.00000E+00    0.23891E-01    0.00000E+00    0.15279E-01    0.00000E+00    0.13095E-01    0.00000E+00    0.20222E-01    0.00000E+00    0.13451E-01    0.00000E+00
8700  66    0.15256E-04    0.69997E-04    0.17993E-04    0.15256E-04    0.00000E+00    0.69997E-04    0.00000E+00    0.17993E-04    0.00000E+00    0.55237E-02    0.00000E+00    0.11832E-01    0.00000E+00    0.59988E-02    0.00000E+00    0.45881E-02    0.00000E+00    0.81981E-02    0.00000E+00    0.47686E-02    0.00000E+00
8800  67    0.43643E-04    0.10325E-03    0.46623E-04    0.43643E-04    0.00000E+00    0.10325E-03    0.00000E+00    0.46623E-04    0.00000E+00    0.93427E-02    0.00000E+00    0.14370E-01    0.00000E+00    0.96564E-02    0.00000E+00    0.77365E-02    0.00000E+00    0.11909E-01    0.00000E+00    0.79451E-02    0.00000E+00
8900  68    0.24014E-04    0.50391E-04    0.25333E-04    0.24014E-04    0.00000E+00    0.50391E-04    0.00000E+00    0.25333E-04    0.00000E+00    0.69303E-02    0.00000E+00    0.10039E-01    0.00000E+00    0.71180E-02    0.00000E+00    0.55952E-02    0.00000E+00    0.67546E-02    0.00000E+00    0.56531E-02    0.00000E+00
9000  69    0.68216E-04    0.17140E-03    0.73375E-04    0.68216E-04    0.00000E+00    0.17140E-03    0.00000E+00    0.73375E-04    0.00000E+00    0.11680E-01    0.00000E+00    0.18515E-01    0.00000E+00    0.12114E-01    0.00000E+00    0.10351E-01    0.00000E+00    0.15489E-01    0.00000E+00    0.10608E-01    0.00000E+00
9100  70    0.13715E-03    0.23304E-03    0.14195E-03    0.13715E-03    0.00000E+00    0.23304E-03    0.00000E+00    0.14195E-03    0.00000E+00    0.16562E-01    0.00000E+00    0.21589E-01    0.00000E+00    0.16849E-01    0.00000E+00    0.15621E-01    0.00000E+00    0.19939E-01    0.00000E+00    0.15837E-01    0.00000E+00
9200  71    0.45013E-04    0.42711E-04    0.44898E-04    0.45013E-04    0.00000E+00    0.42711E-04    0.00000E+00    0.44898E-04    0.00000E+00    0.94882E-02    0.00000E+00    0.92424E-02    0.00000E+00    0.94761E-02    0.00000E+00    0.82758E-02    0.00000E+00    0.81813E-02    0.00000E+00    0.82711E-02    0.00000E+00
9300  72    0.66292E-04    0.15845E-03    0.70899E-04    0.66292E-04    0.00000E+00    0.15845E-03    0.00000E+00    0.70899E-04    0.00000E+00    0.11514E-01    0.00000E+00    0.17801E-01    0.00000E+00    0.11908E-01    0.00000E+00    0.10229E-01    0.00000E+00    0.15329E-01    0.00000E+00    0.10484E-01    0.00000E+00
9400  73    0.19544E-04    0.81567E-04    0.22645E-04    0.19544E-04    0.00000E+00    0.81567E-04    0.00000E+00    0.22645E-04    0.00000E+00    0.62520E-02    0.00000E+00    0.12772E-01    0.00000E+00    0.67298E-02    0.00000E+00    0.50693E-02    0.00000E+00    0.91145E-02    0.00000E+00    0.52715E-02    0.00000E+00
9500  74    0.50823E-04    0.46957E-04    0.50630E-04    0.50823E-04    0.00000E+00    0.46957E-04    0.00000E+00    0.50630E-04    0.00000E+00    0.10082E-01    0.00000E+00    0.96909E-02    0.00000E+00    0.10063E-01    0.00000E+00    0.78697E-02    0.00000E+00    0.73739E-02    0.00000E+00    0.78449E-02    0.00000E+00
9600  75    0.82874E-04    0.71418E-04    0.82301E-04    0.82874E-04    0.00000E+00    0.71418E-04    0.00000E+00    0.82301E-04    0.00000E+00    0.12874E-01    0.00000E+00    0.11951E-01    0.00000E+00    0.12830E-01    0.00000E+00    0.11831E-01    0.00000E+00    0.11261E-01    0.00000E+00    0.11802E-01    0.00000E+00
9700  76    0.61534E-04    0.15689E-03    0.66302E-04    0.61534E-04    0.00000E+00    0.15689E-03    0.00000E+00    0.66302E-04    0.00000E+00    0.11094E-01    0.00000E+00    0.17714E-01    0.00000E+00    0.11515E-01    0.00000E+00    0.96235E-02    0.00000E+00    0.14490E-01    0.00000E+00    0.98668E-02    0.00000E+00
9800  77    0.15833E-04    0.43169E-04    0.17200E-04    0.15833E-04    0.00000E+00    0.43169E-04    0.00000E+00    0.17200E-04    0.00000E+00    0.56272E-02    0.00000E+00    0.92918E-02    0.00000E+00    0.58651E-02    0.00000E+00    0.47852E-02    0.00000E+00    0.64292E-02    0.00000E+00    0.48674E-02    0.00000E+00
9900  78    0.15056E-04    0.60753E-04    0.17341E-04    0.15056E-04    0.00000E+00    0.60753E-04    0.00000E+00    0.17341E-04    0.00000E+00    0.54875E-02    0.00000E+00    0.11023E-01    0.00000E+00    0.58892E-02    0.00000E+00    0.46406E-02    0.00000E+00    0.77406E-02    0.00000E+00    0.47956E-02    0.00000E+00
10000  79    0.68597E-04    0.15778E-03    0.73056E-04    0.68597E-04    0.00000E+00    0.15778E-03    0.00000E+00    0.73056E-04    0.00000E+00    0.11713E-01    0.00000E+00    0.17764E-01    0.00000E+00    0.12088E-01    0.00000E+00    0.10442E-01    0.00000E+00    0.15294E-01    0.00000E+00    0.10685E-01    0.00000E+00
10100  80    0.14331E-03    0.20538E-03    0.14641E-03    0.14331E-03    0.00000E+00    0.20538E-03    0.00000E+00    0.14641E-03    0.00000E+00    0.16930E-01    0.00000E+00    0.20267E-01    0.00000E+00    0.17112E-01    0.00000E+00    0.15782E-01    0.00000E+00    0.19231E-01    0.00000E+00    0.15954E-01    0.00000E+00
10200  81    0.15130E-04    0.64821E-04    0.17615E-04    0.15130E-04    0.00000E+00    0.64821E-04    0.00000E+00    0.17615E-04    0.00000E+00    0.55010E-02    0.00000E+00    0.11386E-01    0.00000E+00    0.59355E-02    0.00000E+00    0.45871E-02    0.00000E+00    0.80529E-02    0.00000E+00    0.47604E-02    0.00000E+00
10300  82    0.16254E-04    0.79567E-04    0.19419E-04    0.16254E-04    0.00000E+00    0.79567E-04    0.00000E+00    0.19419E-04    0.00000E+00    0.57015E-02    0.00000E+00    0.12615E-01    0.00000E+00    0.62321E-02    0.00000E+00    0.46890E-02    0.00000E+00    0.87488E-02    0.00000E+00    0.48920E-02    0.00000E+00
10400  82    0.26970E-04    0.33337E-04    0.27288E-04    0.26970E-04    0.00000E+00    0.33337E-04    0.00000E+00    0.27288E-04    0.00000E+00    0.73443E-02    0.00000E+00    0.81655E-02    0.00000E+00    0.73876E-02    0.00000E+00    0.59603E-02    0.00000E+00    0.63371E-02    0.00000E+00    0.59791E-02    0.00000E+00
10500  83    0.72565E-04    0.52434E-04    0.71558E-04    0.72565E-04    0.00000E+00    0.52434E-04    0.00000E+00    0.71558E-04    0.00000E+00    0.12047E-01    0.00000E+00    0.10240E-01    0.00000E+00    0.11963E-01    0.00000E+00    0.10868E-01    0.00000E+00    0.95210E-02    0.00000E+00    0.10801E-01    0.00000E+00
10600  84    0.53826E-04    0.69758E-04    0.54623E-04    0.53826E-04    0.00000E+00    0.69758E-04    0.00000E+00    0.54623E-04    0.00000E+00    0.10376E-01    0.00000E+00    0.11812E-01    0.00000E+00    0.10452E-01    0.00000E+00    0.92598E-02    0.00000E+00    0.10259E-01    0.00000E+00    0.93098E-02    0.00000E+00
10700  85    0.98352E-04    0.18607E-03    0.10274E-03    0.98352E-04    0.00000E+00    0.18607E-03    0.00000E+00    0.10274E-03    0.00000E+00    0.14025E-01    0.00000E+00    0.19291E-01    0.00000E+00    0.14334E-01    0.00000E+00    0.12786E-01    0.00000E+00    0.16900E-01    0.00000E+00    0.12991E-01    0.00000E+00
10800  86    0.42895E-04    0.10344E-03    0.45923E-04    0.42895E-04    0.00000E+00    0.10344E-03    0.00000E+00    0.45923E-04    0.00000E+00    0.92623E-02    0.00000E+00    0.14383E-01    0.00000E+00    0.95836E-02    0.00000E+00    0.75772E-02    0.00000E+00    0.11717E-01    0.00000E+00    0.77842E-02    0.00000E+00
10900  87    0.11152E-03    0.22445E-03    0.11716E-03    0.11152E-03    0.00000E+00    0.22445E-03    0.00000E+00    0.11716E-03    0.00000E+00    0.14934E-01    0.00000E+00    0.21187E-01    0.00000E+00    0.15308E-01    0.00000E+00    0.13869E-01    0.00000E+00    0.19550E-01    0.00000E+00    0.14153E-01    0.00000E+00
11000  88    0.25599E-03    0.49070E-03    0.26772E-03    0.25599E-03    0.00000E+00    0.49070E-03    0.00000E+00    0.26772E-03    0.00000E+00    0.22627E-01    0.00000E+00    0.31327E-01    0.00000E+00    0.23140E-01    0.00000E+00    0.21439E-01    0.00000E+00    0.28842E-01    0.00000E+00    0.21809E-01    0.00000E+00
11100  89    0.16059E-04    0.34071E-04    0.16959E-04    0.16059E-04    0.00000E+00    0.34071E-04    0.00000E+00    0.16959E-04    0.00000E+00    0.56672E-02    0.00000E+00    0.82548E-02    0.00000E+00    0.58239E-02    0.00000E+00    0.47769E-02    0.00000E+00    0.60698E-02    0.00000E+00    0.48416E-02    0.00000E+00
11200  89    0.34763E-04    0.25270E-04    0.34289E-04    0.34763E-04    0.00000E+00    0.25270E-04    0.00000E+00    0.34289E-04    0.00000E+00    0.83383E-02    0.00000E+00    0.71091E-02    0.00000E+00    0.82811E-02    0.00000E+00    0.66371E-02    0.00000E+00    0.58080E-02    0.00000E+00    0.65957E-02    0.00000E+00
11300  90    0.14901E-04    0.52416E-04    0.16777E-04    0.14901E-04    0.00000E+00    0.52416E-04    0.00000E+00    0.16777E-04    0.00000E+00    0.54592E-02    0.00000E+00    0.10239E-01    0.00000E+00    0.57926E-02    0.00000E+00    0.46295E-02    0.00000E+00    0.71396E-02    0.00000E+00    0.47550E-02    0.00000E+00
11400  91    0.28221E-04    0.95646E-04    0.31592E-04    0.28221E-04    0.00000E+00    0.95646E-04    0.00000E+00    0.31592E-04    0.00000E+00    0.75127E-02    0.00000E+00    0.13831E-01    0.00000E+00    0.79488E-02    0.00000E+00    0.58079E-02    0.00000E+00    0.10536E-01    0.00000E+00    0.60443E-02    0.00000E+00
11500  92    0.22569E-04    0.88215E-04    0.25851E-04    0.22569E-04    0.00000E+00    0.88215E-04    0.00000E+00    0.25851E-04    0.00000E+00    0.67185E-02    0.00000E+00    0.13283E-01    0.00000E+00    0.71904E-02    0.00000E+00    0.52007E-02    0.00000E+00    0.96764E-02    0.00000E+00    0.54245E-02    0.00000E+00
11600  93    0.11976E-03    0.88597E-04    0.11820E-03    0.11976E-03    0.00000E+00    0.88597E-04    0.00000E+00    0.11820E-03    0.00000E+00    0.15477E-01    0.00000E+00    0.13311E-01    0.00000E+00    0.15376E-01    0.00000E+00    0.14502E-01    0.00000E+00    0.12059E-01    0.00000E+00    0.14380E-01    0.00000E+00
11700  94    0.14454E-04    0.66160E-04    0.17039E-04    0.14454E-04    0.00000E+00    0.66160E-04    0.00000E+00    0.17039E-04    0.00000E+00    0.53766E-02    0.00000E+00    0.11503E-01    0.00000E+00    0.58377E-02    0.00000E+00    0.45052E-02    0.00000E+00    0.80753E-02    0.00000E+00    0.46837E-02    0.00000E+00
11800  95    0.71773E-04    0.19042E-03    0.77705E-04    0.71773E-04    0.00000E+00    0.19042E-03    0.00000E+00    0.77705E-04    0.00000E+00    0.11981E-01    0.00000E+00    0.19515E-01    0.00000E+00    0.12466E-01    0.00000E+00    0.10544E-01    0.00000E+00    0.16603E-01    0.00000E+00    0.10847E-01    0.00000E+00
11900  96    0.17020E-04    0.41835E-04    0.18260E-04    0.17020E-04    0.00000E+00    0.41835E-04    0.00000E+00    0.18260E-04    0.00000E+00    0.58343E-02    0.00000E+00    0.91471E-02    0.00000E+00    0.60432E-02    0.00000E+00    0.48862E-02    0.00000E+00    0.62429E-02    0.00000E+00    0.49540E-02    0.00000E+00
12000  97    0.24847E-04    0.35979E-04    0.25403E-04    0.24847E-04    0.00000E+00    0.35979E-04    0.00000E+00    0.25403E-04    0.00000E+00    0.70494E-02    0.00000E+00    0.84828E-02    0.00000E+00    0.71279E-02    0.00000E+00    0.56801E-02    0.00000E+00    0.61217E-02    0.00000E+00    0.57022E-02    0.00000E+00
12100  98    0.25462E-04    0.95855E-04    0.28982E-04    0.25462E-04    0.00000E+00    0.95855E-04    0.00000E+00    0.28982E-04    0.00000E+00    0.71362E-02    0.00000E+00    0.13846E-01    0.00000E+00    0.76134E-02    0.00000E+00    0.57247E-02    0.00000E+00    0.10332E-01    0.00000E+00    0.59551E-02    0.00000E+00
12200  99    0.52609E-04    0.17879E-03    0.58918E-04    0.52609E-04    0.00000E+00    0.17879E-03    0.00000E+00    0.58918E-04    0.00000E+00    0.10258E-01    0.00000E+00    0.18910E-01    0.00000E+00    0.10855E-01    0.00000E+00    0.85384E-02    0.00000E+00    0.14795E-01    0.00000E+00    0.88512E-02    0.00000E+00
12300  100    0.17911E-04    0.32113E-04    0.18621E-04    0.17911E-04    0.00000E+00    0.32113E-04    0.00000E+00    0.18621E-04    0.00000E+00    0.59852E-02    0.00000E+00    0.80141E-02    0.00000E+00    0.61026E-02    0.00000E+00    0.49397E-02    0.00000E+00    0.62060E-02    0.00000E+00    0.50030E-02    0.00000E+00
12400  101    0.14013E-04    0.47333E-04    0.15679E-04    0.14013E-04    0.00000E+00    0.47333E-04    0.00000E+00    0.15679E-04    0.00000E+00    0.52939E-02    0.00000E+00    0.97296E-02    0.00000E+00    0.55997E-02    0.00000E+00    0.45598E-02    0.00000E+00    0.67401E-02    0.00000E+00    0.46689E-02    0.00000E+00
12500  102    0.29188E-04    0.33963E-04    0.29427E-04    0.29188E-04    0.00000E+00    0.33963E-04    0.00000E+00    0.29427E-04    0.00000E+00    0.76405E-02    0.00000E+00    0.82418E-02    0.00000E+00    0.76717E-02    0.00000E+00    0.63113E-02    0.00000E+00    0.66170E-02    0.00000E+00    0.63266E-02    0.00000E+00
12600  103    0.15983E-04    0.72772E-04    0.18822E-04    0.15983E-04    0.00000E+00    0.72772E-04    0.00000E+00    0.18822E-04    0.00000E+00    0.56538E-02    0.00000E+00    0.12064E-01    0.00000E+00    0.61355E-02    0.00000E+00    0.46095E-02    0.00000E+00    0.85111E-02    0.00000E+00    0.48046E-02    0.00000E+00
12700  104    0.18885E-04    0.50555E-04    0.20468E-04    0.18885E-04    0.00000E+00    0.50555E-04    0.00000E+00    0.20468E-04    0.00000E+00    0.61457E-02    0.00000E+00    0.10055E-01    0.00000E+00    0.63982E-02    0.00000E+00    0.50624E-02    0.00000E+00    0.69631E-02    0.00000E+00    0.51574E-02    0.00000E+00
12800  105    0.61119E-04    0.53659E-04    0.60746E-04    0.61119E-04    0.00000E+00    0.53659E-04    0.00000E+00    0.60746E-04    0.00000E+00    0.11056E-01    0.00000E+00    0.10359E-01    0.00000E+00    0.11022E-01    0.00000E+00    0.99949E-02    0.00000E+00    0.95766E-02    0.00000E+00    0.99740E-02    0.00000E+00
12900  106    0.13747E-04    0.52225E-04    0.15671E-04    0.13747E-04    0.00000E+00    0.52225E-04    0.00000E+00    0.15671E-04    0.00000E+00    0.52435E-02    0.00000E+00    0.10220E-01    0.00000E+00    0.55984E-02    0.00000E+00    0.44878E-02    0.00000E+00    0.71677E-02    0.00000E+00    0.46218E-02    0.00000E+00
13000  107    0.49510E-04    0.35501E-04    0.48809E-04    0.49510E-04    0.00000E+00    0.35501E-04    0.00000E+00    0.48809E-04    0.00000E+00    0.99508E-02    0.00000E+00    0.84262E-02    0.00000E+00    0.98802E-02    0.00000E+00    0.86325E-02    0.00000E+00    0.76405E-02    0.00000E+00    0.85829E-02    0.00000E+00
13100  108    0.14654E-04    0.51047E-04    0.16473E-04    0.14654E-04    0.00000E+00    0.51047E-04    0.00000E+00    0.16473E-04    0.00000E+00    0.54136E-02    0.00000E+00    0.10104E-01    0.00000E+00    0.57399E-02    0.00000E+00    0.45736E-02    0.00000E+00    0.72089E-02    0.00000E+00    0.47054E-02    0.00000E+00
13200  109    0.62037E-04    0.13277E-03    0.65574E-04    0.62037E-04    0.00000E+00    0.13277E-03    0.00000E+00    0.65574E-04    0.00000E+00    0.11139E-01    0.00000E+00    0.16295E-01    0.00000E+00    0.11452E-01    0.00000E+00    0.98108E-02    0.00000E+00    0.14550E-01    0.00000E+00    0.10048E-01    0.00000E+00
13300  110    0.13806E-04    0.54440E-04    0.15837E-04    0.13806E-04    0.00000E+00    0.54440E-04    0.00000E+00    0.15837E-04    0.00000E+00    0.52547E-02    0.00000E+00    0.10435E-01    0.00000E+00    0.56280E-02    0.00000E+00    0.44357E-02    0.00000E+00    0.74469E-02    0.00000E+00    0.45863E-02    0.00000E+00
13400  111    0.40670E-04    0.33363E-04    0.40305E-04    0.40670E-04    0.00000E+00    0.33363E-04    0.00000E+00    0.40305E-04    0.00000E+00    0.90189E-02    0.00000E+00    0.81686E-02    0.00000E+00    0.89783E-02    0.00000E+00    0.76728E-02    0.00000E+00    0.71602E-02    0.00000E+00    0.76472E-02    0.00000E+00
13500  112    0.15216E-04    0.57846E-04    0.17347E-04    0.15216E-04    0.00000E+00    0.57846E-04    0.00000E+00    0.17347E-04    0.00000E+00    0.55165E-02    0.00000E+00    0.10756E-01    0.00000E+00    0.58902E-02    0.00000E+00    0.45681E-02    0.00000E+00    0.77228E-02    0.00000E+00    0.47259E-02    0.00000E+00
13600  113    0.15347E-03    0.10819E-03    0.15121E-03    0.15347E-03    0.00000E+00    0.10819E-03    0.00000E+00    0.15121E-03    0.00000E+00    0.17520E-01    0.00000E+00    0.14710E-01    0.00000E+00    0.17390E-01    0.00000E+00    0.16510E-01    0.00000E+00    0.14072E-01    0.00000E+00    0.16388E-01    0.00000E+00
13700  114    0.17326E-04    0.61972E-04    0.19558E-04    0.17326E-04    0.00000E+00    0.61972E-04    0.00000E+00    0.19558E-04    0.00000E+00    0.58866E-02    0.00000E+00    0.11133E-01    0.00000E+00    0.62543E-02    0.00000E+00    0.47617E-02    0.00000E+00    0.80838E-02    0.00000E+00    0.49278E-02    0.00000E+00
13800  115    0.25115E-04    0.11818E-03    0.29768E-04    0.25115E-04    0.00000E+00    0.11818E-03    0.00000E+00    0.29768E-04    0.00000E+00    0.70872E-02    0.00000E+00    0.15374E-01    0.00000E+00    0.77159E-02    0.00000E+00    0.57447E-02    0.00000E+00    0.10621E-01    0.00000E+00    0.59885E-02    0.00000E+00
13900  116    0.69488E-04    0.66795E-04    0.69354E-04    0.69488E-04    0.00000E+00    0.66795E-04    0.00000E+00    0.69354E-04    0.00000E+00    0.11789E-01    0.00000E+00    0.11558E-01    0.00000E+00    0.11777E-01    0.00000E+00    0.10327E-01    0.00000E+00    0.10201E-01    0.00000E+00    0.10321E-01    0.00000E+00
14000  117    0.26737E-04    0.86813E-04    0.29741E-04    0.26737E-04    0.00000E+00    0.86813E-04    0.00000E+00    0.29741E-04    0.00000E+00    0.73126E-02    0.00000E+00    0.13177E-01    0.00000E+00    0.77124E-02    0.00000E+00    0.57392E-02    0.00000E+00    0.10226E-01    0.00000E+00    0.59635E-02    0.00000E+00
14100  118    0.14253E-04    0.60457E-04    0.16563E-04    0.14253E-04    0.00000E+00    0.60457E-04    0.00000E+00    0.16563E-04    0.00000E+00    0.53391E-02    0.00000E+00    0.10996E-01    0.00000E+00    0.57555E-02    0.00000E+00    0.45002E-02    0.00000E+00    0.75869E-02    0.00000E+00    0.46546E-02    0.00000E+00
14200  119    0.55805E-04    0.13408E-03    0.59718E-04    0.55805E-04    0.00000E+00    0.13408E-03    0.00000E+00    0.59718E-04    0.00000E+00    0.10565E-01    0.00000E+00    0.16376E-01    0.00000E+00    0.10929E-01    0.00000E+00    0.92009E-02    0.00000E+00    0.13952E-01    0.00000E+00    0.94385E-02    0.00000E+00
14300  120    0.38317E-04    0.43491E-04    0.38575E-04    0.38317E-04    0.00000E+00    0.43491E-04    0.00000E+00    0.38575E-04    0.00000E+00    0.87541E-02    0.00000E+00    0.93265E-02    0.00000E+00    0.87836E-02    0.00000E+00    0.75622E-02    0.00000E+00    0.80099E-02    0.00000E+00    0.75846E-02    0.00000E+00
14400  121    0.14057E-04    0.41507E-04    0.15430E-04    0.14057E-04    0.00000E+00    0.41507E-04    0.00000E+00    0.15430E-04    0.00000E+00    0.53023E-02    0.00000E+00    0.91112E-02    0.00000E+00    0.55551E-02    0.00000E+00    0.45465E-02    0.00000E+00    0.63935E-02    0.00000E+00    0.46388E-02    0.00000E+00
14500  122    0.16222E-04    0.65169E-04    0.18670E-04    0.16222E-04    0.00000E+00    0.65169E-04    0.00000E+00    0.18670E-04    0.00000E+00    0.56960E-02    0.00000E+00    0.11417E-01    0.00000E+00    0.61106E-02    0.00000E+00    0.46508E-02    0.00000E+00    0.81224E-02    0.00000E+00    0.48244E-02    0.00000E+00
14600  123    0.13518E-04    0.44780E-04    0.15081E-04    0.13518E-04    0.00000E+00    0.44780E-04    0.00000E+00    0.15081E-04    0.00000E+00    0.51995E-02    0.00000E+00    0.94637E-02    0.00000E+00    0.54919E-02    0.00000E+00    0.44551E-02    0.00000E+00    0.66901E-02    0.00000E+00    0.45669E-02    0.00000E+00
14700  124    0.13494E-04    0.46703E-04    0.15154E-04    0.13494E-04    0.00000E+00    0.46703E-04    0.00000E+00    0.15154E-04    0.00000E+00    0.51950E-02    0.00000E+00    0.96646E-02    0.00000E+00    0.55053E-02    0.00000E+00    0.44406E-02    0.00000E+00    0.69281E-02    0.00000E+00    0.45649E-02    0.00000E+00
14800  125    0.16699E-04    0.66389E-04    0.19184E-04    0.16699E-04    0.00000E+00    0.66389E-04    0.00000E+00    0.19184E-04    0.00000E+00    0.57791E-02    0.00000E+00    0.11523E-01    0.00000E+00    0.61941E-02    0.00000E+00    0.46749E-02    0.00000E+00    0.82576E-02    0.00000E+00    0.48541E-02    0.00000E+00
14900  126    0.13708E-04    0.44490E-04    0.15247E-04    0.13708E-04    0.00000E+00    0.44490E-04    0.00000E+00    0.15247E-04    0.00000E+00    0.52359E-02    0.00000E+00    0.94330E-02    0.00000E+00    0.55221E-02    0.00000E+00    0.44491E-02    0.00000E+00    0.67227E-02    0.00000E+00    0.45628E-02    0.00000E+00
15000  127    0.14522E-04    0.55015E-04    0.16546E-04    0.14522E-04    0.00000E+00    0.55015E-04    0.00000E+00    0.16546E-04    0.00000E+00    0.53892E-02    0.00000E+00    0.10490E-01    0.00000E+00    0.57526E-02    0.00000E+00    0.45486E-02    0.00000E+00    0.73924E-02    0.00000E+00    0.46908E-02    0.00000E+00
15100  128    0.13476E-04    0.50552E-04    0.15330E-04    0.13476E-04    0.00000E+00    0.50552E-04    0.00000E+00    0.15330E-04    0.00000E+00    0.51916E-02    0.00000E+00    0.10055E-01    0.00000E+00    0.55372E-02    0.00000E+00    0.44023E-02    0.00000E+00    0.71806E-02    0.00000E+00    0.45412E-02    0.00000E+00
15200  128    0.26524E-04    0.23335E-04    0.26364E-04    0.26524E-04    0.00000E+00    0.23335E-04    0.00000E+00    0.26364E-04    0.00000E+00    0.72834E-02    0.00000E+00    0.68316E-02    0.00000E+00    0.72615E-02    0.00000E+00    0.57692E-02    0.00000E+00    0.53437E-02    0.00000E+00    0.57479E-02    0.00000E+00
15300  129    0.11692E-03    0.85894E-04    0.11537E-03    0.11692E-03    0.00000E+00    0.85894E-04    0.00000E+00    0.11537E-03    0.00000E+00    0.15292E-01    0.00000E+00    0.13107E-01    0.00000E+00    0.15190E-01    0.00000E+00    0.14312E-01    0.00000E+00    0.11857E-01    0.00000E+00    0.14189E-01    0.00000E+00
15400  130    0.70765E-04    0.99324E-04    0.72193E-04    0.70765E-04    0.00000E+00    0.99324E-04    0.00000E+00    0.72193E-04    0.00000E+00    0.11897E-01    0.00000E+00    0.14094E-01    0.00000E+00    0.12016E-01    0.00000E+00    0.10106E-01    0.00000E+00    0.12281E-01    0.00000E+00    0.10215E-01    0.00000E+00
15500  131    0.69706E-04    0.46755E-04    0.68559E-04    0.69706E-04    0.00000E+00    0.46755E-04    0.00000E+00    0.68559E-04    0.00000E+00    0.11807E-01    0.00000E+00    0.96701E-02    0.00000E+00    0.11710E-01    0.00000E+00    0.10733E-01    0.00000E+00    0.90971E-02    0.00000E+00    0.10651E-01    0.00000E+00
15600  132    0.18877E-04    0.73255E-04    0.21596E-04    0.18877E-04    0.00000E+00    0.73255E-04    0.00000E+00    0.21596E-04    0.00000E+00    0.61444E-02    0.00000E+00    0.12104E-01    0.00000E+00    0.65720E-02    0.00000E+00    0.49517E-02    0.00000E+00    0.88652E-02    0.00000E+00    0.51474E-02    0.00000E+00
15700  133    0.37678E-04    0.11797E-03    0.41693E-04    0.37678E-04    0.00000E+00    0.11797E-03    0.00000E+00    0.41693E-04    0.00000E+00    0.86808E-02    0.00000E+00    0.15361E-01    0.00000E+00    0.91316E-02    0.00000E+00    0.70404E-02    0.00000E+00    0.12197E-01    0.00000E+00    0.72982E-02    0.00000E+00
15800  134    0.22271E-04    0.51532E-04    0.23734E-04    0.22271E-04    0.00000E+00    0.51532E-04    0.00000E+00    0.23734E-04    0.00000E+00    0.66739E-02    0.00000E+00    0.10152E-01    0.00000E+00    0.68897E-02    0.00000E+00    0.54104E-02    0.00000E+00    0.67627E-02    0.00000E+00    0.54780E-02    0.00000E+00
15900  135    0.24306E-04    0.88162E-04    0.27499E-04    0.24306E-04    0.00000E+00    0.88162E-04    0.00000E+00    0.27499E-04    0.00000E+00    0.69723E-02    0.00000E+00    0.13279E-01    0.00000E+00    0.74161E-02    0.00000E+00    0.54856E-02    0.00000E+00    0.10063E-01    0.00000E+00    0.57145E-02    0.00000E+00
16000  136    0.13197E-04    0.45382E-04    0.14806E-04    0.13197E-04    0.00000E+00    0.45382E-04    0.00000E+00    0.14806E-04    0.00000E+00    0.51375E-02    0.00000E+00    0.95271E-02    0.00000E+00    0.54417E-02    0.00000E+00    0.44327E-02    0.00000E+00    0.67355E-02    0.00000E+00    0.45478E-02    0.00000E+00
16100  137    0.15398E-03    0.23893E-03    0.15822E-03    0.15398E-03    0.00000E+00    0.23893E-03    0.00000E+00    0.15822E-03    0.00000E+00    0.17549E-01    0.00000E+00    0.21860E-01    0.00000E+00    0.17789E-01    0.00000E+00    0.16639E-01    0.00000E+00    0.20394E-01    0.00000E+00    0.16827E-01    0.00000E+00
16200  138    0.29705E-04    0.97996E-04    0.33120E-04    0.29705E-04    0.00000E+00    0.97996E-04    0.00000E+00    0.33120E-04    0.00000E+00    0.77078E-02    0.00000E+00    0.14000E-01    0.00000E+00    0.81388E-02    0.00000E+00    0.62832E-02    0.00000E+00    0.11158E-01    0.00000E+00    0.65269E-02    0.00000E+00
16300  139    0.20543E-04    0.36952E-04    0.21364E-04    0.20543E-04    0.00000E+00    0.36952E-04    0.00000E+00    0.21364E-04    0.00000E+00    0.64099E-02    0.00000E+00    0.85967E-02    0.00000E+00    0.65366E-02    0.00000E+00    0.52139E-02    0.00000E+00    0.59080E-02    0.00000E+00    0.52486E-02    0.00000E+00
16400  140    0.14350E-04    0.55982E-04    0.16431E-04    0.14350E-04    0.00000E+00    0.55982E-04    0.00000E+00    0.16431E-04    0.00000E+00    0.53572E-02    0.00000E+00    0.10581E-01    0.00000E+00    0.57326E-02    0.00000E+00    0.44287E-02    0.00000E+00    0.75331E-02    0.00000E+00    0.45839E-02    0.00000E+00
16500  141    0.43941E-04    0.41387E-04    0.43814E-04    0.43941E-04    0.00000E+00    0.41387E-04    0.00000E+00    0.43814E-04    0.00000E+00    0.93746E-02    0.00000E+00    0.90980E-02    0.00000E+00    0.93610E-02    0.00000E+00    0.81902E-02    0.00000E+00    0.80521E-02    0.00000E+00    0.81833E-02    0.00000E+00
16600  142    0.29296E-04    0.79715E-04    0.31817E-04    0.29296E-04    0.00000E+00    0.79715E-04    0.00000E+00    0.31817E-04    0.00000E+00    0.76546E-02    0.00000E+00    0.12627E-01    0.00000E+00    0.79771E-02    0.00000E+00    0.59579E-02    0.00000E+00    0.98352E-02    0.00000E+00    0.61518E-02    0.00000E+00
16700  143    0.72986E-04    0.56310E-04    0.72152E-04    0.72986E-04    0.00000E+00    0.56310E-04    0.00000E+00    0.72152E-04    0.00000E+00    0.12082E-01    0.00000E+00    0.10612E-01    0.00000E+00    0.12013E-01    0.00000E+00    0.11088E-01    0.00000E+00    0.10077E-01    0.00000E+00    0.11037E-01    0.00000E+00
16800  144    0.63095E-04    0.53514E-04    0.62616E-04    0.63095E-04    0.00000E+00    0.53514E-04    0.00000E+00    0.62616E-04    0.00000E+00    0.11233E-01    0.00000E+00    0.10345E-01    0.00000E+00    0.11191E-01    0.00000E+00    0.97468E-02    0.00000E+00    0.91928E-02    0.00000E+00    0.97191E-02    0.00000E+00
16900  145    0.23214E-04    0.73263E-04    0.25717E-04    0.23214E-04    0.00000E+00    0.73263E-04    0.00000E+00    0.25717E-04    0.00000E+00    0.68139E-02    0.00000E+00    0.12105E-01    0.00000E+00    0.71717E-02    0.00000E+00    0.53876E-02    0.00000E+00    0.92969E-02    0.00000E+00    0.55831E-02    0.00000E+00
17000  146    0.14131E-04    0.50975E-04    0.15973E-04    0.14131E-04    0.00000E+00    0.50975E-04    0.00000E+00    0.15973E-04    0.00000E+00    0.53161E-02    0.00000E+00    0.10097E-01    0.00000E+00    0.56521E-02    0.00000E+00    0.44847E-02    0.00000E+00    0.70615E-02    0.00000E+00    0.46135E-02    0.00000E+00
17100  147    0.14186E-04    0.33534E-04    0.15153E-04    0.14186E-04    0.00000E+00    0.33534E-04    0.00000E+00    0.15153E-04    0.00000E+00    0.53265E-02    0.00000E+00    0.81895E-02    0.00000E+00    0.55051E-02    0.00000E+00    0.45510E-02    0.00000E+00    0.58323E-02    0.00000E+00    0.46151E-02    0.00000E+00
17200  148    0.18649E-04    0.87375E-04    0.22086E-04    0.18649E-04    0.00000E+00    0.87375E-04    0.00000E+00    0.22086E-04    0.00000E+00    0.61073E-02    0.00000E+00    0.13219E-01    0.00000E+00    0.66461E-02    0.00000E+00    0.48375E-02    0.00000E+00    0.93436E-02    0.00000E+00    0.50628E-02    0.00000E+00
17300  149    0.31736E-04    0.46433E-04    0.32471E-04    0.31736E-04    0.00000E+00    0.46433E-04    0.00000E+00    0.32471E-04    0.00000E+00    0.79669E-02    0.00000E+00    0.96367E-02    0.00000E+00    0.80586E-02    0.00000E+00    0.67201E-02    0.00000E+00    0.77377E-02    0.00000E+00    0.67710E-02    0.00000E+00
17400  150    0.14057E-04    0.61184E-04    0.16414E-04    0.14057E-04    0.00000E+00    0.61184E-04    0.00000E+00    0.16414E-04    0.00000E+00    0.53023E-02    0.00000E+00    0.11062E-01    0.00000E+00    0.57295E-02    0.00000E+00    0.44629E-02    0.00000E+00    0.76627E-02    0.00000E+00    0.46229E-02    0.00000E+00
17500  151    0.96659E-04    0.22972E-03    0.10331E-03    0.96659E-04    0.00000E+00    0.22972E-03    0.00000E+00    0.10331E-03    0.00000E+00    0.13904E-01    0.00000E+00    0.21435E-01    0.00000E+00    0.14374E-01    0.00000E+00    0.12677E-01    0.00000E+00    0.18920E-01    0.00000E+00    0.12990E-01    0.00000E+00
17600  152    0.30733E-03    0.21124E-03    0.30252E-03    0.30733E-03    0.00000E+00    0.21124E-03    0.00000E+00    0.30252E-03    0.00000E+00    0.24792E-01    0.00000E+00    0.20554E-01    0.00000E+00    0.24598E-01    0.00000E+00    0.24223E-01    0.00000E+00    0.18669E-01    0.00000E+00    0.23945E-01    0.00000E+00
17700  153    0.14118E-04    0.38575E-04    0.15341E-04    0.14118E-04    0.00000E+00    0.38575E-04    0.00000E+00    0.15341E-04    0.00000E+00    0.53138E-02    0.00000E+00    0.87835E-02    0.00000E+00    0.55391E-02    0.00000E+00    0.45049E-02    0.00000E+00    0.63067E-02    0.00000E+00    0.45950E-02    0.00000E+00
17800  154    0.15640E-04    0.47799E-04    0.17248E-04    0.15640E-04    0.00000E+00    0.47799E-04    0.00000E+00    0.17248E-04    0.00000E+00    0.55929E-02    0.00000E+00    0.97774E-02    0.00000E+00    0.58734E-02    0.00000E+00    0.46148E-02    0.00000E+00    0.68876E-02    0.00000E+00    0.47284E-02    0.00000E+00
17900  155    0.22980E-04    0.35727E-04    0.23617E-04    0.22980E-04    0.00000E+00    0.35727E-04    0.00000E+00    0.23617E-04    0.00000E+00    0.67793E-02    0.00000E+00    0.84531E-02    0.00000E+00    0.68727E-02    0.00000E+00    0.55197E-02    0.00000E+00    0.63024E-02    0.00000E+00    0.55588E-02    0.00000E+00
18000  156    0.17048E-04    0.36866E-04    0.18038E-04    0.17048E-04    0.00000E+00    0.36866E-04    0.00000E+00    0.18038E-04    0.00000E+00    0.58391E-02    0.00000E+00    0.85868E-02    0.00000E+00    0.60064E-02    0.00000E+00    0.48544E-02    0.00000E+00    0.63099E-02    0.00000E+00    0.49272E-02    0.00000E+00
18100  157    0.11336E-03    0.71142E-04    0.11125E-03    0.11336E-03    0.00000E+00    0.71142E-04    0.00000E+00    0.11125E-03    0.00000E+00    0.15058E-01    0.00000E+00    0.11928E-01    0.00000E+00    0.14917E-01    0.00000E+00    0.14051E-01    0.00000E+00    0.10576E-01    0.00000E+00    0.13877E-01    0.00000E+00
18200  158    0.38516E-04    0.86531E-04    0.40917E-04    0.38516E-04    0.00000E+00    0.86531E-04    0.00000E+00    0.40917E-04    0.00000E+00    0.87768E-02    0.00000E+00    0.13155E-01    0.00000E+00    0.90462E-02    0.00000E+00    0.72012E-02    0.00000E+00    0.10877E-01    0.00000E+00    0.73850E-02    0.00000E+00
18300  159    0.59349E-04    0.98682E-04    0.61316E-04    0.59349E-04    0.00000E+00    0.98682E-04    0.00000E+00    0.61316E-04    0.00000E+00    0.10895E-01    0.00000E+00    0.14049E-01    0.00000E+00    0.11074E-01    0.00000E+00    0.87196E-02    0.00000E+00    0.11363E-01    0.00000E+00    0.88518E-02    0.00000E+00
18400  160    0.23059E-04    0.84801E-04    0.26146E-04    0.23059E-04    0.00000E+00    0.84801E-04    0.00000E+00    0.26146E-04    0.00000E+00    0.67910E-02    0.00000E+00    0.13023E-01    0.00000E+00    0.72313E-02    0.00000E+00    0.52394E-02    0.00000E+00    0.96905E-02    0.00000E+00    0.54619E-02    0.00000E+00
18500  161    0.91706E-04    0.56213E-04    0.89932E-04    0.91706E-04    0.00000E+00    0.56213E-04    0.00000E+00    0.89932E-04    0.00000E+00    0.13543E-01    0.00000E+00    0.10603E-01    0.00000E+00    0.13411E-01    0.00000E+00    0.12435E-01    0.00000E+00    0.10113E-01    0.00000E+00    0.12319E-01    0.00000E+00
18600  162    0.14185E-04    0.45094E-04    0.15731E-04    0.14185E-04    0.00000E+00    0.45094E-04    0.00000E+00    0.15731E-04    0.00000E+00    0.53264E-02    0.00000E+00    0.94967E-02    0.00000E+00    0.56090E-02    0.00000E+00    0.44600E-02    0.00000E+00    0.67969E-02    0.00000E+00    0.45769E-02    0.00000E+00
18700  163    0.15817E-04    0.35876E-04    0.16820E-04    0.15817E-04    0.00000E+00    0.35876E-04    0.00000E+00    0.16820E-04    0.00000E+00    0.56243E-02    0.00000E+00    0.84706E-02    0.00000E+00    0.57999E-02    0.00000E+00    0.46813E-02    0.00000E+00    0.63866E-02    0.00000E+00    0.47666E-02    0.00000E+00
18800  164    0.37131E-04    0.32092E-04    0.36879E-04    0.37131E-04    0.00000E+00    0.32092E-04    0.00000E+00    0.36879E-04    0.00000E+00    0.86175E-02    0.00000E+00    0.80115E-02    0.00000E+00    0.85882E-02    0.00000E+00    0.71466E-02    0.00000E+00    0.67440E-02    0.00000E+00    0.71265E-02    0.00000E+00
18900  165    0.15080E-04    0.55803E-04    0.17116E-04    0.15080E-04    0.00000E+00    0.55803E-04    0.00000E+00    0.17116E-04    0.00000E+00    0.54918E-02    0.00000E+00    0.10564E-01    0.00000E+00    0.58509E-02    0.00000E+00    0.44877E-02    0.00000E+00    0.74951E-02    0.00000E+00    0.46381E-02    0.00000E+00
19000  166    0.14635E-04    0.48937E-04    0.16350E-04    0.14635E-04    0.00000E+00    0.48937E-04    0.00000E+00    0.16350E-04    0.00000E+00    0.54101E-02    0.00000E+00    0.98931E-02    0.00000E+00    0.57183E-02    0.00000E+00    0.45430E-02    0.00000E+00    0.70610E-02    0.00000E+00    0.46689E-02    0.00000E+00
19100  167    0.87317E-04    0.62511E-04    0.86076E-04    0.87317E-04    0.00000E+00    0.62511E-04    0.00000E+00    0.86076E-04    0.00000E+00    0.13215E-01    0.00000E+00    0.11181E-01    0.00000E+00    0.13121E-01    0.00000E+00    0.12315E-01    0.00000E+00    0.10610E-01    0.00000E+00    0.12230E-01    0.00000E+00
19200  168    0.59677E-04    0.55646E-04    0.59476E-04    0.59677E-04    0.00000E+00    0.55646E-04    0.00000E+00    0.59476E-04    0.00000E+00    0.10925E-01    0.00000E+00    0.10549E-01    0.00000E+00    0.10906E-01    0.00000E+00    0.99585E-02    0.00000E+00    0.97812E-02    0.00000E+00    0.99497E-02    0.00000E+00
19300  169    0.53823E-04    0.46954E-04    0.53480E-04    0.53823E-04    0.00000E+00    0.46954E-04    0.00000E+00    0.53480E-04    0.00000E+00    0.10375E-01    0.00000E+00    0.96906E-02    0.00000E+00    0.10342E-01    0.00000E+00    0.92582E-02    0.00000E+00    0.88599E-02    0.00000E+00    0.92383E-02    0.00000E+00
19400  170    0.15202E-04    0.54207E-04    0.17152E-04    0.15202E-04    0.00000E+00    0.54207E-04    0.00000E+00    0.17152E-04    0.00000E+00    0.55140E-02    0.00000E+00    0.10412E-01    0.00000E+00    0.58570E-02    0.00000E+00    0.44974E-02    0.00000E+00    0.73832E-02    0.00000E+00    0.46417E-02    0.00000E+00
19500  171    0.14383E-04    0.42405E-04    0.15784E-04    0.14383E-04    0.00000E+00    0.42405E-04    0.00000E+00    0.15784E-04    0.00000E+00    0.53635E-02    0.00000E+00    0.92093E-02    0.00000E+00    0.56186E-02    0.00000E+00    0.44976E-02    0.00000E+00    0.65078E-02    0.00000E+00    0.45981E-02    0.00000E+00
19600  172    0.14405E-04    0.62917E-04    0.16830E-04    0.14405E-04    0.00000E+00    0.62917E-04    0.00000E+00    0.16830E-04    0.00000E+00    0.53674E-02    0.00000E+00    0.11218E-01    0.00000E+00    0.58018E-02    0.00000E+00    0.44851E-02    0.00000E+00    0.78619E-02    0.00000E+00    0.46540E-02    0.00000E+00
19700  173    0.54655E-04    0.37356E-04    0.53790E-04    0.54655E-04    0.00000E+00    0.37356E-04    0.00000E+00    0.53790E-04    0.00000E+00    0.10455E-01    0.00000E+00    0.86436E-02    0.00000E+00    0.10372E-01    0.00000E+00    0.92501E-02    0.00000E+00    0.80154E-02    0.00000E+00    0.91884E-02    0.00000E+00
19800  174    0.21313E-04    0.59000E-04    0.23197E-04    0.21313E-04    0.00000E+00    0.59000E-04    0.00000E+00    0.23197E-04    0.00000E+00    0.65288E-02    0.00000E+00    0.10863E-01    0.00000E+00    0.68113E-02    0.00000E+00    0.52896E-02    0.00000E+00    0.84866E-02    0.00000E+00    0.54495E-02    0.00000E+00
19900  175    0.46452E-04    0.45405E-04    0.46400E-04    0.46452E-04    0.00000E+00    0.45405E-04    0.00000E+00    0.46400E-04    0.00000E+00    0.96387E-02    0.00000E+00    0.95294E-02    0.00000E+00    0.96333E-02    0.00000E+00    0.85913E-02    0.00000E+00    0.85952E-02    0.00000E+00    0.85915E-02    0.00000E+00
20000  176    0.37976E-04    0.45312E-04    0.38343E-04    0.37976E-04    0.00000E+00    0.45312E-04    0.00000E+00    0.38343E-04    0.00000E+00    0.87151E-02    0.00000E+00    0.95197E-02    0.00000E+00    0.87571E-02    0.00000E+00    0.72945E-02    0.00000E+00    0.76887E-02    0.00000E+00    0.73142E-02    0.00000E+00
