3000
func 0
Activation_out 0
4
2
16
16
1
 #l=           2
  2.73646464992080340E-01  4.05325540509917537E-01 -4.48319734831848893E-01
  4.26856476579612953E-01 -3.86087692528757742E-01  3.21579472669953403E-01
 -1.15684239204652053E-01 -1.30063828385208441E-01  1.11429755384831932E-02
 -4.65145257551298097E-01 -1.60391716945487539E-01 -2.87818948732399882E-01
 -1.19003781450199936E-01 -2.88064340812557773E-01  2.30795725030727289E-01
 -2.48769749513178644E-02 -2.54630145760520676E-01  1.47041829394617157E-01
 -2.24762318024608360E-01  2.47492438801619419E-01 -3.65995661954525986E-01
 -6.37558121618877066E-02 -3.56920622192927361E-01 -1.54878443499452290E-01
  2.23725030873093117E-01  2.33376909045414888E-01 -2.96629047258050282E-01
 -1.88508810616753397E-01 -4.00223014399531007E-01  3.13938202965260593E-01
  1.26980883479233392E-01 -3.16353852439819228E-01  3.41369167768205029E-01
 -4.66582082453729716E-02  2.47719658323831665E-01 -4.68224355460879760E-02
  1.82879195479632300E-01  2.20576979021983921E-01 -2.73354383149637947E-01
 -9.58279710371291171E-02 -1.77124874595603859E-01  4.64514551274962870E-02
 -9.60983977465320743E-02  2.11093148778604134E-01 -2.67408823742283697E-01
 -1.17170267408425482E-01 -3.82010513982914302E-01  1.84096701148541736E-01
 #l=           3
  4.55039263551810721E-02  9.14355039491037552E-02 -2.11363887486205548E-01 -2.72271045094449660E-01  2.92143235956999703E-01 -1.66876130126997535E-01  1.08111802270179955E-01 -1.47180465182670833E-01  4.03709169883591401E-01  1.54886204999518540E-02  7.80140487052100040E-03 -2.40563759399793159E-01 -1.16116632111031390E-01 -8.19345631461403101E-03  1.04210223862309312E-01  6.92724842484641612E-02 -9.30377519323014324E-02
 -1.03617930142445955E-01  4.78471618440946322E-01 -3.34812225305942068E-01  2.20194874883617581E-02  9.57452181048017992E-02  3.32829710965271697E-01 -1.54366547280360089E-01  2.98313731374564295E-01 -3.56810304486428823E-02 -2.08203896488748735E-01 -1.38370474014133243E-01 -4.41830994933264165E-01  7.54732929787145235E-02 -2.72270417325587710E-01  1.89290299332384310E-01  3.24772374496373126E-02 -8.77611498407954854E-02
  1.32088321699646537E-02 -2.60152628584924495E-01 -3.26364011309158264E-01  3.15508726968087794E-01  5.66464579054067885E-02 -2.16259547808535318E-01 -3.90428351399309204E-01  2.43713029351622867E-01 -2.60135203026976812E-02  1.84169107039412160E-02 -2.20893197049390894E-01  1.21091384104020242E-03  1.28512354525024602E-01 -3.30692998375894054E-01  1.45815579523759481E-01 -2.03321585445820657E-01 -4.40063193431247668E-02
  1.78136460392319423E-01  1.55080791552204500E-01 -2.25731903537470746E-01 -1.61771071044460729E-01 -2.04060271872827298E-01 -2.19816888894664358E-01  3.65076238617113302E-01 -4.03042326828705999E-01 -3.78045580580497823E-02  2.96125533819026135E-02  2.00323220839751431E-01  8.56603344111465520E-02 -5.31326516678644722E-01 -1.47158787834942240E-01 -1.86225876803434304E-03  7.74041432381172984E-02  3.78900926123499557E-02
  4.19889555881185594E-01  3.69111026950435461E-01  3.69531219541196776E-02 -2.04001901185620754E-02 -1.92934280004039893E-01  1.72739352450758665E-01 -2.34087771929559263E-01 -1.50022409818667213E-01  9.25742267885780873E-02 -1.61347438128609605E-01  8.10766122845754944E-02 -3.98834204048446106E-01 -9.08957127601608128E-02 -2.77871008347159776E-01  2.97995361492648658E-01 -6.46390598480561795E-02 -3.11770647574310555E-01
 -1.44087641773741008E-02  2.71611318044960359E-01 -1.04821098697944620E-01  3.72268574089650472E-01  3.28716103857178032E-01  1.14101764303073949E-01 -7.12362693835221217E-02 -1.35205207157184121E-01 -1.01635074926581595E-01 -3.60447881036812856E-01 -2.88958936269557987E-01  6.48490818916659523E-02 -2.00799695777292668E-02  8.98779096344206607E-02  4.41514385794180231E-01 -3.00465806624467466E-02  6.17958502793800948E-02
 -4.74706305739734657E-02 -5.06997852847892116E-01 -2.79853522520434189E-02 -2.93671495987284092E-01 -2.41361739951701459E-01  2.67739354559340004E-01 -2.49773546353345394E-01  8.35318024231632289E-02 -1.57529770368434519E-01  1.29444832371605728E-01  5.96902123533934570E-01  1.40629828031421378E-01 -1.64140033643200539E-01  1.54862696922701992E-01 -1.26790936785543817E-01 -1.74340459503556811E-01  1.88786327839273488E-01
 -3.38026887952533458E-03 -2.30279190844221132E-01  3.00263411797587254E-01  2.64111752322446880E-01 -5.80709779754330843E-02  2.13127478128875003E-01  5.70867706290948754E-02  5.46127099110194150E-02 -3.05211163221188152E-02  4.36653143948475125E-02  1.63350313634309074E-01  3.32829389755026295E-01  2.01488633984188703E-02  1.17832583002815031E-01 -1.41326330795372490E-01 -6.79616840935646227E-02  5.40207230912065767E-02
  1.77909894411072744E-01 -1.10077016905405098E-01 -1.72990324817000572E-02 -3.87242494759787378E-02 -4.33793226622075312E-01  1.91105996620980594E-02 -1.07515613322209241E-01  1.84461057433809653E-02 -7.14003264358104989E-02  2.06676078790242940E-01  1.83980466174613166E-01 -2.69664067974673016E-01 -1.18349615755087262E-01 -8.33733726929966334E-02 -1.54936818747166249E-01 -1.56323274424047587E-01 -2.02472439181478642E-01
  1.88898609005578560E-01  4.61596874073847752E-01 -2.87161908105695030E-01 -1.72741771020339274E-01 -2.71827518741435625E-01 -3.66201149653607450E-02 -1.83191926416668621E-01 -2.14136085655255798E-01  7.83811575335794375E-02  4.12690056116584769E-01 -1.77557157328062348E-01  7.21293753466816373E-02 -2.38143379193216043E-01  3.55077842585357517E-01 -1.77242113444150223E-01 -1.12572989793299202E-01  1.12218574051894990E-01
 -7.75191937037625067E-02  3.03236903828726589E-01  1.29329736951996538E-01  1.08829454834194872E-01 -6.19617595446548472E-02 -1.99614739923086842E-01  2.33712034501845828E-01  1.64127363088933137E-01 -1.56592102715597009E-01  1.03367773816504332E-01 -1.03704831694966262E-01 -1.07156036299192445E-01 -5.45899012289835332E-03  5.11919774065049335E-02 -4.24082398421613660E-01  2.64454201055629001E-01 -1.74632016996054545E-02
  1.97673765435337351E-02 -1.86153718432595892E-02  2.61529674473331308E-01  3.34066022472637447E-01  9.98299199833469209E-02 -7.96621065202752776E-02  1.37685015860833981E-01  2.88955304998292362E-01 -3.63150225000348159E-01  1.75590084650266737E-01 -3.03396892229533845E-02 -3.27882442029729937E-01 -3.44846077346127711E-01 -6.78163066154977123E-01  1.89622011080434784E-02 -1.83527723714234120E-01 -2.22032870747826711E-01
  3.31127768306221162E-02  4.22515639510405050E-01  3.40353069627035015E-02  2.05758523612884103E-01  6.26724316421820304E-02 -7.66059689453757464E-02 -1.25667164458738739E-01  6.47999730440046579E-02 -1.49791092900993711E-01 -3.00663162632864467E-01  1.24465274774234747E-01 -5.23751924458532137E-01  2.51461179917114031E-01 -3.64649130776269065E-02  1.85418093761544889E-01 -1.56075209020733296E-01 -9.53619191616691779E-03
 -9.41838703301760699E-02  1.31756843138293889E-01  4.95166211093526820E-01  2.68240530217252027E-01  2.62739109696159101E-01 -2.25000615366651058E-01 -7.61990729788040722E-02  2.93756001775928921E-01  1.79574474389733660E-02 -6.96889552020421923E-03  2.56403912175987347E-01 -1.84021802961966061E-02  3.74456151776480450E-01 -7.73044361625866588E-04  9.44479958879766990E-02  1.33775863159426328E-01 -3.19382368061510227E-02
  2.22642978000376947E-02  1.94648318240587370E-01 -9.78832954817345918E-02  1.55248828499748637E-01  2.35149712296764346E-01  4.17622055534463466E-01  3.73870650760903700E-01  3.11288352826574244E-01 -1.80798202509841494E-01 -4.28533385675591086E-02  8.43034485283800372E-02  3.40743994011334705E-01 -2.27349198541945879E-01  2.42757981912167936E-01  1.26495177068764814E-01  3.30928146832455639E-01  2.64192488954057336E-01
 -2.84077613516781763E-03 -3.50363449172514885E-01 -3.16749423111090112E-01  1.65196395834081751E-02  1.42621312592554561E-01  3.49098039483554501E-01 -2.40253750041273528E-02  5.03315794653030335E-02  2.79324362288628059E-01 -1.58100018192158409E-01  7.29166508054257395E-02  1.29163457035339824E-01 -2.15682517562317294E-01  2.19730927245103375E-01 -2.26664176651323740E-01  1.40121065012185381E-01 -1.52449615959711210E-01
 #l=           4
 -1.49246687449783422E-01 -8.58433237888384798E-02 -1.09922174464965039E+00 -2.08236377377830628E-01 -5.13552214656037065E-01  4.18808472511923935E-01 -1.14753665013921022E-01 -2.59582249368863260E-01 -1.09689426122475855E-01 -2.54700649112189148E-01  2.99273845937441718E-01  3.31716716749951901E-01  1.30529801539819856E-01 -7.84606255294783249E-03 -1.05129398542832000E-01  1.65822817678666801E-01 -9.60599875015813974E-03
