   -0.562910663812E+01    0.538265910046E+00    0.570605039437E-01
   -0.288536953569E+00    0.635553883705E+00    0.775108079089E+00
    0.830925845459E+01    0.260206876176E+00    0.374492060298E-01
   -0.952417762897E+01    0.180024080025E+00    0.591716310148E-02
    0.907297443769E+01    0.160023959826E+00    0.172422074318E-01
    0.173632379480E+01    0.855016269575E+00    0.982776240146E+00
    0.378515092331E+01    0.351780247976E+00    0.584685721247E+00
   -0.115028187018E+01    0.752246554874E+00    0.529320760070E+00
   -0.473154554163E+01    0.562722694876E+00    0.100790816700E+00
   -0.616639571365E+01    0.406596306527E+00    0.497914487660E-01
   -0.141037152541E+01    0.676077049027E+00    0.516831872893E+00
   -0.540561370948E+00    0.445763929519E+00    0.822550400571E+00
    0.870639587280E+01    0.401777253203E+00    0.367513867399E-01
    0.219815295007E+01    0.337922399534E-01    0.744171996641E+00
    0.707337483341E+01    0.314063240250E-01    0.591386936460E-01
   -0.953172411103E+01    0.675384884314E+00    0.200207321109E-02
   -0.181531477785E+01    0.884706735241E-01    0.756814830124E+00
    0.585448888486E+01    0.869455942674E+00    0.439005346517E+00
    0.251896356015E+01    0.821732764037E-01    0.703844782462E+00
   -0.763585956947E+01    0.149333188277E+00    0.277926163909E-01
    0.438053792615E+01    0.117563596405E+00    0.347892227941E+00
    0.903390128137E+01    0.953592984526E+00    0.812341718229E-01
    0.176389980833E+01    0.324552669411E+00    0.945552305590E+00
   -0.699601225028E+01    0.139732737676E+00    0.453740798587E-01
    0.405667710750E+01    0.304263135264E-01    0.364351339310E+00
    0.188384062688E+01    0.406780271434E+00    0.956126638672E+00
   -0.349980363878E+01    0.226086357230E+00    0.344298133841E+00
   -0.955793197681E+00    0.781486595310E+00    0.553996542554E+00
    0.528921907575E+01    0.845851815538E+00    0.540832807439E+00
   -0.378115152963E+01    0.331649593016E+00    0.257844296992E+00
   -0.537112878077E+01    0.700772024398E+00    0.506254071924E-01
    0.359880750674E+01    0.751601352271E+00    0.837959525516E+00
   -0.446562731680E+01    0.123978471726E+00    0.238853352919E+00
   -0.242503445337E+01    0.571262451370E+00    0.373634297192E+00
    0.410601525784E+01    0.564040784641E+00    0.635193885121E+00
    0.511329557543E+00    0.186746546789E+00    0.999969571890E+00
   -0.955138660572E+01    0.306357735792E+00    0.441102933402E-02
   -0.853764200664E+01    0.125021482387E+00    0.146098389745E-01
   -0.154466151046E+01    0.892721685515E+00    0.380200470733E+00
    0.148819019352E+00    0.610806194313E+00    0.867950521640E+00
    0.474721513045E+01    0.237725248646E-01    0.253215798542E+00
    0.841019391464E+01    0.331364178217E+00    0.398776814353E-01
    0.189261176822E+00    0.590997055271E+00    0.883106980749E+00
   -0.947487370189E+01    0.722447278169E+00    0.189280439659E-02
   -0.948367019924E+01    0.359016167814E+00    0.416224816462E-02
    0.401137137912E+01    0.729924521412E+00    0.746981199448E+00
   -0.730164920611E+01    0.907277587045E+00    0.763182169094E-02
    0.105111227360E+01    0.772065181593E+00    0.938049807827E+00
    0.375024994150E+00    0.648979067409E+00    0.888437993492E+00
   -0.509086744597E+01    0.437573073819E+00    0.987604254940E-01
    0.648380490704E+01    0.165909807923E+00    0.111888152518E+00
    0.859840525910E+01    0.525980071569E+00    0.503444396906E-01
    0.388669930807E+01    0.688475837613E+00    0.750229320510E+00
   -0.312374735885E+01    0.354900790063E+00    0.350773929150E+00
   -0.375688544003E+01    0.116655385071E+00    0.349423733173E+00
   -0.121815494046E+01    0.488191086106E+00    0.662233058406E+00
    0.806473307261E+01    0.967258045787E+00    0.155484689905E+00
   -0.428868308866E+01    0.627689772485E+00    0.120289490343E+00
   -0.216976811097E+01    0.513433057984E+00    0.449802352103E+00
    0.133486175766E+01    0.356863841922E+00    0.989354591851E+00
    0.251345819105E+01    0.338697679349E+00    0.838270617441E+00
    0.433211387214E+01    0.446728832903E+00    0.521997412833E+00
   -0.552603901715E+01    0.677020190133E+00    0.473755242593E-01
   -0.915033666745E+01    0.831567476230E+00    0.195462574332E-02
    0.545902713804E+01    0.342583642902E+00    0.270883539642E+00
    0.559568731672E+01    0.363645383136E+00    0.259273710829E+00
    0.103634318557E+01    0.259012211606E+00    0.991457651740E+00
   -0.587167205352E+01    0.200456803064E+00    0.888813287787E-01
   -0.435460768283E+01    0.616140456892E+00    0.117571940318E+00
    0.145402123691E+01    0.358663782050E+00    0.982427514301E+00
    0.956577858313E+01    0.936752080247E+00    0.544713819387E-01
   -0.953040599886E+01    0.694661155620E+00    0.192073460123E-02
   -0.402270736583E+01    0.826535311574E+00    0.101889512482E+00
    0.153984550241E+01    0.747832678897E+00    0.988016081720E+00
    0.280098578693E+01    0.447022705426E+00    0.837686219679E+00
   -0.861288645187E+01    0.437309059128E+00    0.716677033058E-02
    0.698603885311E+00    0.757006680780E+00    0.894667215186E+00
    0.796780836736E+01    0.659626940330E+00    0.989268094308E-01
   -0.650958711763E+01    0.655670330565E+00    0.238488757219E-01
    0.449254558468E+01    0.884741955491E+00    0.731564667506E+00
   -0.327401538773E+01    0.637393477503E+00    0.218866175179E+00
   -0.519310814427E+01    0.728261505739E+00    0.545877244396E-01
    0.193964185887E+01    0.157132704015E+00    0.855484179190E+00
   -0.778032783670E+01    0.440126105624E+00    0.138340324371E-01
    0.868948029773E+01    0.856620484029E+00    0.863177862968E-01
    0.251489621527E+01    0.373516277488E+00    0.854203212411E+00
    0.616674343959E+01    0.634198436586E+00    0.279315201891E+00
   -0.766374015546E+01    0.438761300702E+00    0.151981969433E-01
   -0.576205466467E+01    0.718629468216E+00    0.368581603852E-01
   -0.198646520087E+01    0.516154787727E+00    0.484855421037E+00
    0.899756618181E+01    0.784934463597E+00    0.613954586204E-01
   -0.192983329455E+01    0.524123551641E+00    0.492093070407E+00
   -0.132074185458E+01    0.736196989444E+00    0.502808760836E+00
    0.384039923157E+01    0.141780196655E+00    0.459421949132E+00
    0.675624445697E+00    0.663629330079E+00    0.926464080359E+00
    0.358648435018E+01    0.835601463426E+00    0.877975346204E+00
    0.735835851550E+01    0.518274090612E+00    0.115576540677E+00
    0.811560697801E+01    0.913228652280E+00    0.138009229565E+00
   -0.922985788055E+00    0.966706397353E+00    0.461063531076E+00
   -0.480254127919E+01    0.399022711889E+00    0.127089640029E+00
    0.363488256988E+00    0.343203056680E+00    0.980728744204E+00
    0.816653703950E+01    0.367472395428E+00    0.509188438065E-01
   -0.894993945968E+01    0.305777606984E+00    0.721408044291E-02
   -0.137124363618E+01    0.158746094581E+00    0.807977154395E+00
    0.817427441047E+01    0.623097721362E+00    0.808099055009E-01
   -0.681338181324E+01    0.100613104689E-01    0.657309120154E-01
   -0.396531425178E+01    0.682374900327E+00    0.134827102035E+00
    0.115661751318E+01    0.941641684796E+00    0.890556995501E+00
    0.803154169302E+01    0.990947779667E+00    0.164773030589E+00
   -0.523725493540E+01    0.585701285814E+00    0.687805470248E-01
   -0.548265715340E+01    0.229055283309E-01    0.153920318101E+00
   -0.962557915555E+01    0.256103024757E+00    0.462533503710E-02
    0.625793171024E+01    0.950136042551E-01    0.114805605923E+00
    0.597560621511E+01    0.465649846454E-02    0.118194620505E+00
    0.672944979365E+01    0.613081033751E+00    0.198087370997E+00
   -0.731548912298E+01    0.733741516051E+00    0.108676788460E-01
   -0.438977901567E+00    0.450163036628E+00    0.839026210188E+00
   -0.170677336672E+01    0.908268252723E+00    0.344757947278E+00
    0.289706374023E+01    0.371766781862E+00    0.782063450538E+00
   -0.885249853801E+01    0.815912041463E+00    0.259743334892E-02
    0.649529423929E+01    0.163110956294E-03    0.832610287593E-01
    0.407557106613E+01    0.856972439148E+00    0.800568878670E+00
   -0.527039042239E+01    0.514059568660E+00    0.765041223135E-01
    0.689061996594E+01    0.106801702932E-01    0.646963597693E-01
   -0.475637325101E+01    0.162891348617E+00    0.190892322646E+00
    0.110242358875E+01    0.287976484704E+00    0.991924834363E+00
   -0.128432380492E+01    0.518896719708E+00    0.630830508567E+00
    0.370961918611E+01    0.276838703571E+00    0.558984922727E+00
    0.523901117875E+01    0.974847007969E+00    0.623438924387E+00
    0.860459000959E+01    0.939875235653E+00    0.105551699865E+00
    0.644360612121E+01    0.855558712216E+00    0.326764216571E+00
   -0.543711128809E+01    0.145968753437E-01    0.160382880301E+00
   -0.202816470779E+01    0.196024643628E+00    0.652990409317E+00
    0.739643697558E+01    0.933194739460E+00    0.218795423571E+00
    0.398359755538E+01    0.955043309036E+00    0.864071469908E+00
   -0.877460063382E+01    0.534570152682E+00    0.510447134325E-02
   -0.187483417038E+01    0.800234577176E+00    0.364676857822E+00
    0.975896825683E+01    0.326732136958E+00    0.142066736022E-01
    0.841965010041E+01    0.751823870205E+00    0.860165811130E-01
    0.676283119871E+01    0.669171947310E+00    0.211526845653E+00
    0.664319844016E+01    0.953806612889E+00    0.336408735351E+00
    0.818444501986E+01    0.660127143290E+00    0.857021131188E-01
    0.910441096838E+01    0.985614541595E+00    0.819818220644E-01
    0.313175936445E+01    0.777682739051E+00    0.923153293651E+00
    0.565265957115E+01    0.121069136521E+00    0.174562379399E+00
    0.859194718432E+01    0.916246406045E+00    0.102192248271E+00
    0.459734432759E+00    0.127086350160E-01    0.987811641883E+00
    0.285563363375E+01    0.551755511487E+00    0.875675690409E+00
   -0.496338236101E+01    0.200897148637E+00    0.158905913546E+00
    0.111661775581E+01    0.904598961312E+00    0.899337981836E+00
    0.468745876525E+01    0.534098652411E-02    0.254791786535E+00
   -0.801518480208E+01    0.971526456615E+00    0.371085320883E-02
   -0.510367230901E+01    0.947087659891E+00    0.384838099400E-01
    0.635826633376E+01    0.140336806823E+00    0.116191270652E+00
   -0.973983533273E+01    0.189635375154E+00    0.485958744644E-02
   -0.546159989858E+01    0.555814081874E-01    0.147912015646E+00
   -0.866956728360E+01    0.393419654377E+00    0.751360511956E-02
    0.296316178710E+01    0.824852546255E+00    0.957981392601E+00
    0.162135494070E+01    0.199364333336E+00    0.922162307016E+00
   -0.957450259943E+01    0.581843377094E+00    0.237354243182E-02
    0.325981173783E+01    0.144065786979E+00    0.580473991628E+00
   -0.702336134327E+01    0.138101022128E+00    0.446242304744E-01
    0.818544528220E+01    0.851753581679E+00    0.119206521478E+00
    0.653417628257E+01    0.709383429130E+00    0.254926590578E+00
   -0.150894520747E+01    0.421508032251E+00    0.637463373154E+00
   -0.161431094234E+01    0.558235393285E+00    0.538743393501E+00
    0.588214366904E+01    0.973426401255E+00    0.487601966303E+00
    0.105565175620E+01    0.200341188387E+00    0.981246101719E+00
    0.979545879936E+01    0.270816479030E+00    0.123001607030E-01
    0.976017718296E+01    0.308303056068E+00    0.136649205446E-01
    0.583348802432E+01    0.942636234443E+00    0.481108677049E+00
    0.646132924888E+01    0.914824870641E+00    0.349863871615E+00
    0.568919409215E+01    0.775701391969E+00    0.423508777218E+00
   -0.465529846903E+01    0.593099754173E+00    0.100560591974E+00
   -0.943143133032E-01    0.228370296546E+00    0.968100715641E+00
    0.412359094152E+01    0.952547217353E+00    0.838424559034E+00
    0.967192265975E+01    0.151272742605E-01    0.794872837154E-02
   -0.708890605125E+01    0.426374620266E+00    0.242586715080E-01
   -0.472033338772E+01    0.408426074722E+00    0.131800574894E+00
   -0.172045310803E+01    0.866926018441E+00    0.361066699314E+00
    0.868250684421E+00    0.386748113891E+00    0.998547897261E+00
   -0.569553474709E+01    0.400515192735E+00    0.701102416296E-01
   -0.272214276113E+01    0.368935090542E+00    0.416513011393E+00
   -0.432139718048E+01    0.354173952115E+00    0.183505771005E+00
    0.905525517593E+01    0.198591973563E+00    0.189025404257E-01
   -0.580007573007E+00    0.895552111301E+00    0.570157438020E+00
    0.835135169703E+01    0.123161084736E+00    0.277851375034E-01
    0.737732368183E+00    0.278943980503E+00    0.999997828585E+00
    0.354770583741E+01    0.609648420888E+00    0.776846005641E+00
   -0.198347174837E+01    0.705913534607E+00    0.389504558581E+00
    0.273440026373E+01    0.390788466278E+00    0.822849428656E+00
    0.983811701095E+01    0.783126778464E-01    0.794635689450E-02
   -0.949256735566E+01    0.181186062965E+00    0.605637448007E-02
   -0.137934890294E+01    0.173558382382E+00    0.798967794549E+00
    0.869080381287E+01    0.959140197687E+00    0.103116175798E+00
    0.173987999624E+01    0.255941969159E+00    0.926175430786E+00
   -0.232350959813E+01    0.599452969569E+00    0.378551097575E+00
    0.946763782554E+01    0.395207288715E+00    0.204702825771E-01
    0.360560295836E+01    0.217339896281E+00    0.547999578690E+00
    0.982047609954E+01    0.358416507927E-02    0.687973526686E-02
