# DNNF90 training history: one row per validation event
#  1:epoch  2:patience
#  3:cost_train    4:cost_val    5:cost_input   (per point;
#    the composite objective, Loss_term weights applied --
#    the same sum the optimizer descends)
#  6:cost_train_f  7:cost_train_df  8:cost_val_f  9:cost_val_df
# 10:cost_input_f 11:cost_input_df
# 12:rmse_train_f 13:rmse_train_df 14:rmse_val_f 15:rmse_val_df
# 16:rmse_input_f 17:rmse_input_df
# 18:mae_train_f  19:mae_train_df  20:mae_val_f  21:mae_val_df
# 22:mae_input_f  23:mae_input_df
# 24..: the same 21 metrics for each loss term in turn (2 terms: columns 24-44 are term 1, 45-65 term 2, ...)
1  0    0.10926E+01    0.99080E+00    0.10859E+01    0.90762E+00    0.18497E+01    0.81592E+00    0.17488E+01    0.90159E+00    0.18431E+01    0.14220E+01    0.19234E+01    0.13550E+01    0.18702E+01    0.14177E+01    0.19199E+01    0.92138E+00    0.16900E+01    0.85506E+00    0.16372E+01    0.91702E+00    0.16866E+01    0.43249E+01    0.37087E+01    0.42825E+01    0.43249E+01    0.00000E+00    0.37087E+01    0.00000E+00    0.42825E+01    0.00000E+00    0.29411E+01    0.00000E+00    0.27235E+01    0.00000E+00    0.29266E+01    0.00000E+00    0.25514E+01    0.00000E+00    0.21549E+01    0.00000E+00    0.25242E+01    0.00000E+00    0.23410E+00    0.22421E+00    0.23346E+00    0.00000E+00    0.23410E+01    0.00000E+00    0.22421E+01    0.00000E+00    0.23346E+01    0.51172E+00    0.21638E+01    0.51166E+00    0.21176E+01    0.51171E+00    0.21608E+01    0.48845E+00    0.21389E+01    0.48845E+00    0.20990E+01    0.48845E+00    0.21363E+01
20  1    0.16980E+02    0.19131E+02    0.17121E+02    0.16979E+02    0.12883E-01    0.19129E+02    0.12722E-01    0.17120E+02    0.12872E-01    0.59399E+01    0.16052E+00    0.62871E+01    0.15951E+00    0.59633E+01    0.16045E+00    0.23069E+01    0.11258E+00    0.23740E+01    0.11365E+00    0.23113E+01    0.11265E+00    0.80905E+02    0.86952E+02    0.81321E+02    0.80905E+02    0.00000E+00    0.86952E+02    0.00000E+00    0.81321E+02    0.00000E+00    0.12720E+02    0.00000E+00    0.13187E+02    0.00000E+00    0.12753E+02    0.00000E+00    0.64276E+01    0.00000E+00    0.66449E+01    0.00000E+00    0.64425E+01    0.00000E+00    0.16305E-02    0.16311E-02    0.16305E-02    0.00000E+00    0.16305E-01    0.00000E+00    0.16311E-01    0.00000E+00    0.16305E-01    0.12948E+01    0.18058E+00    0.12756E+01    0.18061E+00    0.12935E+01    0.18058E+00    0.12125E+01    0.14248E+00    0.11694E+01    0.14570E+00    0.12097E+01    0.14269E+00
40  2    0.24341E+02    0.25770E+02    0.24435E+02    0.24341E+02    0.95211E-03    0.25770E+02    0.11549E-02    0.24435E+02    0.96545E-03    0.71054E+01    0.43637E-01    0.72949E+01    0.48061E-01    0.71180E+01    0.43942E-01    0.26614E+01    0.31394E-01    0.27071E+01    0.34389E-01    0.26644E+01    0.31591E-01    0.11599E+03    0.11714E+03    0.11607E+03    0.11599E+03    0.00000E+00    0.11714E+03    0.00000E+00    0.11607E+03    0.00000E+00    0.15231E+02    0.00000E+00    0.15306E+02    0.00000E+00    0.15236E+02    0.00000E+00    0.73614E+01    0.00000E+00    0.75528E+01    0.00000E+00    0.73746E+01    0.00000E+00    0.12050E-03    0.14807E-03    0.12229E-03    0.00000E+00    0.12050E-02    0.00000E+00    0.14807E-02    0.00000E+00    0.12229E-02    0.15111E+01    0.49091E-01    0.14656E+01    0.54419E-01    0.15082E+01    0.49455E-01    0.14131E+01    0.39732E-01    0.13404E+01    0.44088E-01    0.14084E+01    0.40015E-01
60  3    0.27939E+02    0.28423E+02    0.27971E+02    0.27939E+02    0.56768E-03    0.28423E+02    0.77919E-03    0.27971E+02    0.58160E-03    0.75852E+01    0.33695E-01    0.76413E+01    0.39476E-01    0.75889E+01    0.34106E-01    0.25947E+01    0.23315E-01    0.26305E+01    0.26016E-01    0.25970E+01    0.23493E-01    0.13313E+03    0.12920E+03    0.13286E+03    0.13313E+03    0.00000E+00    0.12920E+03    0.00000E+00    0.13286E+03    0.00000E+00    0.16318E+02    0.00000E+00    0.16075E+02    0.00000E+00    0.16301E+02    0.00000E+00    0.71153E+01    0.00000E+00    0.71874E+01    0.00000E+00    0.71202E+01    0.00000E+00    0.71846E-04    0.99897E-04    0.73669E-04    0.00000E+00    0.71846E-03    0.00000E+00    0.99897E-03    0.00000E+00    0.73669E-03    0.14479E+01    0.37907E-01    0.14065E+01    0.44698E-01    0.14452E+01    0.38385E-01    0.13940E+01    0.29508E-01    0.13453E+01    0.33353E-01    0.13909E+01    0.29758E-01
80  4    0.34217E+02    0.35609E+02    0.34308E+02    0.34217E+02    0.31215E-03    0.35609E+02    0.29800E-03    0.34308E+02    0.31122E-03    0.83713E+01    0.24986E-01    0.85298E+01    0.24413E-01    0.83819E+01    0.24949E-01    0.25789E+01    0.16857E-01    0.26370E+01    0.16625E-01    0.25827E+01    0.16841E-01    0.16305E+03    0.16186E+03    0.16296E+03    0.16305E+03    0.00000E+00    0.16186E+03    0.00000E+00    0.16296E+03    0.00000E+00    0.18058E+02    0.00000E+00    0.17992E+02    0.00000E+00    0.18054E+02    0.00000E+00    0.70370E+01    0.00000E+00    0.71926E+01    0.00000E+00    0.70477E+01    0.00000E+00    0.39505E-04    0.38205E-04    0.39421E-04    0.00000E+00    0.39505E-03    0.00000E+00    0.38205E-03    0.00000E+00    0.39421E-03    0.14432E+01    0.28109E-01    0.14052E+01    0.27642E-01    0.14408E+01    0.28079E-01    0.13949E+01    0.21334E-01    0.13521E+01    0.21314E-01    0.13921E+01    0.21332E-01
100  5    0.33999E+02    0.35296E+02    0.34085E+02    0.33999E+02    0.12469E-03    0.35296E+02    0.11860E-03    0.34085E+02    0.12429E-03    0.83430E+01    0.15792E-01    0.84913E+01    0.15401E-01    0.83528E+01    0.15766E-01    0.25415E+01    0.10453E-01    0.26112E+01    0.10532E-01    0.25461E+01    0.10458E-01    0.16201E+03    0.16044E+03    0.16190E+03    0.16201E+03    0.00000E+00    0.16044E+03    0.00000E+00    0.16190E+03    0.00000E+00    0.18001E+02    0.00000E+00    0.17913E+02    0.00000E+00    0.17995E+02    0.00000E+00    0.69111E+01    0.00000E+00    0.71149E+01    0.00000E+00    0.69251E+01    0.00000E+00    0.15781E-04    0.15205E-04    0.15744E-04    0.00000E+00    0.15781E-03    0.00000E+00    0.15205E-03    0.00000E+00    0.15744E-03    0.14262E+01    0.17766E-01    0.13911E+01    0.17439E-01    0.14239E+01    0.17745E-01    0.13810E+01    0.13229E-01    0.13410E+01    0.13502E-01    0.13784E+01    0.13247E-01
120  6    0.32650E+02    0.33874E+02    0.32730E+02    0.32650E+02    0.83101E-04    0.33874E+02    0.66750E-04    0.32730E+02    0.82025E-04    0.81686E+01    0.12892E-01    0.83136E+01    0.11554E-01    0.81783E+01    0.12808E-01    0.24134E+01    0.86038E-02    0.24886E+01    0.84780E-02    0.24183E+01    0.85956E-02    0.15558E+03    0.15397E+03    0.15547E+03    0.15558E+03    0.00000E+00    0.15397E+03    0.00000E+00    0.15547E+03    0.00000E+00    0.17640E+02    0.00000E+00    0.17548E+02    0.00000E+00    0.17633E+02    0.00000E+00    0.65782E+01    0.00000E+00    0.67640E+01    0.00000E+00    0.65909E+01    0.00000E+00    0.10517E-04    0.85577E-05    0.10390E-04    0.00000E+00    0.10517E-03    0.00000E+00    0.85577E-04    0.00000E+00    0.10390E-03    0.13438E+01    0.14503E-01    0.13245E+01    0.13083E-01    0.13426E+01    0.14415E-01    0.13072E+01    0.10889E-01    0.12827E+01    0.10869E-01    0.13056E+01    0.10888E-01
140  7    0.32315E+02    0.33688E+02    0.32406E+02    0.32315E+02    0.58469E-04    0.33688E+02    0.44213E-04    0.32406E+02    0.57531E-04    0.81219E+01    0.10814E-01    0.82864E+01    0.94035E-02    0.81328E+01    0.10727E-01    0.23510E+01    0.68362E-02    0.24315E+01    0.69712E-02    0.23563E+01    0.68451E-02    0.15399E+03    0.15313E+03    0.15393E+03    0.15399E+03    0.00000E+00    0.15313E+03    0.00000E+00    0.15393E+03    0.00000E+00    0.17549E+02    0.00000E+00    0.17500E+02    0.00000E+00    0.17546E+02    0.00000E+00    0.64245E+01    0.00000E+00    0.66217E+01    0.00000E+00    0.64381E+01    0.00000E+00    0.73998E-05    0.56683E-05    0.72872E-05    0.00000E+00    0.73998E-04    0.00000E+00    0.56683E-04    0.00000E+00    0.72872E-04    0.12995E+01    0.12165E-01    0.12850E+01    0.10647E-01    0.12986E+01    0.12072E-01    0.12691E+01    0.86519E-02    0.12496E+01    0.89374E-02    0.12679E+01    0.86704E-02
160  8    0.34222E+02    0.35828E+02    0.34328E+02    0.34222E+02    0.39472E-04    0.35828E+02    0.32761E-04    0.34328E+02    0.39030E-04    0.83511E+01    0.88850E-02    0.85396E+01    0.80946E-02    0.83636E+01    0.88352E-02    0.23357E+01    0.59621E-02    0.24206E+01    0.61511E-02    0.23412E+01    0.59746E-02    0.16307E+03    0.16285E+03    0.16306E+03    0.16307E+03    0.00000E+00    0.16285E+03    0.00000E+00    0.16306E+03    0.00000E+00    0.18059E+02    0.00000E+00    0.18047E+02    0.00000E+00    0.18059E+02    0.00000E+00    0.63998E+01    0.00000E+00    0.65864E+01    0.00000E+00    0.64126E+01    0.00000E+00    0.49955E-05    0.42002E-05    0.49438E-05    0.00000E+00    0.49955E-04    0.00000E+00    0.42002E-04    0.00000E+00    0.49438E-04    0.12811E+01    0.99955E-02    0.12753E+01    0.91654E-02    0.12807E+01    0.99437E-02    0.12562E+01    0.75457E-02    0.12457E+01    0.78861E-02    0.12555E+01    0.75678E-02
180  9    0.34829E+02    0.36552E+02    0.34943E+02    0.34829E+02    0.24988E-04    0.36552E+02    0.24375E-04    0.34943E+02    0.24948E-04    0.84201E+01    0.70694E-02    0.86214E+01    0.69821E-02    0.84335E+01    0.70637E-02    0.22936E+01    0.51199E-02    0.23798E+01    0.51683E-02    0.22993E+01    0.51231E-02    0.16597E+03    0.16615E+03    0.16598E+03    0.16597E+03    0.00000E+00    0.16615E+03    0.00000E+00    0.16598E+03    0.00000E+00    0.18219E+02    0.00000E+00    0.18229E+02    0.00000E+00    0.18220E+02    0.00000E+00    0.62968E+01    0.00000E+00    0.64695E+01    0.00000E+00    0.63087E+01    0.00000E+00    0.31625E-05    0.31250E-05    0.31600E-05    0.00000E+00    0.31625E-04    0.00000E+00    0.31250E-04    0.00000E+00    0.31600E-04    0.12522E+01    0.79530E-02    0.12527E+01    0.79057E-02    0.12522E+01    0.79499E-02    0.12303E+01    0.64797E-02    0.12263E+01    0.66260E-02    0.12301E+01    0.64892E-02
200  10    0.35736E+02    0.37535E+02    0.35855E+02    0.35736E+02    0.20372E-04    0.37535E+02    0.22386E-04    0.35855E+02    0.20504E-04    0.85257E+01    0.63830E-02    0.87338E+01    0.66912E-02    0.85396E+01    0.64038E-02    0.22812E+01    0.46988E-02    0.23650E+01    0.49403E-02    0.22868E+01    0.47147E-02    0.17029E+03    0.17061E+03    0.17031E+03    0.17029E+03    0.00000E+00    0.17061E+03    0.00000E+00    0.17031E+03    0.00000E+00    0.18455E+02    0.00000E+00    0.18472E+02    0.00000E+00    0.18456E+02    0.00000E+00    0.62736E+01    0.00000E+00    0.64201E+01    0.00000E+00    0.62836E+01    0.00000E+00    0.25782E-05    0.28700E-05    0.25972E-05    0.00000E+00    0.25782E-04    0.00000E+00    0.28700E-04    0.00000E+00    0.25972E-04    0.12404E+01    0.71808E-02    0.12451E+01    0.75762E-02    0.12407E+01    0.72072E-02    0.12209E+01    0.59468E-02    0.12212E+01    0.63337E-02    0.12209E+01    0.59719E-02
220  11    0.35917E+02    0.37757E+02    0.36038E+02    0.35917E+02    0.16133E-04    0.37757E+02    0.18133E-04    0.36038E+02    0.16264E-04    0.85449E+01    0.56803E-02    0.87576E+01    0.60221E-02    0.85590E+01    0.57034E-02    0.22549E+01    0.43047E-02    0.23404E+01    0.45855E-02    0.22605E+01    0.43232E-02    0.17115E+03    0.17162E+03    0.17118E+03    0.17115E+03    0.00000E+00    0.17162E+03    0.00000E+00    0.17118E+03    0.00000E+00    0.18501E+02    0.00000E+00    0.18527E+02    0.00000E+00    0.18503E+02    0.00000E+00    0.62117E+01    0.00000E+00    0.63560E+01    0.00000E+00    0.62216E+01    0.00000E+00    0.20418E-05    0.23247E-05    0.20602E-05    0.00000E+00    0.20418E-04    0.00000E+00    0.23247E-04    0.00000E+00    0.20602E-04    0.12227E+01    0.63902E-02    0.12308E+01    0.68187E-02    0.12232E+01    0.64190E-02    0.12040E+01    0.54480E-02    0.12077E+01    0.58789E-02    0.12042E+01    0.54761E-02
240  12    0.35632E+02    0.37448E+02    0.35752E+02    0.35632E+02    0.14366E-04    0.37448E+02    0.17188E-04    0.35752E+02    0.14552E-04    0.85099E+01    0.53603E-02    0.87209E+01    0.58631E-02    0.85240E+01    0.53948E-02    0.22321E+01    0.40764E-02    0.23177E+01    0.44591E-02    0.22377E+01    0.41016E-02    0.16979E+03    0.17022E+03    0.16982E+03    0.16979E+03    0.00000E+00    0.17022E+03    0.00000E+00    0.16982E+03    0.00000E+00    0.18428E+02    0.00000E+00    0.18451E+02    0.00000E+00    0.18429E+02    0.00000E+00    0.61543E+01    0.00000E+00    0.62955E+01    0.00000E+00    0.61640E+01    0.00000E+00    0.18182E-05    0.22036E-05    0.18432E-05    0.00000E+00    0.18182E-04    0.00000E+00    0.22036E-04    0.00000E+00    0.18432E-04    0.12089E+01    0.60302E-02    0.12185E+01    0.66387E-02    0.12095E+01    0.60716E-02    0.11904E+01    0.51591E-02    0.11957E+01    0.57167E-02    0.11907E+01    0.51954E-02
260  13    0.36092E+02    0.37964E+02    0.36215E+02    0.36092E+02    0.13015E-04    0.37964E+02    0.16265E-04    0.36215E+02    0.13229E-04    0.85635E+01    0.51019E-02    0.87798E+01    0.57035E-02    0.85779E+01    0.51437E-02    0.22302E+01    0.38645E-02    0.23162E+01    0.41051E-02    0.22358E+01    0.38804E-02    0.17198E+03    0.17256E+03    0.17202E+03    0.17198E+03    0.00000E+00    0.17256E+03    0.00000E+00    0.17202E+03    0.00000E+00    0.18546E+02    0.00000E+00    0.18578E+02    0.00000E+00    0.18548E+02    0.00000E+00    0.61504E+01    0.00000E+00    0.62888E+01    0.00000E+00    0.61599E+01    0.00000E+00    0.16472E-05    0.20852E-05    0.16756E-05    0.00000E+00    0.16472E-04    0.00000E+00    0.20852E-04    0.00000E+00    0.16756E-04    0.12068E+01    0.57396E-02    0.12177E+01    0.64579E-02    0.12075E+01    0.57890E-02    0.11890E+01    0.48910E-02    0.11957E+01    0.52629E-02    0.11894E+01    0.49151E-02
280  14    0.36416E+02    0.38343E+02    0.36543E+02    0.36416E+02    0.12250E-04    0.38343E+02    0.15672E-04    0.36543E+02    0.12475E-04    0.86002E+01    0.49497E-02    0.88220E+01    0.55985E-02    0.86150E+01    0.49950E-02    0.22167E+01    0.37794E-02    0.23012E+01    0.40473E-02    0.22223E+01    0.37970E-02    0.17353E+03    0.17429E+03    0.17358E+03    0.17353E+03    0.00000E+00    0.17429E+03    0.00000E+00    0.17358E+03    0.00000E+00    0.18629E+02    0.00000E+00    0.18670E+02    0.00000E+00    0.18632E+02    0.00000E+00    0.61198E+01    0.00000E+00    0.62449E+01    0.00000E+00    0.61284E+01    0.00000E+00    0.15503E-05    0.20092E-05    0.15802E-05    0.00000E+00    0.15503E-04    0.00000E+00    0.20092E-04    0.00000E+00    0.15802E-04    0.11969E+01    0.55684E-02    0.12097E+01    0.63391E-02    0.11978E+01    0.56217E-02    0.11801E+01    0.47831E-02    0.11888E+01    0.51889E-02    0.11806E+01    0.48095E-02
300  15    0.37141E+02    0.39116E+02    0.37271E+02    0.37141E+02    0.11266E-04    0.39116E+02    0.14939E-04    0.37271E+02    0.11507E-04    0.86845E+01    0.47467E-02    0.89096E+01    0.54660E-02    0.86995E+01    0.47974E-02    0.22246E+01    0.36301E-02    0.23095E+01    0.39539E-02    0.22302E+01    0.36514E-02    0.17698E+03    0.17780E+03    0.17704E+03    0.17698E+03    0.00000E+00    0.17780E+03    0.00000E+00    0.17704E+03    0.00000E+00    0.18814E+02    0.00000E+00    0.18857E+02    0.00000E+00    0.18817E+02    0.00000E+00    0.61424E+01    0.00000E+00    0.62666E+01    0.00000E+00    0.61510E+01    0.00000E+00    0.14258E-05    0.19152E-05    0.14576E-05    0.00000E+00    0.14258E-04    0.00000E+00    0.19152E-04    0.00000E+00    0.14576E-04    0.12005E+01    0.53400E-02    0.12138E+01    0.61891E-02    0.12013E+01    0.53992E-02    0.11840E+01    0.45943E-02    0.11934E+01    0.50691E-02    0.11846E+01    0.46251E-02
320  16    0.38183E+02    0.40215E+02    0.38317E+02    0.38183E+02    0.11101E-04    0.40215E+02    0.14843E-04    0.38317E+02    0.11347E-04    0.88039E+01    0.47118E-02    0.90326E+01    0.54486E-02    0.88192E+01    0.47638E-02    0.22321E+01    0.36532E-02    0.23176E+01    0.39842E-02    0.22377E+01    0.36750E-02    0.18195E+03    0.18280E+03    0.18200E+03    0.18195E+03    0.00000E+00    0.18280E+03    0.00000E+00    0.18200E+03    0.00000E+00    0.19076E+02    0.00000E+00    0.19121E+02    0.00000E+00    0.19079E+02    0.00000E+00    0.61670E+01    0.00000E+00    0.62866E+01    0.00000E+00    0.61752E+01    0.00000E+00    0.14049E-05    0.19030E-05    0.14373E-05    0.00000E+00    0.14049E-04    0.00000E+00    0.19030E-04    0.00000E+00    0.14373E-04    0.12027E+01    0.53007E-02    0.12176E+01    0.61693E-02    0.12037E+01    0.53615E-02    0.11870E+01    0.46235E-02    0.11981E+01    0.51080E-02    0.11877E+01    0.46550E-02
340  17    0.39027E+02    0.41069E+02    0.39161E+02    0.39027E+02    0.10617E-04    0.41069E+02    0.12919E-04    0.39161E+02    0.10768E-04    0.88998E+01    0.46080E-02    0.91272E+01    0.50832E-02    0.89149E+01    0.46407E-02    0.22433E+01    0.36103E-02    0.23292E+01    0.38353E-02    0.22489E+01    0.36251E-02    0.18597E+03    0.18668E+03    0.18602E+03    0.18597E+03    0.00000E+00    0.18668E+03    0.00000E+00    0.18602E+03    0.00000E+00    0.19286E+02    0.00000E+00    0.19322E+02    0.00000E+00    0.19288E+02    0.00000E+00    0.61996E+01    0.00000E+00    0.63156E+01    0.00000E+00    0.62076E+01    0.00000E+00    0.13436E-05    0.16563E-05    0.13640E-05    0.00000E+00    0.13436E-04    0.00000E+00    0.16563E-04    0.00000E+00    0.13640E-04    0.12078E+01    0.51839E-02    0.12238E+01    0.57556E-02    0.12088E+01    0.52230E-02    0.11925E+01    0.45692E-02    0.12048E+01    0.49171E-02    0.11933E+01    0.45918E-02
360  18    0.39535E+02    0.41604E+02    0.39671E+02    0.39535E+02    0.10236E-04    0.41604E+02    0.12957E-04    0.39671E+02    0.10415E-04    0.89571E+01    0.45245E-02    0.91860E+01    0.50905E-02    0.89723E+01    0.45639E-02    0.22507E+01    0.35420E-02    0.23368E+01    0.38261E-02    0.22564E+01    0.35607E-02    0.18839E+03    0.18911E+03    0.18844E+03    0.18839E+03    0.00000E+00    0.18911E+03    0.00000E+00    0.18844E+03    0.00000E+00    0.19411E+02    0.00000E+00    0.19448E+02    0.00000E+00    0.19413E+02    0.00000E+00    0.62211E+01    0.00000E+00    0.63357E+01    0.00000E+00    0.62290E+01    0.00000E+00    0.12954E-05    0.16611E-05    0.13192E-05    0.00000E+00    0.12954E-04    0.00000E+00    0.16611E-04    0.00000E+00    0.13192E-04    0.12112E+01    0.50900E-02    0.12275E+01    0.57638E-02    0.12122E+01    0.51365E-02    0.11962E+01    0.44828E-02    0.12090E+01    0.49053E-02    0.11970E+01    0.45103E-02
380  19    0.39939E+02    0.42041E+02    0.40077E+02    0.39939E+02    0.97957E-05    0.42041E+02    0.12304E-04    0.40077E+02    0.99607E-05    0.90024E+01    0.44262E-02    0.92339E+01    0.49606E-02    0.90178E+01    0.44633E-02    0.22569E+01    0.34647E-02    0.23431E+01    0.37305E-02    0.22626E+01    0.34822E-02    0.19031E+03    0.19110E+03    0.19037E+03    0.19031E+03    0.00000E+00    0.19110E+03    0.00000E+00    0.19037E+03    0.00000E+00    0.19510E+02    0.00000E+00    0.19550E+02    0.00000E+00    0.19512E+02    0.00000E+00    0.62381E+01    0.00000E+00    0.63520E+01    0.00000E+00    0.62459E+01    0.00000E+00    0.12397E-05    0.15774E-05    0.12617E-05    0.00000E+00    0.12397E-04    0.00000E+00    0.15774E-04    0.00000E+00    0.12617E-04    0.12143E+01    0.49794E-02    0.12306E+01    0.56168E-02    0.12154E+01    0.50233E-02    0.11996E+01    0.43849E-02    0.12124E+01    0.47826E-02    0.12004E+01    0.44107E-02
400  20    0.40465E+02    0.42590E+02    0.40605E+02    0.40465E+02    0.97053E-05    0.42590E+02    0.12680E-04    0.40605E+02    0.99010E-05    0.90609E+01    0.44058E-02    0.92935E+01    0.50358E-02    0.90764E+01    0.44499E-02    0.22632E+01    0.34223E-02    0.23498E+01    0.37267E-02    0.22689E+01    0.34424E-02    0.19282E+03    0.19359E+03    0.19287E+03    0.19282E+03    0.00000E+00    0.19359E+03    0.00000E+00    0.19287E+03    0.00000E+00    0.19638E+02    0.00000E+00    0.19677E+02    0.00000E+00    0.19640E+02    0.00000E+00    0.62567E+01    0.00000E+00    0.63696E+01    0.00000E+00    0.62645E+01    0.00000E+00    0.12283E-05    0.16256E-05    0.12541E-05    0.00000E+00    0.12283E-04    0.00000E+00    0.16256E-04    0.00000E+00    0.12541E-04    0.12171E+01    0.49564E-02    0.12340E+01    0.57019E-02    0.12182E+01    0.50082E-02    0.12025E+01    0.43313E-02    0.12160E+01    0.47778E-02    0.12034E+01    0.43603E-02
420  21    0.40838E+02    0.42978E+02    0.40978E+02    0.40838E+02    0.95631E-05    0.42978E+02    0.13057E-04    0.40978E+02    0.97930E-05    0.91022E+01    0.43733E-02    0.93354E+01    0.51102E-02    0.91178E+01    0.44256E-02    0.22685E+01    0.33671E-02    0.23552E+01    0.37332E-02    0.22742E+01    0.33912E-02    0.19460E+03    0.19536E+03    0.19465E+03    0.19460E+03    0.00000E+00    0.19536E+03    0.00000E+00    0.19465E+03    0.00000E+00    0.19728E+02    0.00000E+00    0.19766E+02    0.00000E+00    0.19731E+02    0.00000E+00    0.62710E+01    0.00000E+00    0.63829E+01    0.00000E+00    0.62787E+01    0.00000E+00    0.12103E-05    0.16740E-05    0.12404E-05    0.00000E+00    0.12103E-04    0.00000E+00    0.16740E-04    0.00000E+00    0.12404E-04    0.12197E+01    0.49200E-02    0.12368E+01    0.57862E-02    0.12208E+01    0.49808E-02    0.12054E+01    0.42614E-02    0.12192E+01    0.47861E-02    0.12063E+01    0.42955E-02
440  22    0.41002E+02    0.43160E+02    0.41144E+02    0.41002E+02    0.94865E-05    0.43160E+02    0.13372E-04    0.41144E+02    0.97421E-05    0.91203E+01    0.43558E-02    0.93549E+01    0.51715E-02    0.91359E+01    0.44141E-02    0.22689E+01    0.33334E-02    0.23559E+01    0.37186E-02    0.22747E+01    0.33587E-02    0.19538E+03    0.19618E+03    0.19543E+03    0.19538E+03    0.00000E+00    0.19618E+03    0.00000E+00    0.19543E+03    0.00000E+00    0.19768E+02    0.00000E+00    0.19808E+02    0.00000E+00    0.19770E+02    0.00000E+00    0.62726E+01    0.00000E+00    0.63839E+01    0.00000E+00    0.62802E+01    0.00000E+00    0.12006E-05    0.17144E-05    0.12340E-05    0.00000E+00    0.12006E-04    0.00000E+00    0.17144E-04    0.00000E+00    0.12340E-04    0.12197E+01    0.49002E-02    0.12371E+01    0.58555E-02    0.12208E+01    0.49679E-02    0.12056E+01    0.42187E-02    0.12197E+01    0.47674E-02    0.12065E+01    0.42544E-02
460  23    0.41783E+02    0.43975E+02    0.41927E+02    0.41783E+02    0.92993E-05    0.43975E+02    0.13055E-04    0.41927E+02    0.95464E-05    0.92063E+01    0.43126E-02    0.94424E+01    0.51098E-02    0.92220E+01    0.43695E-02    0.22829E+01    0.33227E-02    0.23705E+01    0.36807E-02    0.22886E+01    0.33463E-02    0.19910E+03    0.19989E+03    0.19915E+03    0.19910E+03    0.00000E+00    0.19989E+03    0.00000E+00    0.19915E+03    0.00000E+00    0.19955E+02    0.00000E+00    0.19994E+02    0.00000E+00    0.19958E+02    0.00000E+00    0.63120E+01    0.00000E+00    0.64222E+01    0.00000E+00    0.63195E+01    0.00000E+00    0.11769E-05    0.16737E-05    0.12092E-05    0.00000E+00    0.11769E-04    0.00000E+00    0.16737E-04    0.00000E+00    0.12092E-04    0.12268E+01    0.48516E-02    0.12449E+01    0.57857E-02    0.12279E+01    0.49177E-02    0.12127E+01    0.42052E-02    0.12277E+01    0.47188E-02    0.12137E+01    0.42386E-02
480  24    0.41894E+02    0.44089E+02    0.42038E+02    0.41894E+02    0.91214E-05    0.44089E+02    0.12788E-04    0.42038E+02    0.93627E-05    0.92183E+01    0.42712E-02    0.94544E+01    0.50574E-02    0.92340E+01    0.43273E-02    0.22823E+01    0.32959E-02    0.23698E+01    0.36323E-02    0.22881E+01    0.33180E-02    0.19963E+03    0.20040E+03    0.19968E+03    0.19963E+03    0.00000E+00    0.20040E+03    0.00000E+00    0.19968E+03    0.00000E+00    0.19981E+02    0.00000E+00    0.20020E+02    0.00000E+00    0.19984E+02    0.00000E+00    0.63108E+01    0.00000E+00    0.64197E+01    0.00000E+00    0.63183E+01    0.00000E+00    0.11544E-05    0.16395E-05    0.11859E-05    0.00000E+00    0.11544E-04    0.00000E+00    0.16395E-04    0.00000E+00    0.11859E-04    0.12263E+01    0.48050E-02    0.12446E+01    0.57263E-02    0.12275E+01    0.48702E-02    0.12124E+01    0.41712E-02    0.12275E+01    0.46568E-02    0.12134E+01    0.42028E-02
500  25    0.42439E+02    0.44657E+02    0.42585E+02    0.42439E+02    0.90181E-05    0.44657E+02    0.12519E-04    0.42585E+02    0.92484E-05    0.92777E+01    0.42469E-02    0.95148E+01    0.50038E-02    0.92935E+01    0.43008E-02    0.22918E+01    0.32846E-02    0.23790E+01    0.36270E-02    0.22975E+01    0.33071E-02    0.20223E+03    0.20298E+03    0.20228E+03    0.20223E+03    0.00000E+00    0.20298E+03    0.00000E+00    0.20228E+03    0.00000E+00    0.20111E+02    0.00000E+00    0.20149E+02    0.00000E+00    0.20114E+02    0.00000E+00    0.63363E+01    0.00000E+00    0.64433E+01    0.00000E+00    0.63436E+01    0.00000E+00    0.11413E-05    0.16050E-05    0.11715E-05    0.00000E+00    0.11413E-04    0.00000E+00    0.16050E-04    0.00000E+00    0.11715E-04    0.12312E+01    0.47777E-02    0.12494E+01    0.56657E-02    0.12324E+01    0.48404E-02    0.12176E+01    0.41569E-02    0.12326E+01    0.46500E-02    0.12185E+01    0.41890E-02
520  26    0.42875E+02    0.45121E+02    0.43023E+02    0.42875E+02    0.89142E-05    0.45121E+02    0.12787E-04    0.43023E+02    0.91690E-05    0.93249E+01    0.42224E-02    0.95638E+01    0.50571E-02    0.93408E+01    0.42823E-02    0.22971E+01    0.32770E-02    0.23843E+01    0.36334E-02    0.23029E+01    0.33005E-02    0.20431E+03    0.20510E+03    0.20436E+03    0.20431E+03    0.00000E+00    0.20510E+03    0.00000E+00    0.20436E+03    0.00000E+00    0.20214E+02    0.00000E+00    0.20253E+02    0.00000E+00    0.20217E+02    0.00000E+00    0.63513E+01    0.00000E+00    0.64563E+01    0.00000E+00    0.63585E+01    0.00000E+00    0.11282E-05    0.16394E-05    0.11614E-05    0.00000E+00    0.11282E-04    0.00000E+00    0.16394E-04    0.00000E+00    0.11614E-04    0.12338E+01    0.47501E-02    0.12522E+01    0.57261E-02    0.12350E+01    0.48196E-02    0.12204E+01    0.41474E-02    0.12358E+01    0.46582E-02    0.12214E+01    0.41806E-02
540  27    0.42999E+02    0.45240E+02    0.43146E+02    0.42999E+02    0.88202E-05    0.45240E+02    0.12771E-04    0.43146E+02    0.90802E-05    0.93381E+01    0.42001E-02    0.95762E+01    0.50539E-02    0.93540E+01    0.42615E-02    0.22972E+01    0.32677E-02    0.23842E+01    0.36236E-02    0.23030E+01    0.32911E-02    0.20489E+03    0.20564E+03    0.20494E+03    0.20489E+03    0.00000E+00    0.20564E+03    0.00000E+00    0.20494E+03    0.00000E+00    0.20243E+02    0.00000E+00    0.20280E+02    0.00000E+00    0.20246E+02    0.00000E+00    0.63518E+01    0.00000E+00    0.64550E+01    0.00000E+00    0.63589E+01    0.00000E+00    0.11163E-05    0.16373E-05    0.11502E-05    0.00000E+00    0.11163E-04    0.00000E+00    0.16373E-04    0.00000E+00    0.11502E-04    0.12337E+01    0.47250E-02    0.12524E+01    0.57224E-02    0.12349E+01    0.47962E-02    0.12204E+01    0.41356E-02    0.12360E+01    0.46456E-02    0.12214E+01    0.41687E-02
560  28    0.43300E+02    0.45548E+02    0.43448E+02    0.43300E+02    0.88245E-05    0.45548E+02    0.12850E-04    0.43448E+02    0.90893E-05    0.93704E+01    0.42011E-02    0.96084E+01    0.50696E-02    0.93862E+01    0.42636E-02    0.22995E+01    0.32669E-02    0.23866E+01    0.36298E-02    0.23052E+01    0.32908E-02    0.20633E+03    0.20703E+03    0.20638E+03    0.20633E+03    0.00000E+00    0.20703E+03    0.00000E+00    0.20638E+03    0.00000E+00    0.20314E+02    0.00000E+00    0.20349E+02    0.00000E+00    0.20316E+02    0.00000E+00    0.63591E+01    0.00000E+00    0.64605E+01    0.00000E+00    0.63661E+01    0.00000E+00    0.11168E-05    0.16475E-05    0.11513E-05    0.00000E+00    0.11168E-04    0.00000E+00    0.16475E-04    0.00000E+00    0.11513E-04    0.12345E+01    0.47261E-02    0.12536E+01    0.57402E-02    0.12358E+01    0.47986E-02    0.12213E+01    0.41346E-02    0.12375E+01    0.46536E-02    0.12223E+01    0.41684E-02
580  29    0.43815E+02    0.46094E+02    0.43965E+02    0.43815E+02    0.87480E-05    0.46094E+02    0.13044E-04    0.43965E+02    0.90306E-05    0.94257E+01    0.41828E-02    0.96655E+01    0.51077E-02    0.94417E+01    0.42499E-02    0.23083E+01    0.32478E-02    0.23953E+01    0.36302E-02    0.23140E+01    0.32729E-02    0.20878E+03    0.20952E+03    0.20883E+03    0.20878E+03    0.00000E+00    0.20952E+03    0.00000E+00    0.20883E+03    0.00000E+00    0.20434E+02    0.00000E+00    0.20470E+02    0.00000E+00    0.20437E+02    0.00000E+00    0.63835E+01    0.00000E+00    0.64836E+01    0.00000E+00    0.63904E+01    0.00000E+00    0.11071E-05    0.16723E-05    0.11439E-05    0.00000E+00    0.11071E-04    0.00000E+00    0.16723E-04    0.00000E+00    0.11439E-04    0.12390E+01    0.47056E-02    0.12582E+01    0.57833E-02    0.12403E+01    0.47831E-02    0.12260E+01    0.41104E-02    0.12422E+01    0.46541E-02    0.12270E+01    0.41457E-02
600  30    0.44173E+02    0.46464E+02    0.44324E+02    0.44173E+02    0.86069E-05    0.46464E+02    0.13088E-04    0.44324E+02    0.89017E-05    0.94639E+01    0.41489E-02    0.97040E+01    0.51162E-02    0.94799E+01    0.42194E-02    0.23142E+01    0.32418E-02    0.24015E+01    0.36270E-02    0.23200E+01    0.32672E-02    0.21049E+03    0.21120E+03    0.21054E+03    0.21049E+03    0.00000E+00    0.21120E+03    0.00000E+00    0.21054E+03    0.00000E+00    0.20518E+02    0.00000E+00    0.20552E+02    0.00000E+00    0.20520E+02    0.00000E+00    0.64000E+01    0.00000E+00    0.64997E+01    0.00000E+00    0.64069E+01    0.00000E+00    0.10893E-05    0.16779E-05    0.11275E-05    0.00000E+00    0.10893E-04    0.00000E+00    0.16779E-04    0.00000E+00    0.11275E-04    0.12421E+01    0.46675E-02    0.12614E+01    0.57929E-02    0.12433E+01    0.47488E-02    0.12290E+01    0.41028E-02    0.12456E+01    0.46500E-02    0.12301E+01    0.41384E-02
620  31    0.44546E+02    0.46854E+02    0.44698E+02    0.44546E+02    0.85378E-05    0.46854E+02    0.12907E-04    0.44698E+02    0.88253E-05    0.95035E+01    0.41323E-02    0.97445E+01    0.50808E-02    0.95195E+01    0.42013E-02    0.23195E+01    0.32389E-02    0.24069E+01    0.36251E-02    0.23253E+01    0.32643E-02    0.21227E+03    0.21297E+03    0.21231E+03    0.21227E+03    0.00000E+00    0.21297E+03    0.00000E+00    0.21231E+03    0.00000E+00    0.20604E+02    0.00000E+00    0.20638E+02    0.00000E+00    0.20607E+02    0.00000E+00    0.64150E+01    0.00000E+00    0.65135E+01    0.00000E+00    0.64218E+01    0.00000E+00    0.10805E-05    0.16548E-05    0.11179E-05    0.00000E+00    0.10805E-04    0.00000E+00    0.16548E-04    0.00000E+00    0.11179E-04    0.12446E+01    0.46488E-02    0.12643E+01    0.57529E-02    0.12459E+01    0.47284E-02    0.12318E+01    0.40992E-02    0.12486E+01    0.46476E-02    0.12329E+01    0.41348E-02
640  32    0.44680E+02    0.46996E+02    0.44833E+02    0.44680E+02    0.85035E-05    0.46996E+02    0.12964E-04    0.44833E+02    0.87969E-05    0.95176E+01    0.41240E-02    0.97590E+01    0.50919E-02    0.95337E+01    0.41945E-02    0.23202E+01    0.32271E-02    0.24076E+01    0.36184E-02    0.23259E+01    0.32528E-02    0.21291E+03    0.21362E+03    0.21295E+03    0.21291E+03    0.00000E+00    0.21362E+03    0.00000E+00    0.21295E+03    0.00000E+00    0.20635E+02    0.00000E+00    0.20670E+02    0.00000E+00    0.20638E+02    0.00000E+00    0.64171E+01    0.00000E+00    0.65148E+01    0.00000E+00    0.64238E+01    0.00000E+00    0.10762E-05    0.16620E-05    0.11143E-05    0.00000E+00    0.10762E-04    0.00000E+00    0.16620E-04    0.00000E+00    0.11143E-04    0.12448E+01    0.46394E-02    0.12648E+01    0.57654E-02    0.12461E+01    0.47208E-02    0.12320E+01    0.40842E-02    0.12492E+01    0.46389E-02    0.12331E+01    0.41203E-02
660  33    0.44997E+02    0.47327E+02    0.45150E+02    0.44997E+02    0.84455E-05    0.47327E+02    0.12983E-04    0.45150E+02    0.87440E-05    0.95511E+01    0.41099E-02    0.97932E+01    0.50956E-02    0.95672E+01    0.41819E-02    0.23251E+01    0.32155E-02    0.24124E+01    0.36150E-02    0.23308E+01    0.32418E-02    0.21441E+03    0.21512E+03    0.21446E+03    0.21441E+03    0.00000E+00    0.21512E+03    0.00000E+00    0.21446E+03    0.00000E+00    0.20708E+02    0.00000E+00    0.20742E+02    0.00000E+00    0.20710E+02    0.00000E+00    0.64305E+01    0.00000E+00    0.65269E+01    0.00000E+00    0.64371E+01    0.00000E+00    0.10689E-05    0.16645E-05    0.11076E-05    0.00000E+00    0.10689E-04    0.00000E+00    0.16645E-04    0.00000E+00    0.11076E-04    0.12474E+01    0.46236E-02    0.12674E+01    0.57697E-02    0.12487E+01    0.47065E-02    0.12347E+01    0.40695E-02    0.12519E+01    0.46346E-02    0.12358E+01    0.41063E-02
680  34    0.45267E+02    0.47619E+02    0.45422E+02    0.45267E+02    0.83452E-05    0.47619E+02    0.13249E-04    0.45422E+02    0.86679E-05    0.95796E+01    0.40854E-02    0.98232E+01    0.51476E-02    0.95958E+01    0.41636E-02    0.23294E+01    0.32109E-02    0.24168E+01    0.36276E-02    0.23351E+01    0.32384E-02    0.21570E+03    0.21645E+03    0.21576E+03    0.21570E+03    0.00000E+00    0.21645E+03    0.00000E+00    0.21576E+03    0.00000E+00    0.20770E+02    0.00000E+00    0.20806E+02    0.00000E+00    0.20773E+02    0.00000E+00    0.64423E+01    0.00000E+00    0.65380E+01    0.00000E+00    0.64489E+01    0.00000E+00    0.10562E-05    0.16986E-05    0.10979E-05    0.00000E+00    0.10562E-04    0.00000E+00    0.16986E-04    0.00000E+00    0.10979E-04    0.12496E+01    0.45960E-02    0.12698E+01    0.58285E-02    0.12510E+01    0.46860E-02    0.12370E+01    0.40638E-02    0.12544E+01    0.46508E-02    0.12381E+01    0.41019E-02
700  35    0.45467E+02    0.47825E+02    0.45622E+02    0.45467E+02    0.82749E-05    0.47825E+02    0.13141E-04    0.45622E+02    0.85950E-05    0.96005E+01    0.40681E-02    0.98443E+01    0.51266E-02    0.96167E+01    0.41461E-02    0.23321E+01    0.32044E-02    0.24196E+01    0.36102E-02    0.23379E+01    0.32311E-02    0.21665E+03    0.21738E+03    0.21670E+03    0.21665E+03    0.00000E+00    0.21738E+03    0.00000E+00    0.21670E+03    0.00000E+00    0.20816E+02    0.00000E+00    0.20851E+02    0.00000E+00    0.20818E+02    0.00000E+00    0.64502E+01    0.00000E+00    0.65452E+01    0.00000E+00    0.64567E+01    0.00000E+00    0.10473E-05    0.16847E-05    0.10887E-05    0.00000E+00    0.10473E-04    0.00000E+00    0.16847E-04    0.00000E+00    0.10887E-04    0.12510E+01    0.45766E-02    0.12714E+01    0.58047E-02    0.12523E+01    0.46663E-02    0.12384E+01    0.40554E-02    0.12560E+01    0.46285E-02    0.12395E+01    0.40927E-02
720  36    0.45479E+02    0.47838E+02    0.45634E+02    0.45479E+02    0.82107E-05    0.47838E+02    0.12782E-04    0.45634E+02    0.85114E-05    0.96018E+01    0.40523E-02    0.98455E+01    0.50560E-02    0.96180E+01    0.41259E-02    0.23309E+01    0.31927E-02    0.24181E+01    0.35903E-02    0.23367E+01    0.32189E-02    0.21671E+03    0.21744E+03    0.21676E+03    0.21671E+03    0.00000E+00    0.21744E+03    0.00000E+00    0.21676E+03    0.00000E+00    0.20819E+02    0.00000E+00    0.20854E+02    0.00000E+00    0.20821E+02    0.00000E+00    0.64465E+01    0.00000E+00    0.65405E+01    0.00000E+00    0.64530E+01    0.00000E+00    0.10391E-05    0.16387E-05    0.10781E-05    0.00000E+00    0.10391E-04    0.00000E+00    0.16387E-04    0.00000E+00    0.10781E-04    0.12503E+01    0.45588E-02    0.12707E+01    0.57248E-02    0.12517E+01    0.46435E-02    0.12378E+01    0.40407E-02    0.12554E+01    0.46030E-02    0.12390E+01    0.40772E-02
740  37    0.45776E+02    0.48151E+02    0.45932E+02    0.45776E+02    0.81473E-05    0.48151E+02    0.12631E-04    0.45932E+02    0.84422E-05    0.96329E+01    0.40366E-02    0.98776E+01    0.50261E-02    0.96492E+01    0.41091E-02    0.23360E+01    0.31893E-02    0.24233E+01    0.35786E-02    0.23417E+01    0.32149E-02    0.21813E+03    0.21887E+03    0.21818E+03    0.21813E+03    0.00000E+00    0.21887E+03    0.00000E+00    0.21818E+03    0.00000E+00    0.20887E+02    0.00000E+00    0.20922E+02    0.00000E+00    0.20889E+02    0.00000E+00    0.64607E+01    0.00000E+00    0.65541E+01    0.00000E+00    0.64671E+01    0.00000E+00    0.10311E-05    0.16193E-05    0.10693E-05    0.00000E+00    0.10311E-04    0.00000E+00    0.16193E-04    0.00000E+00    0.10693E-04    0.12530E+01    0.45412E-02    0.12734E+01    0.56909E-02    0.12543E+01    0.46246E-02    0.12405E+01    0.40364E-02    0.12583E+01    0.45880E-02    0.12417E+01    0.40722E-02
760  38    0.46063E+02    0.48451E+02    0.46220E+02    0.46063E+02    0.80783E-05    0.48451E+02    0.12422E-04    0.46220E+02    0.83641E-05    0.96629E+01    0.40195E-02    0.99082E+01    0.49845E-02    0.96792E+01    0.40900E-02    0.23407E+01    0.31811E-02    0.24281E+01    0.35752E-02    0.23465E+01    0.32071E-02    0.21949E+03    0.22023E+03    0.21955E+03    0.21949E+03    0.00000E+00    0.22023E+03    0.00000E+00    0.21955E+03    0.00000E+00    0.20952E+02    0.00000E+00    0.20987E+02    0.00000E+00    0.20954E+02    0.00000E+00    0.64736E+01    0.00000E+00    0.65664E+01    0.00000E+00    0.64800E+01    0.00000E+00    0.10224E-05    0.15926E-05    0.10594E-05    0.00000E+00    0.10224E-04    0.00000E+00    0.15926E-04    0.00000E+00    0.10594E-04    0.12554E+01    0.45219E-02    0.12760E+01    0.56438E-02    0.12568E+01    0.46031E-02    0.12430E+01    0.40260E-02    0.12609E+01    0.45836E-02    0.12442E+01    0.40623E-02
780  39    0.46285E+02    0.48684E+02    0.46443E+02    0.46285E+02    0.80257E-05    0.48684E+02    0.12379E-04    0.46443E+02    0.83121E-05    0.96860E+01    0.40064E-02    0.99319E+01    0.49758E-02    0.97024E+01    0.40773E-02    0.23446E+01    0.31719E-02    0.24321E+01    0.35666E-02    0.23503E+01    0.31979E-02    0.22055E+03    0.22129E+03    0.22060E+03    0.22055E+03    0.00000E+00    0.22129E+03    0.00000E+00    0.22060E+03    0.00000E+00    0.21002E+02    0.00000E+00    0.21038E+02    0.00000E+00    0.21005E+02    0.00000E+00    0.64843E+01    0.00000E+00    0.65768E+01    0.00000E+00    0.64906E+01    0.00000E+00    0.10157E-05    0.15871E-05    0.10529E-05    0.00000E+00    0.10157E-04    0.00000E+00    0.15871E-04    0.00000E+00    0.10529E-04    0.12574E+01    0.45072E-02    0.12781E+01    0.56340E-02    0.12588E+01    0.45888E-02    0.12451E+01    0.40144E-02    0.12631E+01    0.45726E-02    0.12462E+01    0.40507E-02
800  40    0.46324E+02    0.48733E+02    0.46483E+02    0.46324E+02    0.79542E-05    0.48733E+02    0.12416E-04    0.46483E+02    0.82477E-05    0.96901E+01    0.39885E-02    0.99368E+01    0.49832E-02    0.97065E+01    0.40615E-02    0.23451E+01    0.31608E-02    0.24327E+01    0.35608E-02    0.23509E+01    0.31871E-02    0.22074E+03    0.22151E+03    0.22079E+03    0.22074E+03    0.00000E+00    0.22151E+03    0.00000E+00    0.22079E+03    0.00000E+00    0.21011E+02    0.00000E+00    0.21048E+02    0.00000E+00    0.21014E+02    0.00000E+00    0.64857E+01    0.00000E+00    0.65782E+01    0.00000E+00    0.64921E+01    0.00000E+00    0.10067E-05    0.15918E-05    0.10447E-05    0.00000E+00    0.10067E-04    0.00000E+00    0.15918E-04    0.00000E+00    0.10447E-04    0.12578E+01    0.44870E-02    0.12785E+01    0.56424E-02    0.12591E+01    0.45710E-02    0.12454E+01    0.40003E-02    0.12635E+01    0.45651E-02    0.12466E+01    0.40370E-02
