# DNNF90 training history: one row per validation event
#  1:epoch  2:patience
#  3:cost_train    4:cost_val    5:cost_input   (per point;
#    the composite objective, Loss_term weights applied --
#    the same sum the optimizer descends)
#  6:cost_train_f  7:cost_train_df  8:cost_val_f  9:cost_val_df
# 10:cost_input_f 11:cost_input_df
# 12:rmse_train_f 13:rmse_train_df 14:rmse_val_f 15:rmse_val_df
# 16:rmse_input_f 17:rmse_input_df
# 18:mae_train_f  19:mae_train_df  20:mae_val_f  21:mae_val_df
# 22:mae_input_f  23:mae_input_df
# 24..: the same 21 metrics for each loss term in turn (2 terms: columns 24-44 are term 1, 45-65 term 2, ...)
1  0    0.37121E-01    0.38805E-01    0.37211E-01    0.27696E-02    0.34352E+02    0.15090E-02    0.37296E+02    0.27020E-02    0.34509E+02    0.34971E+00    0.82887E+01    0.35389E+00    0.86366E+01    0.34993E+00    0.83077E+01    0.26128E+00    0.58179E+01    0.27619E+00    0.65783E+01    0.26208E+00    0.58586E+01    0.96570E-02    0.56586E-02    0.94571E-02    0.96570E-02    0.00000E+00    0.56586E-02    0.00000E+00    0.94571E-02    0.00000E+00    0.13897E+00    0.00000E+00    0.10638E+00    0.00000E+00    0.13753E+00    0.00000E+00    0.12016E+00    0.00000E+00    0.86493E-01    0.00000E+00    0.11848E+00    0.00000E+00    0.48165E-01    0.50858E-01    0.48313E-01    0.00000E+00    0.48165E+02    0.00000E+00    0.50858E+02    0.00000E+00    0.48313E+02    0.40461E+00    0.98148E+01    0.40824E+00    0.10085E+02    0.40481E+00    0.98298E+01    0.31803E+00    0.81573E+01    0.34517E+00    0.89704E+01    0.31952E+00    0.82021E+01
200  0    0.10724E-01    0.11414E-01    0.10761E-01    0.20569E-02    0.86672E+01    0.24009E-02    0.90130E+01    0.20753E-02    0.86857E+01    0.18150E+00    0.41635E+01    0.18096E+00    0.42457E+01    0.18147E+00    0.41679E+01    0.14489E+00    0.28450E+01    0.14055E+00    0.31570E+01    0.14465E+00    0.28617E+01    0.71719E-02    0.90034E-02    0.72635E-02    0.71719E-02    0.00000E+00    0.90034E-02    0.00000E+00    0.72635E-02    0.00000E+00    0.11977E+00    0.00000E+00    0.13419E+00    0.00000E+00    0.12053E+00    0.00000E+00    0.10157E+00    0.00000E+00    0.99224E-01    0.00000E+00    0.10145E+00    0.00000E+00    0.12152E-01    0.12290E-01    0.12160E-01    0.00000E+00    0.12152E+02    0.00000E+00    0.12290E+02    0.00000E+00    0.12160E+02    0.20105E+00    0.49300E+01    0.19520E+00    0.49579E+01    0.20073E+00    0.49315E+01    0.16231E+00    0.39891E+01    0.15557E+00    0.43050E+01    0.16194E+00    0.40064E+01
400  0    0.56437E-02    0.53324E-02    0.56270E-02    0.28219E-02    0.28219E+01    0.30833E-02    0.22491E+01    0.28359E-02    0.27912E+01    0.10269E+00    0.23756E+01    0.97690E-01    0.21209E+01    0.10243E+00    0.23627E+01    0.81328E-01    0.16692E+01    0.72142E-01    0.14337E+01    0.80836E-01    0.16566E+01    0.98394E-02    0.11562E-01    0.99255E-02    0.98394E-02    0.00000E+00    0.11562E-01    0.00000E+00    0.99255E-02    0.00000E+00    0.14028E+00    0.00000E+00    0.15207E+00    0.00000E+00    0.14089E+00    0.00000E+00    0.11763E+00    0.00000E+00    0.12934E+00    0.00000E+00    0.11821E+00    0.00000E+00    0.39566E-02    0.30669E-02    0.39076E-02    0.00000E+00    0.39566E+01    0.00000E+00    0.30669E+01    0.00000E+00    0.39076E+01    0.82898E-01    0.28130E+01    0.67858E-01    0.24767E+01    0.82143E-01    0.27956E+01    0.66732E-01    0.23404E+01    0.51342E-01    0.19551E+01    0.65886E-01    0.23192E+01
600  0    0.38740E-02    0.33354E-02    0.38452E-02    0.19508E-02    0.19232E+01    0.18680E-02    0.14674E+01    0.19464E-02    0.18988E+01    0.77490E-01    0.19612E+01    0.70471E-01    0.17131E+01    0.77130E-01    0.19487E+01    0.61218E-01    0.13499E+01    0.51756E-01    0.11631E+01    0.60711E-01    0.13399E+01    0.68021E-02    0.70049E-02    0.68122E-02    0.68021E-02    0.00000E+00    0.70049E-02    0.00000E+00    0.68122E-02    0.00000E+00    0.11664E+00    0.00000E+00    0.11836E+00    0.00000E+00    0.11672E+00    0.00000E+00    0.10069E+00    0.00000E+00    0.98710E-01    0.00000E+00    0.10059E+00    0.00000E+00    0.26966E-02    0.20010E-02    0.26583E-02    0.00000E+00    0.26966E+01    0.00000E+00    0.20010E+01    0.00000E+00    0.26583E+01    0.54303E-01    0.23223E+01    0.40957E-01    0.20005E+01    0.53656E-01    0.23058E+01    0.45344E-01    0.18927E+01    0.34681E-01    0.15860E+01    0.44758E-01    0.18759E+01
800  0    0.39800E-02    0.33223E-02    0.39448E-02    0.24952E-02    0.14848E+01    0.21652E-02    0.11571E+01    0.24776E-02    0.14672E+01    0.10402E+00    0.17232E+01    0.95618E-01    0.15213E+01    0.10359E+00    0.17130E+01    0.85263E-01    0.11358E+01    0.78120E-01    0.95794E+00    0.84880E-01    0.11263E+01    0.87005E-02    0.81194E-02    0.86715E-02    0.87005E-02    0.00000E+00    0.81194E-02    0.00000E+00    0.86715E-02    0.00000E+00    0.13191E+00    0.00000E+00    0.12743E+00    0.00000E+00    0.13169E+00    0.00000E+00    0.97527E-01    0.00000E+00    0.91578E-01    0.00000E+00    0.97230E-01    0.00000E+00    0.20818E-02    0.15779E-02    0.20541E-02    0.00000E+00    0.20818E+01    0.00000E+00    0.15779E+01    0.00000E+00    0.20541E+01    0.90410E-01    0.20405E+01    0.81010E-01    0.17765E+01    0.89919E-01    0.20269E+01    0.80332E-01    0.15926E+01    0.73226E-01    0.13063E+01    0.79941E-01    0.15768E+01
1000  0    0.26345E-02    0.23028E-02    0.26168E-02    0.12721E-02    0.13625E+01    0.12389E-02    0.10639E+01    0.12703E-02    0.13465E+01    0.62365E-01    0.16507E+01    0.56839E-01    0.14587E+01    0.62081E-01    0.16410E+01    0.46552E-01    0.10739E+01    0.37372E-01    0.93744E+00    0.46060E-01    0.10666E+01    0.44355E-02    0.46459E-02    0.44460E-02    0.44355E-02    0.00000E+00    0.46459E-02    0.00000E+00    0.44460E-02    0.00000E+00    0.94186E-01    0.00000E+00    0.96394E-01    0.00000E+00    0.94298E-01    0.00000E+00    0.75498E-01    0.00000E+00    0.74137E-01    0.00000E+00    0.75430E-01    0.00000E+00    0.19103E-02    0.14508E-02    0.18851E-02    0.00000E+00    0.19103E+01    0.00000E+00    0.14508E+01    0.00000E+00    0.18851E+01    0.43430E-01    0.19546E+01    0.32041E-01    0.17034E+01    0.42882E-01    0.19417E+01    0.34912E-01    0.15057E+01    0.24003E-01    0.12783E+01    0.34312E-01    0.14932E+01
1200  0    0.21156E-02    0.15280E-02    0.20841E-02    0.10011E-02    0.11145E+01    0.76346E-03    0.76458E+00    0.98835E-03    0.10958E+01    0.51993E-01    0.14930E+01    0.42915E-01    0.12366E+01    0.51547E-01    0.14804E+01    0.35854E-01    0.95046E+00    0.28191E-01    0.77651E+00    0.35444E-01    0.94114E+00    0.34906E-02    0.28630E-02    0.34592E-02    0.34906E-02    0.00000E+00    0.28630E-02    0.00000E+00    0.34592E-02    0.00000E+00    0.83554E-01    0.00000E+00    0.75670E-01    0.00000E+00    0.83177E-01    0.00000E+00    0.65975E-01    0.00000E+00    0.60333E-01    0.00000E+00    0.65693E-01    0.00000E+00    0.15627E-02    0.10426E-02    0.15341E-02    0.00000E+00    0.15627E+01    0.00000E+00    0.10426E+01    0.00000E+00    0.15341E+01    0.31354E-01    0.17679E+01    0.20717E-01    0.14440E+01    0.30864E-01    0.17516E+01    0.23742E-01    0.13327E+01    0.16503E-01    0.10589E+01    0.23344E-01    0.13176E+01
1400  0    0.18585E-02    0.11687E-02    0.18216E-02    0.81975E-03    0.10388E+01    0.49855E-03    0.67014E+00    0.80254E-03    0.10190E+01    0.49037E-01    0.14414E+01    0.35994E-01    0.11577E+01    0.48428E-01    0.14276E+01    0.35764E-01    0.91903E+00    0.25212E-01    0.76312E+00    0.35199E-01    0.91068E+00    0.28583E-02    0.18696E-02    0.28089E-02    0.28583E-02    0.00000E+00    0.18696E-02    0.00000E+00    0.28089E-02    0.00000E+00    0.75609E-01    0.00000E+00    0.61149E-01    0.00000E+00    0.74952E-01    0.00000E+00    0.60027E-01    0.00000E+00    0.46111E-01    0.00000E+00    0.59331E-01    0.00000E+00    0.14565E-02    0.91383E-03    0.14267E-02    0.00000E+00    0.14565E+01    0.00000E+00    0.91383E+00    0.00000E+00    0.14267E+01    0.32755E-01    0.17068E+01    0.20173E-01    0.13519E+01    0.32191E-01    0.16892E+01    0.26008E-01    0.12886E+01    0.17612E-01    0.10406E+01    0.25546E-01    0.12750E+01
1600  0    0.15780E-02    0.10133E-02    0.15477E-02    0.57785E-03    0.10001E+01    0.38365E-03    0.62970E+00    0.56745E-03    0.98029E+00    0.41119E-01    0.14143E+01    0.33245E-01    0.11222E+01    0.40736E-01    0.14002E+01    0.29144E-01    0.89935E+00    0.25903E-01    0.78566E+00    0.28971E-01    0.89326E+00    0.20149E-02    0.14387E-02    0.19861E-02    0.20149E-02    0.00000E+00    0.14387E-02    0.00000E+00    0.19861E-02    0.00000E+00    0.63480E-01    0.00000E+00    0.53641E-01    0.00000E+00    0.63025E-01    0.00000E+00    0.49786E-01    0.00000E+00    0.46573E-01    0.00000E+00    0.49626E-01    0.00000E+00    0.14023E-02    0.85869E-03    0.13724E-02    0.00000E+00    0.14023E+01    0.00000E+00    0.85869E+00    0.00000E+00    0.13724E+01    0.27390E-01    0.16747E+01    0.21467E-01    0.13105E+01    0.27098E-01    0.16567E+01    0.20844E-01    0.12610E+01    0.18387E-01    0.10713E+01    0.20709E-01    0.12506E+01
1800  0    0.14627E-02    0.95147E-03    0.14353E-02    0.52390E-03    0.93878E+00    0.41167E-03    0.53980E+00    0.51789E-03    0.91740E+00    0.42001E-01    0.13702E+01    0.36726E-01    0.10390E+01    0.41736E-01    0.13545E+01    0.31363E-01    0.86907E+00    0.27475E-01    0.69379E+00    0.31155E-01    0.85968E+00    0.18268E-02    0.15438E-02    0.18126E-02    0.18268E-02    0.00000E+00    0.15438E-02    0.00000E+00    0.18126E-02    0.00000E+00    0.60444E-01    0.00000E+00    0.55566E-01    0.00000E+00    0.60210E-01    0.00000E+00    0.43689E-01    0.00000E+00    0.42164E-01    0.00000E+00    0.43613E-01    0.00000E+00    0.13163E-02    0.73609E-03    0.12844E-02    0.00000E+00    0.13163E+01    0.00000E+00    0.73609E+00    0.00000E+00    0.12844E+01    0.31691E-01    0.16225E+01    0.26768E-01    0.12133E+01    0.31441E-01    0.16027E+01    0.26407E-01    0.12185E+01    0.22134E-01    0.94608E+00    0.26172E-01    0.12035E+01
2000  0    0.13196E-02    0.78383E-03    0.12909E-02    0.41918E-03    0.90043E+00    0.27157E-03    0.51226E+00    0.41127E-03    0.87963E+00    0.33975E-01    0.13420E+01    0.27576E-01    0.10122E+01    0.33663E-01    0.13264E+01    0.22590E-01    0.85801E+00    0.20478E-01    0.69352E+00    0.22477E-01    0.84920E+00    0.14616E-02    0.10184E-02    0.14395E-02    0.14616E-02    0.00000E+00    0.10184E-02    0.00000E+00    0.14395E-02    0.00000E+00    0.54067E-01    0.00000E+00    0.45131E-01    0.00000E+00    0.53655E-01    0.00000E+00    0.40265E-01    0.00000E+00    0.36321E-01    0.00000E+00    0.40067E-01    0.00000E+00    0.12625E-02    0.69854E-03    0.12315E-02    0.00000E+00    0.12625E+01    0.00000E+00    0.69854E+00    0.00000E+00    0.12315E+01    0.21047E-01    0.15890E+01    0.17213E-01    0.11820E+01    0.20855E-01    0.15694E+01    0.15483E-01    0.12030E+01    0.14717E-01    0.94570E+00    0.15440E-01    0.11889E+01
2200  0    0.12183E-02    0.74510E-03    0.11930E-02    0.35283E-03    0.86550E+00    0.27065E-03    0.47445E+00    0.34843E-03    0.84455E+00    0.31411E-01    0.13157E+01    0.26709E-01    0.97411E+00    0.31177E-01    0.12997E+01    0.21002E-01    0.83838E+00    0.19024E-01    0.67414E+00    0.20896E-01    0.82958E+00    0.12303E-02    0.10149E-02    0.12195E-02    0.12303E-02    0.00000E+00    0.10149E-02    0.00000E+00    0.12195E-02    0.00000E+00    0.49604E-01    0.00000E+00    0.45054E-01    0.00000E+00    0.49386E-01    0.00000E+00    0.37290E-01    0.00000E+00    0.34263E-01    0.00000E+00    0.37139E-01    0.00000E+00    0.12135E-02    0.64698E-03    0.11824E-02    0.00000E+00    0.12135E+01    0.00000E+00    0.64698E+00    0.00000E+00    0.11824E+01    0.19849E-01    0.15579E+01    0.15318E-01    0.11375E+01    0.19627E-01    0.15378E+01    0.14452E-01    0.11755E+01    0.13482E-01    0.91928E+00    0.14399E-01    0.11614E+01
2400  0    0.11763E-02    0.68751E-03    0.11501E-02    0.37614E-03    0.80014E+00    0.28307E-03    0.40444E+00    0.37116E-03    0.77894E+00    0.33882E-01    0.12650E+01    0.30311E-01    0.89938E+00    0.33700E-01    0.12482E+01    0.22348E-01    0.79364E+00    0.21308E-01    0.62105E+00    0.22292E-01    0.78440E+00    0.13116E-02    0.10615E-02    0.12991E-02    0.13116E-02    0.00000E+00    0.10615E-02    0.00000E+00    0.12991E-02    0.00000E+00    0.51216E-01    0.00000E+00    0.46077E-01    0.00000E+00    0.50972E-01    0.00000E+00    0.37548E-01    0.00000E+00    0.33359E-01    0.00000E+00    0.37338E-01    0.00000E+00    0.11219E-02    0.55151E-03    0.10905E-02    0.00000E+00    0.11219E+01    0.00000E+00    0.55151E+00    0.00000E+00    0.10905E+01    0.23554E-01    0.14979E+01    0.21928E-01    0.10502E+01    0.23467E-01    0.14768E+01    0.16236E-01    0.11128E+01    0.16925E-01    0.84689E+00    0.16273E-01    0.10982E+01
2600  0    0.11286E-02    0.54165E-03    0.10972E-02    0.38750E-03    0.74112E+00    0.19064E-03    0.35101E+00    0.37696E-03    0.72022E+00    0.35252E-01    0.12175E+01    0.24567E-01    0.83786E+00    0.34763E-01    0.12002E+01    0.24084E-01    0.76885E+00    0.17641E-01    0.59443E+00    0.23739E-01    0.75951E+00    0.13512E-02    0.71490E-03    0.13194E-02    0.13512E-02    0.00000E+00    0.71490E-03    0.00000E+00    0.13194E-02    0.00000E+00    0.51984E-01    0.00000E+00    0.37813E-01    0.00000E+00    0.51368E-01    0.00000E+00    0.38688E-01    0.00000E+00    0.29595E-01    0.00000E+00    0.38233E-01    0.00000E+00    0.10391E-02    0.47865E-03    0.10083E-02    0.00000E+00    0.10391E+01    0.00000E+00    0.47865E+00    0.00000E+00    0.10083E+01    0.25609E-01    0.14416E+01    0.17410E-01    0.97841E+00    0.25227E-01    0.14201E+01    0.18212E-01    0.10780E+01    0.13294E-01    0.81058E+00    0.17942E-01    0.10633E+01
2800  0    0.95762E-03    0.47834E-03    0.93194E-03    0.24820E-03    0.70942E+00    0.11002E-03    0.36832E+00    0.24080E-03    0.69115E+00    0.26425E-01    0.11912E+01    0.17627E-01    0.85828E+00    0.26029E-01    0.11757E+01    0.16233E-01    0.77045E+00    0.11640E-01    0.61660E+00    0.15987E-01    0.76221E+00    0.86543E-03    0.41257E-03    0.84279E-03    0.86543E-03    0.00000E+00    0.41257E-03    0.00000E+00    0.84279E-03    0.00000E+00    0.41604E-01    0.00000E+00    0.28725E-01    0.00000E+00    0.41056E-01    0.00000E+00    0.28546E-01    0.00000E+00    0.21952E-01    0.00000E+00    0.28216E-01    0.00000E+00    0.99469E-03    0.50226E-03    0.96761E-03    0.00000E+00    0.99469E+00    0.00000E+00    0.50226E+00    0.00000E+00    0.96761E+00    0.16824E-01    0.14105E+01    0.11120E-01    0.10023E+01    0.16562E-01    0.13911E+01    0.11281E-01    0.10803E+01    0.78908E-02    0.84082E+00    0.11095E-01    0.10671E+01
3000  0    0.87973E-03    0.42440E-03    0.85534E-03    0.22634E-03    0.65339E+00    0.86982E-04    0.33742E+00    0.21888E-03    0.63646E+00    0.25079E-01    0.11431E+01    0.14472E-01    0.82149E+00    0.24627E-01    0.11282E+01    0.16211E-01    0.74202E+00    0.96740E-02    0.58719E+00    0.15861E-01    0.73373E+00    0.78922E-03    0.32618E-03    0.76607E-03    0.78922E-03    0.00000E+00    0.32618E-03    0.00000E+00    0.76607E-03    0.00000E+00    0.39730E-01    0.00000E+00    0.25541E-01    0.00000E+00    0.39142E-01    0.00000E+00    0.28119E-01    0.00000E+00    0.19759E-01    0.00000E+00    0.27701E-01    0.00000E+00    0.91613E-03    0.46012E-03    0.89105E-03    0.00000E+00    0.91613E+00    0.00000E+00    0.46012E+00    0.00000E+00    0.89105E+00    0.15720E-01    0.13536E+01    0.69561E-02    0.95929E+00    0.15369E-01    0.13350E+01    0.11423E-01    0.10404E+01    0.60068E-02    0.80072E+00    0.11125E-01    0.10272E+01
3200  1    0.81064E-03    0.43526E-03    0.79053E-03    0.22483E-03    0.58581E+00    0.14364E-03    0.29161E+00    0.22048E-03    0.57005E+00    0.30270E-01    0.10824E+01    0.26206E-01    0.76369E+00    0.30066E-01    0.10678E+01    0.24042E-01    0.69247E+00    0.22868E-01    0.57469E+00    0.23979E-01    0.68616E+00    0.78396E-03    0.53867E-03    0.77170E-03    0.78396E-03    0.00000E+00    0.53867E-03    0.00000E+00    0.77170E-03    0.00000E+00    0.39597E-01    0.00000E+00    0.32823E-01    0.00000E+00    0.39286E-01    0.00000E+00    0.28114E-01    0.00000E+00    0.27224E-01    0.00000E+00    0.28069E-01    0.00000E+00    0.82137E-03    0.39765E-03    0.79806E-03    0.00000E+00    0.82137E+00    0.00000E+00    0.39765E+00    0.00000E+00    0.79806E+00    0.25577E-01    0.12817E+01    0.23340E-01    0.89180E+00    0.25459E-01    0.12634E+01    0.22404E-01    0.97092E+00    0.21284E-01    0.78367E+00    0.22343E-01    0.96062E+00
3400  1    0.73808E-03    0.37867E-03    0.71883E-03    0.21189E-03    0.52619E+00    0.11820E-03    0.26047E+00    0.20687E-03    0.51196E+00    0.26427E-01    0.10259E+01    0.19258E-01    0.72176E+00    0.26093E-01    0.10119E+01    0.17911E-01    0.65852E+00    0.13161E-01    0.52735E+00    0.17656E-01    0.65149E+00    0.73882E-03    0.44326E-03    0.72405E-03    0.73882E-03    0.00000E+00    0.44326E-03    0.00000E+00    0.72405E-03    0.00000E+00    0.38440E-01    0.00000E+00    0.29775E-01    0.00000E+00    0.38054E-01    0.00000E+00    0.28082E-01    0.00000E+00    0.20559E-01    0.00000E+00    0.27706E-01    0.00000E+00    0.73778E-03    0.35518E-03    0.71674E-03    0.00000E+00    0.73778E+00    0.00000E+00    0.35518E+00    0.00000E+00    0.71674E+00    0.19622E-01    0.12147E+01    0.13541E-01    0.84283E+00    0.19337E-01    0.11973E+01    0.13821E-01    0.92332E+00    0.10470E-01    0.71911E+00    0.13636E-01    0.91209E+00
3600  1    0.61036E-03    0.26047E-03    0.59162E-03    0.17715E-03    0.43322E+00    0.78638E-04    0.18183E+00    0.17187E-03    0.41975E+00    0.22614E-01    0.93082E+00    0.15930E-01    0.60304E+00    0.22307E-01    0.91624E+00    0.14523E-01    0.58302E+00    0.12309E-01    0.44985E+00    0.14405E-01    0.57588E+00    0.61768E-03    0.29489E-03    0.60154E-03    0.61768E-03    0.00000E+00    0.29489E-03    0.00000E+00    0.60154E-03    0.00000E+00    0.35148E-01    0.00000E+00    0.24285E-01    0.00000E+00    0.34685E-01    0.00000E+00    0.24352E-01    0.00000E+00    0.19900E-01    0.00000E+00    0.24129E-01    0.00000E+00    0.60742E-03    0.24795E-03    0.58765E-03    0.00000E+00    0.60742E+00    0.00000E+00    0.24795E+00    0.00000E+00    0.58765E+00    0.14841E-01    0.11022E+01    0.11470E-01    0.70420E+00    0.14676E-01    0.10841E+01    0.10571E-01    0.81746E+00    0.95480E-02    0.61343E+00    0.10515E-01    0.80624E+00
3800  2    0.55235E-03    0.34593E-03    0.54130E-03    0.17274E-03    0.37961E+00    0.16057E-03    0.18536E+00    0.17209E-03    0.36920E+00    0.26455E-01    0.87133E+00    0.25286E-01    0.60887E+00    0.26393E-01    0.85931E+00    0.20867E-01    0.55583E+00    0.22271E-01    0.44581E+00    0.20943E-01    0.54994E+00    0.60233E-03    0.60214E-03    0.60232E-03    0.60233E-03    0.00000E+00    0.60214E-03    0.00000E+00    0.60232E-03    0.00000E+00    0.34708E-01    0.00000E+00    0.34703E-01    0.00000E+00    0.34708E-01    0.00000E+00    0.26293E-01    0.00000E+00    0.30691E-01    0.00000E+00    0.26513E-01    0.00000E+00    0.53226E-03    0.25276E-03    0.51688E-03    0.00000E+00    0.53226E+00    0.00000E+00    0.25276E+00    0.00000E+00    0.51688E+00    0.22290E-01    0.10318E+01    0.20831E-01    0.71100E+00    0.22213E-01    0.10167E+01    0.18686E-01    0.77934E+00    0.19209E-01    0.60793E+00    0.18714E-01    0.76991E+00
4000  3    0.43689E-03    0.29226E-03    0.42914E-03    0.11103E-03    0.32586E+00    0.90572E-04    0.20169E+00    0.10993E-03    0.31921E+00    0.21739E-01    0.80729E+00    0.21649E-01    0.63512E+00    0.21734E-01    0.79901E+00    0.15269E-01    0.50260E+00    0.17563E-01    0.45539E+00    0.15392E-01    0.50007E+00    0.38714E-03    0.33965E-03    0.38477E-03    0.38714E-03    0.00000E+00    0.33965E-03    0.00000E+00    0.38477E-03    0.00000E+00    0.27826E-01    0.00000E+00    0.26063E-01    0.00000E+00    0.27740E-01    0.00000E+00    0.18413E-01    0.00000E+00    0.19649E-01    0.00000E+00    0.18475E-01    0.00000E+00    0.45689E-03    0.27503E-03    0.44689E-03    0.00000E+00    0.45689E+00    0.00000E+00    0.27503E+00    0.00000E+00    0.44689E+00    0.18742E-01    0.95592E+00    0.19801E-01    0.74166E+00    0.18802E-01    0.94540E+00    0.14005E-01    0.70471E+00    0.16804E-01    0.62099E+00    0.14159E-01    0.70010E+00
4200  3    0.37291E-03    0.22384E-03    0.36493E-03    0.11908E-03    0.25383E+00    0.97592E-04    0.12625E+00    0.11793E-03    0.24699E+00    0.22749E-01    0.71250E+00    0.19677E-01    0.50249E+00    0.22595E-01    0.70284E+00    0.18275E-01    0.45044E+00    0.14731E-01    0.37039E+00    0.18085E-01    0.44615E+00    0.41523E-03    0.36597E-03    0.41276E-03    0.41523E-03    0.00000E+00    0.36597E-03    0.00000E+00    0.41276E-03    0.00000E+00    0.28818E-01    0.00000E+00    0.27054E-01    0.00000E+00    0.28732E-01    0.00000E+00    0.22654E-01    0.00000E+00    0.18562E-01    0.00000E+00    0.22449E-01    0.00000E+00    0.35590E-03    0.17215E-03    0.34579E-03    0.00000E+00    0.35590E+00    0.00000E+00    0.17215E+00    0.00000E+00    0.34579E+00    0.19791E-01    0.84368E+00    0.16180E-01    0.58678E+00    0.19610E-01    0.83161E+00    0.16514E-01    0.63156E+00    0.13338E-01    0.50508E+00    0.16339E-01    0.62461E+00
4400  3    0.28040E-03    0.19016E-03    0.27556E-03    0.64617E-04    0.21578E+00    0.55365E-04    0.13479E+00    0.64121E-04    0.21144E+00    0.13651E-01    0.65693E+00    0.12106E-01    0.51921E+00    0.13572E-01    0.65029E+00    0.93102E-02    0.41473E+00    0.81824E-02    0.37668E+00    0.92498E-02    0.41269E+00    0.22531E-03    0.20762E-03    0.22442E-03    0.22531E-03    0.00000E+00    0.20762E-03    0.00000E+00    0.22442E-03    0.00000E+00    0.21228E-01    0.00000E+00    0.20377E-01    0.00000E+00    0.21186E-01    0.00000E+00    0.15104E-01    0.00000E+00    0.15021E-01    0.00000E+00    0.15099E-01    0.00000E+00    0.30255E-03    0.18380E-03    0.29602E-03    0.00000E+00    0.30255E+00    0.00000E+00    0.18380E+00    0.00000E+00    0.29602E+00    0.89483E-02    0.77788E+00    0.69890E-02    0.60631E+00    0.88518E-02    0.76944E+00    0.69806E-02    0.58150E+00    0.56955E-02    0.51366E+00    0.69099E-02    0.57776E+00
4600  4    0.25695E-03    0.20637E-03    0.25424E-03    0.72592E-04    0.18435E+00    0.81789E-04    0.12458E+00    0.73085E-04    0.18115E+00    0.15306E-01    0.60721E+00    0.15537E-01    0.49916E+00    0.15319E-01    0.60192E+00    0.11448E-01    0.37488E+00    0.11890E-01    0.36974E+00    0.11471E-01    0.37460E+00    0.25312E-03    0.30671E-03    0.25580E-03    0.25312E-03    0.00000E+00    0.30671E-03    0.00000E+00    0.25580E-03    0.00000E+00    0.22500E-01    0.00000E+00    0.24767E-01    0.00000E+00    0.22618E-01    0.00000E+00    0.18539E-01    0.00000E+00    0.20013E-01    0.00000E+00    0.18613E-01    0.00000E+00    0.25849E-03    0.16988E-03    0.25361E-03    0.00000E+00    0.25849E+00    0.00000E+00    0.16988E+00    0.00000E+00    0.25361E+00    0.11177E-01    0.71901E+00    0.10300E-01    0.58289E+00    0.11130E-01    0.71220E+00    0.85961E-02    0.52562E+00    0.89358E-02    0.50419E+00    0.86148E-02    0.52445E+00
4800  4    0.21882E-03    0.15233E-03    0.21526E-03    0.66230E-04    0.15259E+00    0.46865E-04    0.10546E+00    0.65193E-04    0.15007E+00    0.15164E-01    0.55244E+00    0.13276E-01    0.45926E+00    0.15069E-01    0.54785E+00    0.11103E-01    0.33930E+00    0.91478E-02    0.32568E+00    0.10999E-01    0.33857E+00    0.23093E-03    0.17574E-03    0.22817E-03    0.23093E-03    0.00000E+00    0.17574E-03    0.00000E+00    0.22817E-03    0.00000E+00    0.21491E-01    0.00000E+00    0.18748E-01    0.00000E+00    0.21362E-01    0.00000E+00    0.15902E-01    0.00000E+00    0.12071E-01    0.00000E+00    0.15711E-01    0.00000E+00    0.21395E-03    0.14381E-03    0.21010E-03    0.00000E+00    0.21395E+00    0.00000E+00    0.14381E+00    0.00000E+00    0.21010E+00    0.11691E-01    0.65415E+00    0.10607E-01    0.53630E+00    0.11634E-01    0.64822E+00    0.91737E-02    0.47574E+00    0.80849E-02    0.44411E+00    0.91138E-02    0.47400E+00
5000  4    0.17775E-03    0.12227E-03    0.17478E-03    0.40780E-04    0.13697E+00    0.35028E-04    0.87241E-01    0.40472E-04    0.13431E+00    0.10818E-01    0.52339E+00    0.10276E-01    0.41771E+00    0.10790E-01    0.51828E+00    0.74065E-02    0.32510E+00    0.80450E-02    0.28487E+00    0.74407E-02    0.32294E+00    0.14219E-03    0.13136E-03    0.14165E-03    0.14219E-03    0.00000E+00    0.13136E-03    0.00000E+00    0.14165E-03    0.00000E+00    0.16864E-01    0.00000E+00    0.16208E-01    0.00000E+00    0.16832E-01    0.00000E+00    0.12057E-01    0.00000E+00    0.14163E-01    0.00000E+00    0.12163E-01    0.00000E+00    0.19205E-03    0.11897E-03    0.18803E-03    0.00000E+00    0.19205E+00    0.00000E+00    0.11897E+00    0.00000E+00    0.18803E+00    0.70520E-02    0.61976E+00    0.69609E-02    0.48778E+00    0.70470E-02    0.61324E+00    0.55363E-02    0.45583E+00    0.58202E-02    0.38847E+00    0.55519E-02    0.45212E+00
5200  5    0.22464E-03    0.20080E-03    0.22336E-03    0.10068E-03    0.12395E+00    0.76288E-04    0.12451E+00    0.99376E-04    0.12398E+00    0.20043E-01    0.49790E+00    0.17112E-01    0.49902E+00    0.19897E-01    0.49796E+00    0.16006E-01    0.30799E+00    0.12742E-01    0.32706E+00    0.15831E-01    0.30901E+00    0.35107E-03    0.28608E-03    0.34782E-03    0.35107E-03    0.00000E+00    0.28608E-03    0.00000E+00    0.34782E-03    0.00000E+00    0.26498E-01    0.00000E+00    0.23920E-01    0.00000E+00    0.26375E-01    0.00000E+00    0.21311E-01    0.00000E+00    0.15192E-01    0.00000E+00    0.21005E-01    0.00000E+00    0.17380E-03    0.16979E-03    0.17358E-03    0.00000E+00    0.17380E+00    0.00000E+00    0.16979E+00    0.00000E+00    0.17358E+00    0.16761E-01    0.58957E+00    0.13829E-01    0.58273E+00    0.16613E-01    0.58920E+00    0.13873E-01    0.43183E+00    0.11852E-01    0.44599E+00    0.13762E-01    0.43261E+00
5400  6    0.14380E-03    0.12616E-03    0.14285E-03    0.36743E-04    0.10706E+00    0.39561E-04    0.86601E-01    0.36894E-04    0.10596E+00    0.11484E-01    0.46272E+00    0.11197E-01    0.41618E+00    0.11469E-01    0.46035E+00    0.91892E-02    0.28625E+00    0.86726E-02    0.27925E+00    0.91615E-02    0.28588E+00    0.12812E-03    0.14836E-03    0.12913E-03    0.12812E-03    0.00000E+00    0.14836E-03    0.00000E+00    0.12913E-03    0.00000E+00    0.16007E-01    0.00000E+00    0.17225E-01    0.00000E+00    0.16070E-01    0.00000E+00    0.12657E-01    0.00000E+00    0.13509E-01    0.00000E+00    0.12700E-01    0.00000E+00    0.15010E-03    0.11809E-03    0.14834E-03    0.00000E+00    0.15010E+00    0.00000E+00    0.11809E+00    0.00000E+00    0.14834E+00    0.90483E-02    0.54791E+00    0.79408E-02    0.48599E+00    0.89909E-02    0.54469E+00    0.77948E-02    0.40136E+00    0.69140E-02    0.38079E+00    0.77463E-02    0.40023E+00
5600  7    0.12617E-03    0.12887E-03    0.12632E-03    0.24377E-04    0.10180E+00    0.25098E-04    0.10377E+00    0.24415E-04    0.10190E+00    0.90561E-02    0.45121E+00    0.95958E-02    0.45557E+00    0.90858E-02    0.45145E+00    0.62621E-02    0.27879E+00    0.69563E-02    0.30241E+00    0.62993E-02    0.28005E+00    0.84997E-04    0.94119E-04    0.85453E-04    0.84997E-04    0.00000E+00    0.94119E-04    0.00000E+00    0.85453E-04    0.00000E+00    0.13038E-01    0.00000E+00    0.13720E-01    0.00000E+00    0.13073E-01    0.00000E+00    0.92009E-02    0.00000E+00    0.96907E-02    0.00000E+00    0.92253E-02    0.00000E+00    0.14273E-03    0.14151E-03    0.14266E-03    0.00000E+00    0.14273E+00    0.00000E+00    0.14151E+00    0.00000E+00    0.14266E+00    0.68289E-02    0.53429E+00    0.75573E-02    0.53200E+00    0.68710E-02    0.53416E+00    0.50803E-02    0.39090E+00    0.59620E-02    0.41237E+00    0.51288E-02    0.39208E+00
5800  7    0.11417E-03    0.11384E-03    0.11416E-03    0.21982E-04    0.92193E-01    0.28108E-04    0.85732E-01    0.22310E-04    0.91847E-01    0.79501E-02    0.42940E+00    0.86330E-02    0.41408E+00    0.79882E-02    0.42860E+00    0.56713E-02    0.26185E+00    0.56965E-02    0.28289E+00    0.56727E-02    0.26297E+00    0.76646E-04    0.10540E-03    0.78084E-04    0.76646E-04    0.00000E+00    0.10540E-03    0.00000E+00    0.78084E-04    0.00000E+00    0.12381E-01    0.00000E+00    0.14519E-01    0.00000E+00    0.12497E-01    0.00000E+00    0.91633E-02    0.00000E+00    0.10028E-01    0.00000E+00    0.92066E-02    0.00000E+00    0.12927E-03    0.11691E-03    0.12859E-03    0.00000E+00    0.12927E+00    0.00000E+00    0.11691E+00    0.00000E+00    0.12859E+00    0.51940E-02    0.50846E+00    0.49972E-02    0.48354E+00    0.51834E-02    0.50712E+00    0.42672E-02    0.36714E+00    0.41212E-02    0.38575E+00    0.42591E-02    0.36816E+00
6000  8    0.10860E-03    0.11450E-03    0.10892E-03    0.18746E-04    0.89855E-01    0.24792E-04    0.89709E-01    0.19070E-04    0.89847E-01    0.81012E-02    0.42392E+00    0.93641E-02    0.42358E+00    0.81738E-02    0.42390E+00    0.58506E-02    0.26695E+00    0.70566E-02    0.29529E+00    0.59152E-02    0.26847E+00    0.65365E-04    0.92971E-04    0.66745E-04    0.65365E-04    0.00000E+00    0.92971E-04    0.00000E+00    0.66745E-04    0.00000E+00    0.11434E-01    0.00000E+00    0.13636E-01    0.00000E+00    0.11554E-01    0.00000E+00    0.83862E-02    0.00000E+00    0.11708E-01    0.00000E+00    0.85523E-02    0.00000E+00    0.12599E-03    0.12233E-03    0.12579E-03    0.00000E+00    0.12599E+00    0.00000E+00    0.12233E+00    0.00000E+00    0.12579E+00    0.62810E-02    0.50197E+00    0.72082E-02    0.49463E+00    0.63355E-02    0.50157E+00    0.48310E-02    0.37429E+00    0.53650E-02    0.40267E+00    0.48603E-02    0.37585E+00
6200  9    0.11509E-03    0.13668E-03    0.11625E-03    0.31133E-04    0.83960E-01    0.46570E-04    0.90109E-01    0.31960E-04    0.84290E-01    0.12360E-01    0.40978E+00    0.13613E-01    0.42452E+00    0.12430E-01    0.41058E+00    0.10576E-01    0.25144E+00    0.11841E-01    0.28862E+00    0.10644E-01    0.25343E+00    0.10855E-03    0.17464E-03    0.11186E-03    0.10855E-03    0.00000E+00    0.17464E-03    0.00000E+00    0.11186E-03    0.00000E+00    0.14735E-01    0.00000E+00    0.18689E-01    0.00000E+00    0.14957E-01    0.00000E+00    0.10742E-01    0.00000E+00    0.14977E-01    0.00000E+00    0.10954E-01    0.00000E+00    0.11772E-03    0.12288E-03    0.11801E-03    0.00000E+00    0.11772E+00    0.00000E+00    0.12288E+00    0.00000E+00    0.11801E+00    0.11264E-01    0.48523E+00    0.11212E-01    0.49573E+00    0.11262E-01    0.48581E+00    0.10509E-01    0.35255E+00    0.10701E-01    0.39357E+00    0.10520E-01    0.35481E+00
6400  9    0.97758E-04    0.11187E-03    0.98514E-04    0.19702E-04    0.78055E-01    0.28688E-04    0.83186E-01    0.20184E-04    0.78330E-01    0.80292E-02    0.39511E+00    0.93826E-02    0.40789E+00    0.81075E-02    0.39580E+00    0.63950E-02    0.23867E+00    0.73590E-02    0.27921E+00    0.64466E-02    0.24084E+00    0.68699E-04    0.10758E-03    0.70643E-04    0.68699E-04    0.00000E+00    0.10758E-03    0.00000E+00    0.70643E-04    0.00000E+00    0.11722E-01    0.00000E+00    0.14668E-01    0.00000E+00    0.11886E-01    0.00000E+00    0.98888E-02    0.00000E+00    0.12306E-01    0.00000E+00    0.10010E-01    0.00000E+00    0.10944E-03    0.11343E-03    0.10966E-03    0.00000E+00    0.10944E+00    0.00000E+00    0.11343E+00    0.00000E+00    0.10966E+00    0.59281E-02    0.46785E+00    0.64658E-02    0.47631E+00    0.59589E-02    0.46832E+00    0.49901E-02    0.33464E+00    0.55601E-02    0.38074E+00    0.50214E-02    0.33718E+00
6600  9    0.98855E-04    0.10018E-03    0.98926E-04    0.22861E-04    0.75993E-01    0.28280E-04    0.71905E-01    0.23152E-04    0.75774E-01    0.10213E-01    0.38985E+00    0.10940E-01    0.37922E+00    0.10253E-01    0.38929E+00    0.79771E-02    0.23504E+00    0.84050E-02    0.25603E+00    0.80000E-02    0.23617E+00    0.79714E-04    0.10605E-03    0.81031E-04    0.79714E-04    0.00000E+00    0.10605E-03    0.00000E+00    0.81031E-04    0.00000E+00    0.12626E-01    0.00000E+00    0.14564E-01    0.00000E+00    0.12730E-01    0.00000E+00    0.86639E-02    0.00000E+00    0.10699E-01    0.00000E+00    0.87656E-02    0.00000E+00    0.10655E-03    0.98052E-04    0.10608E-03    0.00000E+00    0.10655E+00    0.00000E+00    0.98052E-01    0.00000E+00    0.10608E+00    0.90625E-02    0.46163E+00    0.92770E-02    0.44284E+00    0.90744E-02    0.46062E+00    0.77010E-02    0.32956E+00    0.75710E-02    0.34913E+00    0.76938E-02    0.33064E+00
6800  9    0.90605E-04    0.88205E-04    0.90476E-04    0.18563E-04    0.72042E-01    0.17607E-04    0.70598E-01    0.18512E-04    0.71965E-01    0.88153E-02    0.37958E+00    0.88692E-02    0.37576E+00    0.88182E-02    0.37938E+00    0.68455E-02    0.22977E+00    0.69476E-02    0.26018E+00    0.68510E-02    0.23140E+00    0.64726E-04    0.66026E-04    0.64791E-04    0.64726E-04    0.00000E+00    0.66026E-04    0.00000E+00    0.64791E-04    0.00000E+00    0.11378E-01    0.00000E+00    0.11491E-01    0.00000E+00    0.11383E-01    0.00000E+00    0.93332E-02    0.00000E+00    0.10068E-01    0.00000E+00    0.93699E-02    0.00000E+00    0.10101E-03    0.96270E-04    0.10075E-03    0.00000E+00    0.10101E+00    0.00000E+00    0.96270E-01    0.00000E+00    0.10075E+00    0.75434E-02    0.44947E+00    0.76973E-02    0.43879E+00    0.75520E-02    0.44889E+00    0.58451E-02    0.32217E+00    0.58131E-02    0.35480E+00    0.58434E-02    0.32396E+00
7000  10    0.97384E-04    0.11834E-03    0.98506E-04    0.28003E-04    0.69380E-01    0.43432E-04    0.74904E-01    0.28830E-04    0.69676E-01    0.11146E-01    0.37251E+00    0.12839E-01    0.38705E+00    0.11243E-01    0.37330E+00    0.79876E-02    0.22823E+00    0.10178E-01    0.27280E+00    0.81049E-02    0.23062E+00    0.97643E-04    0.16287E-03    0.10090E-03    0.97643E-04    0.00000E+00    0.16287E-03    0.00000E+00    0.10090E-03    0.00000E+00    0.13974E-01    0.00000E+00    0.18048E-01    0.00000E+00    0.14206E-01    0.00000E+00    0.10190E-01    0.00000E+00    0.15317E-01    0.00000E+00    0.10446E-01    0.00000E+00    0.97279E-04    0.10214E-03    0.97547E-04    0.00000E+00    0.97279E-01    0.00000E+00    0.10214E+00    0.00000E+00    0.97547E-01    0.97802E-02    0.44109E+00    0.10311E-01    0.45198E+00    0.98101E-02    0.44169E+00    0.71021E-02    0.32000E+00    0.83089E-02    0.37200E+00    0.71685E-02    0.32286E+00
7200  11    0.89465E-04    0.92680E-04    0.89637E-04    0.24121E-04    0.65344E-01    0.30164E-04    0.62517E-01    0.24444E-04    0.65193E-01    0.10573E-01    0.36151E+00    0.10828E-01    0.35360E+00    0.10587E-01    0.36109E+00    0.84557E-02    0.22510E+00    0.82326E-02    0.24322E+00    0.84437E-02    0.22607E+00    0.84105E-04    0.11311E-03    0.85556E-04    0.84105E-04    0.00000E+00    0.11311E-03    0.00000E+00    0.85556E-04    0.00000E+00    0.12970E-01    0.00000E+00    0.15041E-01    0.00000E+00    0.13081E-01    0.00000E+00    0.90891E-02    0.00000E+00    0.10881E-01    0.00000E+00    0.91787E-02    0.00000E+00    0.91620E-04    0.85250E-04    0.91270E-04    0.00000E+00    0.91620E-01    0.00000E+00    0.85250E-01    0.00000E+00    0.91270E-01    0.94400E-02    0.42807E+00    0.88104E-02    0.41292E+00    0.94064E-02    0.42725E+00    0.82009E-02    0.31561E+00    0.72696E-02    0.33166E+00    0.81497E-02    0.31650E+00
7400  12    0.94334E-04    0.10544E-03    0.94929E-04    0.29380E-04    0.64954E-01    0.43438E-04    0.62002E-01    0.30133E-04    0.64796E-01    0.11534E-01    0.36043E+00    0.12412E-01    0.35214E+00    0.11583E-01    0.35999E+00    0.95767E-02    0.21549E+00    0.10150E-01    0.24373E+00    0.96074E-02    0.21700E+00    0.10244E-03    0.16289E-03    0.10547E-03    0.10244E-03    0.00000E+00    0.16289E-03    0.00000E+00    0.10547E-03    0.00000E+00    0.14314E-01    0.00000E+00    0.18049E-01    0.00000E+00    0.14524E-01    0.00000E+00    0.12073E-01    0.00000E+00    0.15525E-01    0.00000E+00    0.12246E-01    0.00000E+00    0.91073E-04    0.84548E-04    0.90714E-04    0.00000E+00    0.91073E-01    0.00000E+00    0.84548E-01    0.00000E+00    0.90714E-01    0.10205E-01    0.42679E+00    0.95717E-02    0.41121E+00    0.10172E-01    0.42594E+00    0.85728E-02    0.30214E+00    0.81949E-02    0.33236E+00    0.85520E-02    0.30380E+00
7600  13    0.81037E-04    0.91765E-04    0.81612E-04    0.21658E-04    0.59379E-01    0.25369E-04    0.66396E-01    0.21857E-04    0.59755E-01    0.11356E-01    0.34461E+00    0.12634E-01    0.36441E+00    0.11428E-01    0.34570E+00    0.10376E-01    0.21156E+00    0.11492E-01    0.26247E+00    0.10436E-01    0.21429E+00    0.75518E-04    0.95133E-04    0.76499E-04    0.75518E-04    0.00000E+00    0.95133E-04    0.00000E+00    0.76499E-04    0.00000E+00    0.12290E-01    0.00000E+00    0.13794E-01    0.00000E+00    0.12369E-01    0.00000E+00    0.10860E-01    0.00000E+00    0.12748E-01    0.00000E+00    0.10954E-01    0.00000E+00    0.83256E-04    0.90539E-04    0.83657E-04    0.00000E+00    0.83256E-01    0.00000E+00    0.90539E-01    0.00000E+00    0.83657E-01    0.10959E-01    0.40806E+00    0.12185E-01    0.42553E+00    0.11030E-01    0.40904E+00    0.10181E-01    0.29663E+00    0.11036E-01    0.35792E+00    0.10228E-01    0.30000E+00
7800  14    0.14100E-03    0.17486E-03    0.14282E-03    0.75210E-04    0.65793E-01    0.96140E-04    0.78723E-01    0.76332E-04    0.66485E-01    0.22797E-01    0.36275E+00    0.26185E-01    0.39679E+00    0.22991E-01    0.36465E+00    0.20583E-01    0.22270E+00    0.24295E-01    0.25481E+00    0.20782E-01    0.22442E+00    0.26225E-03    0.36053E-03    0.26716E-03    0.26225E-03    0.00000E+00    0.36053E-03    0.00000E+00    0.26716E-03    0.00000E+00    0.22902E-01    0.00000E+00    0.26852E-01    0.00000E+00    0.23115E-01    0.00000E+00    0.19949E-01    0.00000E+00    0.25523E-01    0.00000E+00    0.20227E-01    0.00000E+00    0.92249E-04    0.10735E-03    0.93079E-04    0.00000E+00    0.92249E-01    0.00000E+00    0.10735E+00    0.00000E+00    0.93079E-01    0.22755E-01    0.42953E+00    0.25938E-01    0.46336E+00    0.22941E-01    0.43146E+00    0.20838E-01    0.31225E+00    0.23848E-01    0.34747E+00    0.21003E-01    0.31418E+00
8000  14    0.64474E-04    0.62168E-04    0.64351E-04    0.11998E-04    0.52476E-01    0.58238E-05    0.56344E-01    0.11667E-04    0.52684E-01    0.72192E-02    0.32396E+00    0.64733E-02    0.33569E+00    0.71812E-02    0.32460E+00    0.64383E-02    0.19820E+00    0.58326E-02    0.23533E+00    0.64058E-02    0.20019E+00    0.41835E-04    0.21839E-04    0.40836E-04    0.41835E-04    0.00000E+00    0.21839E-04    0.00000E+00    0.40836E-04    0.00000E+00    0.91472E-02    0.00000E+00    0.66090E-02    0.00000E+00    0.90372E-02    0.00000E+00    0.81008E-02    0.00000E+00    0.59258E-02    0.00000E+00    0.79921E-02    0.00000E+00    0.73578E-04    0.76833E-04    0.73757E-04    0.00000E+00    0.73578E-01    0.00000E+00    0.76833E-01    0.00000E+00    0.73757E-01    0.62792E-02    0.38361E+00    0.64233E-02    0.39200E+00    0.62872E-02    0.38408E+00    0.57697E-02    0.27790E+00    0.57988E-02    0.32091E+00    0.57713E-02    0.28026E+00
8200  15    0.85766E-04    0.76680E-04    0.85280E-04    0.26559E-04    0.59208E-01    0.32837E-04    0.43843E-01    0.26895E-04    0.58385E-01    0.12135E-01    0.34412E+00    0.12905E-01    0.29612E+00    0.12178E-01    0.34172E+00    0.10297E-01    0.20775E+00    0.10962E-01    0.20641E+00    0.10333E-01    0.20768E+00    0.92606E-04    0.12314E-03    0.94132E-04    0.92606E-04    0.00000E+00    0.12314E-03    0.00000E+00    0.94132E-04    0.00000E+00    0.13609E-01    0.00000E+00    0.15693E-01    0.00000E+00    0.13721E-01    0.00000E+00    0.11610E-01    0.00000E+00    0.14448E-01    0.00000E+00    0.11752E-01    0.00000E+00    0.83016E-04    0.59786E-04    0.81738E-04    0.00000E+00    0.83016E-01    0.00000E+00    0.59786E-01    0.00000E+00    0.81738E-01    0.11489E-01    0.40747E+00    0.11728E-01    0.34579E+00    0.11503E-01    0.40432E+00    0.97697E-02    0.29130E+00    0.96950E-02    0.28147E+00    0.97656E-02    0.29076E+00
8400  16    0.88846E-04    0.73227E-04    0.88009E-04    0.41193E-04    0.47653E-01    0.13221E-04    0.60006E-01    0.39695E-04    0.48315E-01    0.16709E-01    0.30872E+00    0.13848E-01    0.34643E+00    0.16568E-01    0.31085E+00    0.15595E-01    0.18616E+00    0.12972E-01    0.24102E+00    0.15455E-01    0.18910E+00    0.14363E-03    0.49578E-04    0.13893E-03    0.14363E-03    0.00000E+00    0.49578E-04    0.00000E+00    0.13893E-03    0.00000E+00    0.16949E-01    0.00000E+00    0.99577E-02    0.00000E+00    0.16669E-01    0.00000E+00    0.15476E-01    0.00000E+00    0.92387E-02    0.00000E+00    0.15164E-01    0.00000E+00    0.66815E-04    0.81826E-04    0.67640E-04    0.00000E+00    0.66815E-01    0.00000E+00    0.81826E-01    0.00000E+00    0.67640E-01    0.16611E-01    0.36555E+00    0.15015E-01    0.40454E+00    0.16527E-01    0.36781E+00    0.15643E-01    0.26101E+00    0.14330E-01    0.32866E+00    0.15571E-01    0.26473E+00
8600  17    0.67550E-04    0.68442E-04    0.67598E-04    0.26076E-04    0.41474E-01    0.25427E-04    0.43015E-01    0.26041E-04    0.41556E-01    0.13504E-01    0.28801E+00    0.14101E-01    0.29331E+00    0.13537E-01    0.28829E+00    0.12907E-01    0.16785E+00    0.13394E-01    0.20928E+00    0.12933E-01    0.17007E+00    0.90923E-04    0.95351E-04    0.91145E-04    0.90923E-04    0.00000E+00    0.95351E-04    0.00000E+00    0.91145E-04    0.00000E+00    0.13485E-01    0.00000E+00    0.13809E-01    0.00000E+00    0.13501E-01    0.00000E+00    0.12319E-01    0.00000E+00    0.12645E-01    0.00000E+00    0.12336E-01    0.00000E+00    0.58151E-04    0.58657E-04    0.58179E-04    0.00000E+00    0.58151E-01    0.00000E+00    0.58657E-01    0.00000E+00    0.58179E-01    0.13512E-01    0.34103E+00    0.14206E-01    0.34251E+00    0.13551E-01    0.34111E+00    0.13144E-01    0.23535E+00    0.13666E-01    0.28538E+00    0.13172E-01    0.23810E+00
8800  18    0.12609E-03    0.74012E-04    0.12330E-03    0.83554E-04    0.42538E-01    0.33942E-04    0.40071E-01    0.80897E-04    0.42406E-01    0.24444E-01    0.29168E+00    0.20570E-01    0.28309E+00    0.24252E-01    0.29122E+00    0.21631E-01    0.17688E+00    0.18404E-01    0.19950E+00    0.21458E-01    0.17809E+00    0.29134E-03    0.12728E-03    0.28314E-03    0.29134E-03    0.00000E+00    0.12728E-03    0.00000E+00    0.28314E-03    0.00000E+00    0.24139E-01    0.00000E+00    0.15955E-01    0.00000E+00    0.23797E-01    0.00000E+00    0.20083E-01    0.00000E+00    0.13509E-01    0.00000E+00    0.19754E-01    0.00000E+00    0.59643E-04    0.54642E-04    0.59368E-04    0.00000E+00    0.59643E-01    0.00000E+00    0.54642E-01    0.00000E+00    0.59368E-01    0.24566E-01    0.34538E+00    0.22010E-01    0.33058E+00    0.24432E-01    0.34458E+00    0.22254E-01    0.24800E+00    0.20184E-01    0.27204E+00    0.22140E-01    0.24933E+00
9000  18    0.40704E-04    0.42378E-04    0.40794E-04    0.57205E-05    0.34984E-01    0.82354E-05    0.34143E-01    0.58552E-05    0.34939E-01    0.45096E-02    0.26451E+00    0.48344E-02    0.26131E+00    0.45276E-02    0.26434E+00    0.33954E-02    0.15722E+00    0.30105E-02    0.17666E+00    0.33748E-02    0.15826E+00    0.19947E-04    0.30883E-04    0.20493E-04    0.19947E-04    0.00000E+00    0.30883E-04    0.00000E+00    0.20493E-04    0.00000E+00    0.63161E-02    0.00000E+00    0.78591E-02    0.00000E+00    0.64021E-02    0.00000E+00    0.46955E-02    0.00000E+00    0.39633E-02    0.00000E+00    0.46588E-02    0.00000E+00    0.49052E-04    0.46558E-04    0.48914E-04    0.00000E+00    0.49052E-01    0.00000E+00    0.46558E-01    0.00000E+00    0.48914E-01    0.35316E-02    0.31321E+00    0.30676E-02    0.30515E+00    0.35076E-02    0.31278E+00    0.28727E-02    0.22044E+00    0.26640E-02    0.24090E+00    0.28612E-02    0.22157E+00
9200  19    0.41099E-04    0.43188E-04    0.41211E-04    0.69253E-05    0.34174E-01    0.90730E-05    0.34115E-01    0.70403E-05    0.34171E-01    0.66133E-02    0.26143E+00    0.62114E-02    0.26121E+00    0.65924E-02    0.26142E+00    0.57817E-02    0.15677E+00    0.50760E-02    0.17115E+00    0.57439E-02    0.15754E+00    0.24147E-04    0.34024E-04    0.24641E-04    0.24147E-04    0.00000E+00    0.34024E-04    0.00000E+00    0.24641E-04    0.00000E+00    0.69494E-02    0.00000E+00    0.82491E-02    0.00000E+00    0.70201E-02    0.00000E+00    0.56278E-02    0.00000E+00    0.59326E-02    0.00000E+00    0.56431E-02    0.00000E+00    0.47916E-04    0.46520E-04    0.47839E-04    0.00000E+00    0.47916E-01    0.00000E+00    0.46520E-01    0.00000E+00    0.47839E-01    0.64733E-02    0.30957E+00    0.52789E-02    0.30502E+00    0.64134E-02    0.30932E+00    0.58436E-02    0.21981E+00    0.47645E-02    0.23339E+00    0.57843E-02    0.22056E+00
9400  19    0.38471E-04    0.34243E-04    0.38244E-04    0.98390E-05    0.28632E-01    0.76532E-05    0.26590E-01    0.97219E-05    0.28522E-01    0.71476E-02    0.23930E+00    0.72762E-02    0.23061E+00    0.71546E-02    0.23884E+00    0.62431E-02    0.14309E+00    0.62811E-02    0.16504E+00    0.62451E-02    0.14427E+00    0.34307E-04    0.28699E-04    0.34027E-04    0.34307E-04    0.00000E+00    0.28699E-04    0.00000E+00    0.34027E-04    0.00000E+00    0.82834E-02    0.00000E+00    0.75762E-02    0.00000E+00    0.82495E-02    0.00000E+00    0.68751E-02    0.00000E+00    0.62452E-02    0.00000E+00    0.68436E-02    0.00000E+00    0.40145E-04    0.36259E-04    0.39931E-04    0.00000E+00    0.40145E-01    0.00000E+00    0.36259E-01    0.00000E+00    0.39931E-01    0.66363E-02    0.28335E+00    0.71640E-02    0.26929E+00    0.66665E-02    0.28260E+00    0.59889E-02    0.20063E+00    0.62942E-02    0.22505E+00    0.60057E-02    0.20198E+00
9600  20    0.18538E-03    0.17983E-03    0.18508E-03    0.14921E-03    0.36176E-01    0.13918E-03    0.40646E-01    0.14867E-03    0.36416E-01    0.33316E-01    0.26898E+00    0.35524E-01    0.28512E+00    0.33438E-01    0.26987E+00    0.32582E-01    0.16427E+00    0.34615E-01    0.19897E+00    0.32691E-01    0.16613E+00    0.52026E-03    0.52193E-03    0.52034E-03    0.52026E-03    0.00000E+00    0.52193E-03    0.00000E+00    0.52034E-03    0.00000E+00    0.32257E-01    0.00000E+00    0.32309E-01    0.00000E+00    0.32260E-01    0.00000E+00    0.31174E-01    0.00000E+00    0.30843E-01    0.00000E+00    0.31157E-01    0.00000E+00    0.50723E-04    0.55426E-04    0.50982E-04    0.00000E+00    0.50723E-01    0.00000E+00    0.55426E-01    0.00000E+00    0.50982E-01    0.33733E-01    0.31851E+00    0.36623E-01    0.33294E+00    0.33898E-01    0.31932E+00    0.33149E-01    0.23033E+00    0.35986E-01    0.27132E+00    0.33305E-01    0.23258E+00
9800  21    0.39909E-04    0.44565E-04    0.40158E-04    0.12720E-04    0.27189E-01    0.13780E-04    0.30785E-01    0.12776E-04    0.27382E-01    0.81935E-02    0.23319E+00    0.86225E-02    0.24813E+00    0.82171E-02    0.23402E+00    0.64962E-02    0.13643E+00    0.75709E-02    0.16762E+00    0.65538E-02    0.13811E+00    0.44352E-04    0.51675E-04    0.44718E-04    0.44352E-04    0.00000E+00    0.51675E-04    0.00000E+00    0.44718E-04    0.00000E+00    0.94182E-02    0.00000E+00    0.10166E-01    0.00000E+00    0.94570E-02    0.00000E+00    0.73633E-02    0.00000E+00    0.93773E-02    0.00000E+00    0.74640E-02    0.00000E+00    0.38122E-04    0.41980E-04    0.38334E-04    0.00000E+00    0.38122E-01    0.00000E+00    0.41980E-01    0.00000E+00    0.38334E-01    0.76460E-02    0.27612E+00    0.79875E-02    0.28976E+00    0.76651E-02    0.27689E+00    0.61475E-02    0.19130E+00    0.69140E-02    0.22858E+00    0.61897E-02    0.19335E+00
10000  22    0.44608E-04    0.47486E-04    0.44762E-04    0.17858E-04    0.26749E-01    0.25155E-04    0.22331E-01    0.18249E-04    0.26513E-01    0.10363E-01    0.23130E+00    0.10948E-01    0.21134E+00    0.10395E-01    0.23027E+00    0.86898E-02    0.13482E+00    0.91332E-02    0.13154E+00    0.87135E-02    0.13464E+00    0.62269E-04    0.94331E-04    0.63872E-04    0.62269E-04    0.00000E+00    0.94331E-04    0.00000E+00    0.63872E-04    0.00000E+00    0.11160E-01    0.00000E+00    0.13735E-01    0.00000E+00    0.11302E-01    0.00000E+00    0.93419E-02    0.00000E+00    0.12342E-01    0.00000E+00    0.94919E-02    0.00000E+00    0.37506E-04    0.30452E-04    0.37118E-04    0.00000E+00    0.37506E-01    0.00000E+00    0.30452E-01    0.00000E+00    0.37118E-01    0.10025E-01    0.27388E+00    0.97378E-02    0.24679E+00    0.10009E-01    0.27246E+00    0.84276E-02    0.18903E+00    0.79662E-02    0.17937E+00    0.84022E-02    0.18850E+00
10200  22    0.25548E-04    0.25836E-04    0.25563E-04    0.27225E-05    0.22825E-01    0.39221E-05    0.21914E-01    0.27868E-05    0.22777E-01    0.31755E-02    0.21366E+00    0.36215E-02    0.20935E+00    0.32010E-02    0.21343E+00    0.25117E-02    0.12359E+00    0.28407E-02    0.13916E+00    0.25293E-02    0.12443E+00    0.94931E-05    0.14708E-04    0.97538E-05    0.94931E-05    0.00000E+00    0.14708E-04    0.00000E+00    0.97538E-05    0.00000E+00    0.43573E-02    0.00000E+00    0.54236E-02    0.00000E+00    0.44167E-02    0.00000E+00    0.34141E-02    0.00000E+00    0.46611E-02    0.00000E+00    0.34765E-02    0.00000E+00    0.32004E-04    0.29882E-04    0.31887E-04    0.00000E+00    0.32004E-01    0.00000E+00    0.29882E-01    0.00000E+00    0.31887E-01    0.25503E-02    0.25300E+00    0.26810E-02    0.24447E+00    0.25576E-02    0.25254E+00    0.21488E-02    0.17329E+00    0.21787E-02    0.18976E+00    0.21504E-02    0.17420E+00
10400  23    0.30663E-04    0.29652E-04    0.30609E-04    0.96009E-05    0.21062E-01    0.13309E-04    0.16342E-01    0.97996E-05    0.20809E-01    0.66183E-02    0.20524E+00    0.73550E-02    0.18079E+00    0.66599E-02    0.20401E+00    0.49124E-02    0.11367E+00    0.56980E-02    0.11455E+00    0.49544E-02    0.11372E+00    0.33477E-04    0.49911E-04    0.34299E-04    0.33477E-04    0.00000E+00    0.49911E-04    0.00000E+00    0.34299E-04    0.00000E+00    0.81825E-02    0.00000E+00    0.99911E-02    0.00000E+00    0.82823E-02    0.00000E+00    0.64045E-02    0.00000E+00    0.82157E-02    0.00000E+00    0.64950E-02    0.00000E+00    0.29531E-04    0.22285E-04    0.29133E-04    0.00000E+00    0.29531E-01    0.00000E+00    0.22285E-01    0.00000E+00    0.29133E-01    0.58730E-02    0.24303E+00    0.61211E-02    0.21111E+00    0.58870E-02    0.24138E+00    0.43124E-02    0.15938E+00    0.47825E-02    0.15620E+00    0.43382E-02    0.15920E+00
10600  24    0.37697E-04    0.37387E-04    0.37681E-04    0.17428E-04    0.20269E-01    0.17245E-04    0.20142E-01    0.17418E-04    0.20262E-01    0.11072E-01    0.20134E+00    0.12475E-01    0.20071E+00    0.11152E-01    0.20131E+00    0.99092E-02    0.11687E+00    0.11232E-01    0.13862E+00    0.99801E-02    0.11804E+00    0.60770E-04    0.64667E-04    0.60965E-04    0.60770E-04    0.00000E+00    0.64667E-04    0.00000E+00    0.60965E-04    0.00000E+00    0.11024E-01    0.00000E+00    0.11373E-01    0.00000E+00    0.11042E-01    0.00000E+00    0.91532E-02    0.00000E+00    0.91777E-02    0.00000E+00    0.91544E-02    0.00000E+00    0.28420E-04    0.27467E-04    0.28367E-04    0.00000E+00    0.28420E-01    0.00000E+00    0.27467E-01    0.00000E+00    0.28367E-01    0.11092E-01    0.23841E+00    0.12852E-01    0.23438E+00    0.11196E-01    0.23819E+00    0.10213E-01    0.16387E+00    0.11979E-01    0.18902E+00    0.10310E-01    0.16526E+00
10800  24    0.20866E-04    0.18823E-04    0.20757E-04    0.35768E-05    0.17290E-01    0.30484E-05    0.15775E-01    0.35485E-05    0.17208E-01    0.36129E-02    0.18595E+00    0.35531E-02    0.17762E+00    0.36098E-02    0.18552E+00    0.28014E-02    0.10871E+00    0.29115E-02    0.11880E+00    0.28073E-02    0.10925E+00    0.12472E-04    0.11432E-04    0.12420E-04    0.12472E-04    0.00000E+00    0.11432E-04    0.00000E+00    0.12420E-04    0.00000E+00    0.49943E-02    0.00000E+00    0.47816E-02    0.00000E+00    0.49839E-02    0.00000E+00    0.39683E-02    0.00000E+00    0.40946E-02    0.00000E+00    0.39746E-02    0.00000E+00    0.24242E-04    0.21511E-04    0.24092E-04    0.00000E+00    0.24242E-01    0.00000E+00    0.21511E-01    0.00000E+00    0.24092E-01    0.28761E-02    0.22019E+00    0.29834E-02    0.20742E+00    0.28821E-02    0.21951E+00    0.23321E-02    0.15242E+00    0.24813E-02    0.16200E+00    0.23403E-02    0.15295E+00
11000  24    0.23266E-04    0.14840E-04    0.22815E-04    0.65890E-05    0.16678E-01    0.13783E-05    0.13462E-01    0.63098E-05    0.16505E-01    0.69809E-02    0.18263E+00    0.60530E-02    0.16408E+00    0.69343E-02    0.18169E+00    0.60257E-02    0.10921E+00    0.52040E-02    0.10117E+00    0.59817E-02    0.10878E+00    0.22975E-04    0.51687E-05    0.22084E-04    0.22975E-04    0.00000E+00    0.51687E-05    0.00000E+00    0.22084E-04    0.00000E+00    0.67786E-02    0.00000E+00    0.32152E-02    0.00000E+00    0.66460E-02    0.00000E+00    0.57025E-02    0.00000E+00    0.26319E-02    0.00000E+00    0.55490E-02    0.00000E+00    0.23384E-04    0.18357E-04    0.23107E-04    0.00000E+00    0.23384E-01    0.00000E+00    0.18357E-01    0.00000E+00    0.23107E-01    0.70605E-02    0.21626E+00    0.67973E-02    0.19161E+00    0.70463E-02    0.21498E+00    0.61557E-02    0.15313E+00    0.61394E-02    0.13795E+00    0.61548E-02    0.15229E+00
11200  25    0.29290E-04    0.19888E-04    0.28786E-04    0.14401E-04    0.14889E-01    0.77336E-05    0.12155E-01    0.14044E-04    0.14742E-01    0.81967E-02    0.17256E+00    0.69650E-02    0.15592E+00    0.81354E-02    0.17171E+00    0.69646E-02    0.99907E-01    0.59514E-02    0.10601E+00    0.69103E-02    0.10023E+00    0.50213E-04    0.29001E-04    0.49153E-04    0.50213E-04    0.00000E+00    0.29001E-04    0.00000E+00    0.49153E-04    0.00000E+00    0.10021E-01    0.00000E+00    0.76159E-02    0.00000E+00    0.99149E-02    0.00000E+00    0.88884E-02    0.00000E+00    0.66101E-02    0.00000E+00    0.87745E-02    0.00000E+00    0.20876E-04    0.16575E-04    0.20639E-04    0.00000E+00    0.20876E-01    0.00000E+00    0.16575E-01    0.00000E+00    0.20639E-01    0.73361E-02    0.20433E+00    0.67127E-02    0.18207E+00    0.73032E-02    0.20317E+00    0.61910E-02    0.14008E+00    0.57118E-02    0.14456E+00    0.61647E-02    0.14033E+00
11400  26    0.36883E-04    0.36629E-04    0.36870E-04    0.21842E-04    0.15041E-01    0.22391E-04    0.14238E-01    0.21871E-04    0.14998E-01    0.10866E-01    0.17344E+00    0.11162E-01    0.16875E+00    0.10882E-01    0.17320E+00    0.93195E-02    0.10343E+00    0.96127E-02    0.11731E+00    0.93352E-02    0.10418E+00    0.76159E-04    0.83966E-04    0.76550E-04    0.76159E-04    0.00000E+00    0.83966E-04    0.00000E+00    0.76550E-04    0.00000E+00    0.12342E-01    0.00000E+00    0.12959E-01    0.00000E+00    0.12373E-01    0.00000E+00    0.10905E-01    0.00000E+00    0.11467E-01    0.00000E+00    0.10933E-01    0.00000E+00    0.21090E-04    0.19415E-04    0.20998E-04    0.00000E+00    0.21090E-01    0.00000E+00    0.19415E-01    0.00000E+00    0.20998E-01    0.10213E-01    0.20538E+00    0.10432E-01    0.19705E+00    0.10225E-01    0.20493E+00    0.86819E-02    0.14503E+00    0.89382E-02    0.15997E+00    0.86960E-02    0.14585E+00
11600  27    0.29344E-04    0.25499E-04    0.29138E-04    0.15646E-04    0.13698E-01    0.16318E-04    0.91813E-02    0.15682E-04    0.13456E-01    0.82605E-02    0.16552E+00    0.76595E-02    0.13551E+00    0.82294E-02    0.16405E+00    0.67380E-02    0.97590E-01    0.57955E-02    0.86055E-01    0.66875E-02    0.96972E-01    0.54555E-04    0.61191E-04    0.54887E-04    0.54555E-04    0.00000E+00    0.61191E-04    0.00000E+00    0.54887E-04    0.00000E+00    0.10446E-01    0.00000E+00    0.11063E-01    0.00000E+00    0.10477E-01    0.00000E+00    0.88726E-02    0.00000E+00    0.83746E-02    0.00000E+00    0.88477E-02    0.00000E+00    0.19207E-04    0.12520E-04    0.18839E-04    0.00000E+00    0.19207E-01    0.00000E+00    0.12520E-01    0.00000E+00    0.18839E-01    0.71973E-02    0.19599E+00    0.59582E-02    0.15824E+00    0.71347E-02    0.19411E+00    0.58796E-02    0.13683E+00    0.48576E-02    0.11735E+00    0.58234E-02    0.13576E+00
11800  28    0.23156E-04    0.16971E-04    0.22824E-04    0.96572E-05    0.13499E-01    0.50758E-05    0.11896E-01    0.94118E-05    0.13413E-01    0.66527E-02    0.16431E+00    0.52987E-02    0.15424E+00    0.65872E-02    0.16378E+00    0.53303E-02    0.98448E-01    0.44091E-02    0.10766E+00    0.52810E-02    0.98941E-01    0.33673E-04    0.19034E-04    0.32941E-04    0.33673E-04    0.00000E+00    0.19034E-04    0.00000E+00    0.32941E-04    0.00000E+00    0.82065E-02    0.00000E+00    0.61700E-02    0.00000E+00    0.81168E-02    0.00000E+00    0.68830E-02    0.00000E+00    0.49237E-02    0.00000E+00    0.67850E-02    0.00000E+00    0.18926E-04    0.16221E-04    0.18778E-04    0.00000E+00    0.18926E-01    0.00000E+00    0.16221E-01    0.00000E+00    0.18778E-01    0.59138E-02    0.19456E+00    0.49439E-02    0.18012E+00    0.58647E-02    0.19379E+00    0.47060E-02    0.13804E+00    0.42220E-02    0.14681E+00    0.46793E-02    0.13852E+00
12000  29    0.20278E-04    0.18257E-04    0.20170E-04    0.75932E-05    0.12685E-01    0.68926E-05    0.11365E-01    0.75557E-05    0.12614E-01    0.73131E-02    0.15928E+00    0.78242E-02    0.15076E+00    0.73414E-02    0.15883E+00    0.65763E-02    0.96022E-01    0.72048E-02    0.97767E-01    0.66099E-02    0.96116E-01    0.26476E-04    0.25847E-04    0.26445E-04    0.26476E-04    0.00000E+00    0.25847E-04    0.00000E+00    0.26445E-04    0.00000E+00    0.72769E-02    0.00000E+00    0.71899E-02    0.00000E+00    0.72725E-02    0.00000E+00    0.61141E-02    0.00000E+00    0.64909E-02    0.00000E+00    0.61329E-02    0.00000E+00    0.17786E-04    0.15497E-04    0.17660E-04    0.00000E+00    0.17786E-01    0.00000E+00    0.15497E-01    0.00000E+00    0.17660E-01    0.73276E-02    0.18860E+00    0.80424E-02    0.17605E+00    0.73687E-02    0.18794E+00    0.67621E-02    0.13463E+00    0.74644E-02    0.13332E+00    0.68008E-02    0.13456E+00
12200  30    0.41105E-04    0.34741E-04    0.40764E-04    0.26607E-04    0.14498E-01    0.26018E-04    0.87231E-02    0.26575E-04    0.14189E-01    0.11713E-01    0.17028E+00    0.11078E-01    0.13208E+00    0.11680E-01    0.16845E+00    0.95850E-02    0.10458E+00    0.93822E-02    0.70834E-01    0.95741E-02    0.10278E+00    0.92774E-04    0.97568E-04    0.93014E-04    0.92774E-04    0.00000E+00    0.97568E-04    0.00000E+00    0.93014E-04    0.00000E+00    0.13622E-01    0.00000E+00    0.13969E-01    0.00000E+00    0.13639E-01    0.00000E+00    0.10935E-01    0.00000E+00    0.12364E-01    0.00000E+00    0.11007E-01    0.00000E+00    0.20328E-04    0.11895E-04    0.19864E-04    0.00000E+00    0.20328E-01    0.00000E+00    0.11895E-01    0.00000E+00    0.19864E-01    0.10851E-01    0.20163E+00    0.98186E-02    0.15424E+00    0.10797E-01    0.19932E+00    0.90421E-02    0.14664E+00    0.82981E-02    0.96592E-01    0.90011E-02    0.14389E+00
12400  30    0.19049E-04    0.13703E-04    0.18763E-04    0.78488E-05    0.11200E-01    0.63862E-05    0.73167E-02    0.77705E-05    0.10992E-01    0.59881E-02    0.14967E+00    0.58537E-02    0.12097E+00    0.59810E-02    0.14827E+00    0.50650E-02    0.85901E-01    0.50062E-02    0.70869E-01    0.50619E-02    0.85096E-01    0.27368E-04    0.23948E-04    0.27197E-04    0.27368E-04    0.00000E+00    0.23948E-04    0.00000E+00    0.27197E-04    0.00000E+00    0.73983E-02    0.00000E+00    0.69207E-02    0.00000E+00    0.73752E-02    0.00000E+00    0.63411E-02    0.00000E+00    0.55942E-02    0.00000E+00    0.63038E-02    0.00000E+00    0.15704E-04    0.99773E-05    0.15389E-04    0.00000E+00    0.15704E-01    0.00000E+00    0.99773E-02    0.00000E+00    0.15389E-01    0.53167E-02    0.17722E+00    0.54137E-02    0.14126E+00    0.53221E-02    0.17544E+00    0.45519E-02    0.12044E+00    0.47923E-02    0.96639E-01    0.45651E-02    0.11913E+00
12600  31    0.18024E-04    0.15494E-04    0.17889E-04    0.55432E-05    0.12481E-01    0.83948E-05    0.70993E-02    0.56959E-05    0.12193E-01    0.56357E-02    0.15799E+00    0.61247E-02    0.11916E+00    0.56630E-02    0.15616E+00    0.45450E-02    0.96290E-01    0.50205E-02    0.72604E-01    0.45704E-02    0.95021E-01    0.19328E-04    0.31481E-04    0.19936E-04    0.19328E-04    0.00000E+00    0.31481E-04    0.00000E+00    0.19936E-04    0.00000E+00    0.62174E-02    0.00000E+00    0.79348E-02    0.00000E+00    0.63144E-02    0.00000E+00    0.51011E-02    0.00000E+00    0.73625E-02    0.00000E+00    0.52142E-02    0.00000E+00    0.17500E-04    0.96809E-05    0.17070E-04    0.00000E+00    0.17500E-01    0.00000E+00    0.96809E-02    0.00000E+00    0.17070E-01    0.53841E-02    0.18708E+00    0.53157E-02    0.13915E+00    0.53804E-02    0.18477E+00    0.43213E-02    0.13501E+00    0.41689E-02    0.99005E-01    0.43129E-02    0.13303E+00
12800  32    0.25481E-04    0.14571E-04    0.24896E-04    0.13207E-04    0.12274E-01    0.74631E-05    0.71075E-02    0.12899E-04    0.11997E-01    0.91581E-02    0.15668E+00    0.78592E-02    0.11923E+00    0.90932E-02    0.15490E+00    0.76489E-02    0.95292E-01    0.65688E-02    0.71434E-01    0.75911E-02    0.94014E-01    0.46051E-04    0.27987E-04    0.45148E-04    0.46051E-04    0.00000E+00    0.27987E-04    0.00000E+00    0.45148E-04    0.00000E+00    0.95970E-02    0.00000E+00    0.74815E-02    0.00000E+00    0.95024E-02    0.00000E+00    0.78102E-02    0.00000E+00    0.59934E-02    0.00000E+00    0.77194E-02    0.00000E+00    0.17209E-04    0.96921E-05    0.16796E-04    0.00000E+00    0.17209E-01    0.00000E+00    0.96921E-02    0.00000E+00    0.16796E-01    0.89756E-02    0.18552E+00    0.79921E-02    0.13923E+00    0.89243E-02    0.18328E+00    0.75841E-02    0.13361E+00    0.67781E-02    0.97410E-01    0.75397E-02    0.13162E+00
13000  32    0.16387E-04    0.11895E-04    0.16147E-04    0.58598E-05    0.10527E-01    0.56731E-05    0.62218E-02    0.58498E-05    0.10297E-01    0.60511E-02    0.14510E+00    0.65140E-02    0.11155E+00    0.60768E-02    0.14350E+00    0.50898E-02    0.84634E-01    0.54803E-02    0.69245E-01    0.51107E-02    0.83810E-01    0.20432E-04    0.21274E-04    0.20474E-04    0.20432E-04    0.00000E+00    0.21274E-04    0.00000E+00    0.20474E-04    0.00000E+00    0.63925E-02    0.00000E+00    0.65229E-02    0.00000E+00    0.63991E-02    0.00000E+00    0.52722E-02    0.00000E+00    0.53367E-02    0.00000E+00    0.52754E-02    0.00000E+00    0.14761E-04    0.84842E-05    0.14415E-04    0.00000E+00    0.14761E-01    0.00000E+00    0.84842E-02    0.00000E+00    0.14415E-01    0.59083E-02    0.17182E+00    0.65107E-02    0.13026E+00    0.59430E-02    0.16980E+00    0.50165E-02    0.11867E+00    0.55325E-02    0.94425E-01    0.50449E-02    0.11733E+00
13200  33    0.61952E-04    0.83420E-04    0.63102E-04    0.50828E-04    0.11124E-01    0.77583E-04    0.58370E-02    0.52261E-04    0.10841E-01    0.17351E-01    0.14916E+00    0.19366E-01    0.10805E+00    0.17464E-01    0.14725E+00    0.14837E-01    0.88741E-01    0.17827E-01    0.64520E-01    0.14997E-01    0.87444E-01    0.17723E-03    0.29094E-03    0.18291E-03    0.17723E-03    0.00000E+00    0.29094E-03    0.00000E+00    0.18291E-03    0.00000E+00    0.18827E-01    0.00000E+00    0.24122E-01    0.00000E+00    0.19127E-01    0.00000E+00    0.15831E-01    0.00000E+00    0.22920E-01    0.00000E+00    0.16186E-01    0.00000E+00    0.15597E-04    0.79596E-05    0.15177E-04    0.00000E+00    0.15597E-01    0.00000E+00    0.79596E-02    0.00000E+00    0.15177E-01    0.16720E-01    0.17662E+00    0.17316E-01    0.12617E+00    0.16753E-01    0.17423E+00    0.14437E-01    0.12443E+00    0.15974E-01    0.87981E-01    0.14522E-01    0.12242E+00
13400  33    0.13183E-04    0.85485E-05    0.12935E-04    0.32458E-05    0.99374E-02    0.28089E-05    0.57396E-02    0.32224E-05    0.97126E-02    0.38478E-02    0.14098E+00    0.42007E-02    0.10714E+00    0.38675E-02    0.13937E+00    0.29703E-02    0.82301E-01    0.33594E-02    0.65044E-01    0.29912E-02    0.81376E-01    0.11318E-04    0.10533E-04    0.11278E-04    0.11318E-04    0.00000E+00    0.10533E-04    0.00000E+00    0.11278E-04    0.00000E+00    0.47576E-02    0.00000E+00    0.45898E-02    0.00000E+00    0.47494E-02    0.00000E+00    0.37605E-02    0.00000E+00    0.38349E-02    0.00000E+00    0.37642E-02    0.00000E+00    0.13933E-04    0.78267E-05    0.13598E-04    0.00000E+00    0.13933E-01    0.00000E+00    0.78267E-02    0.00000E+00    0.13598E-01    0.34142E-02    0.16693E+00    0.40499E-02    0.12511E+00    0.34522E-02    0.16491E+00    0.26526E-02    0.11540E+00    0.31865E-02    0.88696E-01    0.26820E-02    0.11393E+00
13600  33    0.11899E-04    0.63795E-05    0.11603E-04    0.20561E-05    0.98428E-02    0.49692E-06    0.58826E-02    0.19725E-05    0.96307E-02    0.28971E-02    0.14031E+00    0.20044E-02    0.10847E+00    0.28564E-02    0.13879E+00    0.23506E-02    0.81085E-01    0.17629E-02    0.74554E-01    0.23191E-02    0.80736E-01    0.71691E-05    0.18634E-05    0.69039E-05    0.71691E-05    0.00000E+00    0.18634E-05    0.00000E+00    0.69039E-05    0.00000E+00    0.37866E-02    0.00000E+00    0.19305E-02    0.00000E+00    0.37159E-02    0.00000E+00    0.30573E-02    0.00000E+00    0.17276E-02    0.00000E+00    0.29908E-02    0.00000E+00    0.13801E-04    0.80217E-05    0.13483E-04    0.00000E+00    0.13801E-01    0.00000E+00    0.80217E-02    0.00000E+00    0.13483E-01    0.24500E-02    0.16614E+00    0.20306E-02    0.12666E+00    0.24289E-02    0.16421E+00    0.20664E-02    0.11369E+00    0.17757E-02    0.10166E+00    0.20505E-02    0.11303E+00
13800  34    0.13234E-04    0.89078E-05    0.13002E-04    0.32403E-05    0.99936E-02    0.28352E-05    0.60726E-02    0.32186E-05    0.97835E-02    0.37988E-02    0.14138E+00    0.34179E-02    0.11020E+00    0.37793E-02    0.13988E+00    0.30104E-02    0.84073E-01    0.27828E-02    0.69862E-01    0.29982E-02    0.83312E-01    0.11299E-04    0.10632E-04    0.11265E-04    0.11299E-04    0.00000E+00    0.10632E-04    0.00000E+00    0.11265E-04    0.00000E+00    0.47536E-02    0.00000E+00    0.46113E-02    0.00000E+00    0.47466E-02    0.00000E+00    0.38637E-02    0.00000E+00    0.41305E-02    0.00000E+00    0.38770E-02    0.00000E+00    0.14012E-04    0.82808E-05    0.13697E-04    0.00000E+00    0.14012E-01    0.00000E+00    0.82808E-02    0.00000E+00    0.13697E-01    0.33387E-02    0.16740E+00    0.28631E-02    0.12869E+00    0.33143E-02    0.16551E+00    0.26673E-02    0.11788E+00    0.22927E-02    0.95266E-01    0.26467E-02    0.11664E+00
14000  35    0.24271E-04    0.17809E-04    0.23925E-04    0.14228E-04    0.10043E-01    0.10118E-04    0.76906E-02    0.14008E-04    0.99165E-02    0.10216E-01    0.14172E+00    0.90703E-02    0.12402E+00    0.10158E-01    0.14083E+00    0.94159E-02    0.87288E-01    0.82366E-02    0.89270E-01    0.93527E-02    0.87394E-01    0.49612E-04    0.37943E-04    0.49028E-04    0.49612E-04    0.00000E+00    0.37943E-04    0.00000E+00    0.49028E-04    0.00000E+00    0.99611E-02    0.00000E+00    0.87113E-02    0.00000E+00    0.99023E-02    0.00000E+00    0.87608E-02    0.00000E+00    0.72546E-02    0.00000E+00    0.86855E-02    0.00000E+00    0.14081E-04    0.10487E-04    0.13883E-04    0.00000E+00    0.14081E-01    0.00000E+00    0.10487E-01    0.00000E+00    0.13883E-01    0.10316E-01    0.16781E+00    0.91974E-02    0.14483E+00    0.10258E-01    0.16663E+00    0.96793E-02    0.12239E+00    0.85937E-02    0.12173E+00    0.96196E-02    0.12235E+00
14200  36    0.19631E-04    0.11118E-04    0.19175E-04    0.10095E-04    0.95361E-02    0.59307E-05    0.51869E-02    0.98718E-05    0.93032E-02    0.76840E-02    0.13810E+00    0.66822E-02    0.10185E+00    0.76337E-02    0.13640E+00    0.64683E-02    0.81867E-01    0.56443E-02    0.67863E-01    0.64241E-02    0.81117E-01    0.35199E-04    0.22240E-04    0.34551E-04    0.35199E-04    0.00000E+00    0.22240E-04    0.00000E+00    0.34551E-04    0.00000E+00    0.83904E-02    0.00000E+00    0.66693E-02    0.00000E+00    0.83128E-02    0.00000E+00    0.69406E-02    0.00000E+00    0.54493E-02    0.00000E+00    0.68660E-02    0.00000E+00    0.13371E-04    0.70730E-05    0.13024E-04    0.00000E+00    0.13371E-01    0.00000E+00    0.70730E-02    0.00000E+00    0.13024E-01    0.73809E-02    0.16353E+00    0.66869E-02    0.11894E+00    0.73444E-02    0.16140E+00    0.62783E-02    0.11479E+00    0.57152E-02    0.92540E-01    0.62473E-02    0.11356E+00
14400  37    0.19305E-04    0.14620E-04    0.19054E-04    0.81391E-05    0.11166E-01    0.74983E-05    0.71216E-02    0.81048E-05    0.10949E-01    0.80146E-02    0.14944E+00    0.83378E-02    0.11935E+00    0.80323E-02    0.14798E+00    0.74309E-02    0.90356E-01    0.77531E-02    0.83250E-01    0.74481E-02    0.89975E-01    0.28380E-04    0.28119E-04    0.28367E-04    0.28380E-04    0.00000E+00    0.28119E-04    0.00000E+00    0.28367E-04    0.00000E+00    0.75339E-02    0.00000E+00    0.74991E-02    0.00000E+00    0.75322E-02    0.00000E+00    0.67192E-02    0.00000E+00    0.67157E-02    0.00000E+00    0.67190E-02    0.00000E+00    0.15656E-04    0.97113E-05    0.15329E-04    0.00000E+00    0.15656E-01    0.00000E+00    0.97113E-02    0.00000E+00    0.15329E-01    0.82000E-02    0.17695E+00    0.86226E-02    0.13937E+00    0.82238E-02    0.17509E+00    0.77171E-02    0.12669E+00    0.81303E-02    0.11352E+00    0.77398E-02    0.12597E+00
14600  38    0.35552E-04    0.19123E-04    0.34672E-04    0.26092E-04    0.94599E-02    0.13912E-04    0.52112E-02    0.25439E-04    0.92323E-02    0.13068E-01    0.13755E+00    0.11997E-01    0.10209E+00    0.13013E-01    0.13588E+00    0.11457E-01    0.79474E-01    0.10325E-01    0.67906E-01    0.11397E-01    0.78854E-01    0.90979E-04    0.52168E-04    0.89038E-04    0.90979E-04    0.00000E+00    0.52168E-04    0.00000E+00    0.89038E-04    0.00000E+00    0.13489E-01    0.00000E+00    0.10215E-01    0.00000E+00    0.13345E-01    0.00000E+00    0.11210E-01    0.00000E+00    0.72878E-02    0.00000E+00    0.11014E-01    0.00000E+00    0.13264E-04    0.71062E-05    0.12925E-04    0.00000E+00    0.13264E-01    0.00000E+00    0.71062E-02    0.00000E+00    0.12925E-01    0.12895E-01    0.16287E+00    0.12583E-01    0.11922E+00    0.12878E-01    0.16078E+00    0.11556E-01    0.11143E+00    0.11430E-01    0.92599E-01    0.11549E-01    0.11040E+00
14800  38    0.10372E-04    0.58964E-05    0.10133E-04    0.10792E-05    0.92933E-02    0.10075E-05    0.48889E-02    0.10754E-05    0.90573E-02    0.21550E-02    0.13633E+00    0.21359E-02    0.98883E-01    0.21540E-02    0.13459E+00    0.16512E-02    0.80873E-01    0.16407E-02    0.58477E-01    0.16506E-02    0.79673E-01    0.37630E-05    0.37782E-05    0.37638E-05    0.37630E-05    0.00000E+00    0.37782E-05    0.00000E+00    0.37638E-05    0.00000E+00    0.27434E-02    0.00000E+00    0.27489E-02    0.00000E+00    0.27436E-02    0.00000E+00    0.22158E-02    0.00000E+00    0.21317E-02    0.00000E+00    0.22116E-02    0.00000E+00    0.13030E-04    0.66667E-05    0.12680E-04    0.00000E+00    0.13030E-01    0.00000E+00    0.66667E-02    0.00000E+00    0.12680E-01    0.18668E-02    0.16143E+00    0.18637E-02    0.11547E+00    0.18666E-02    0.15925E+00    0.14241E-02    0.11339E+00    0.14621E-02    0.79741E-01    0.14262E-02    0.11154E+00
15000  39    0.59694E-04    0.24688E-04    0.57819E-04    0.46954E-04    0.12741E-01    0.17260E-04    0.74282E-02    0.45363E-04    0.12456E-01    0.18126E-01    0.15963E+00    0.15315E-01    0.12189E+00    0.17986E-01    0.15784E+00    0.15141E-01    0.10132E+00    0.12492E-01    0.76968E-01    0.14999E-01    0.10001E+00    0.16372E-03    0.64724E-04    0.15877E-03    0.16372E-03    0.00000E+00    0.64724E-04    0.00000E+00    0.15877E-03    0.00000E+00    0.18095E-01    0.00000E+00    0.11378E-01    0.00000E+00    0.17820E-01    0.00000E+00    0.14668E-01    0.00000E+00    0.82383E-02    0.00000E+00    0.14346E-01    0.00000E+00    0.17864E-04    0.10129E-04    0.17438E-04    0.00000E+00    0.17864E-01    0.00000E+00    0.10129E-01    0.00000E+00    0.17438E-01    0.18138E-01    0.18902E+00    0.16515E-01    0.14233E+00    0.18053E-01    0.18675E+00    0.15332E-01    0.14206E+00    0.14039E-01    0.10496E+00    0.15260E-01    0.14002E+00
15200  40    0.33440E-04    0.37855E-04    0.33676E-04    0.23162E-04    0.10277E-01    0.32467E-04    0.53879E-02    0.23661E-04    0.10016E-01    0.10942E-01    0.14337E+00    0.13007E-01    0.10381E+00    0.11063E-01    0.14153E+00    0.83394E-02    0.89391E-01    0.10485E-01    0.63987E-01    0.84544E-02    0.88030E-01    0.80763E-04    0.12175E-03    0.82812E-04    0.80763E-04    0.00000E+00    0.12175E-03    0.00000E+00    0.82812E-04    0.00000E+00    0.12709E-01    0.00000E+00    0.15604E-01    0.00000E+00    0.12869E-01    0.00000E+00    0.98539E-02    0.00000E+00    0.12561E-01    0.00000E+00    0.99892E-02    0.00000E+00    0.14410E-04    0.73472E-05    0.14022E-04    0.00000E+00    0.14410E-01    0.00000E+00    0.73472E-02    0.00000E+00    0.14022E-01    0.10145E-01    0.16977E+00    0.11923E-01    0.12122E+00    0.10251E-01    0.16746E+00    0.77304E-02    0.12534E+00    0.97304E-02    0.87255E-01    0.78404E-02    0.12324E+00
15400  41    0.11017E-04    0.59703E-05    0.10747E-04    0.20593E-05    0.89577E-02    0.18734E-05    0.40969E-02    0.20493E-05    0.86973E-02    0.30783E-02    0.13385E+00    0.26676E-02    0.90519E-01    0.30577E-02    0.13189E+00    0.24340E-02    0.76989E-01    0.21861E-02    0.55400E-01    0.24207E-02    0.75832E-01    0.71803E-05    0.70253E-05    0.71726E-05    0.71803E-05    0.00000E+00    0.70253E-05    0.00000E+00    0.71726E-05    0.00000E+00    0.37895E-02    0.00000E+00    0.37484E-02    0.00000E+00    0.37875E-02    0.00000E+00    0.30806E-02    0.00000E+00    0.32600E-02    0.00000E+00    0.30896E-02    0.00000E+00    0.12560E-04    0.55867E-05    0.12176E-04    0.00000E+00    0.12560E-01    0.00000E+00    0.55867E-02    0.00000E+00    0.12176E-01    0.27407E-02    0.15849E+00    0.21435E-02    0.10570E+00    0.27113E-02    0.15605E+00    0.21739E-02    0.10795E+00    0.17956E-02    0.75546E-01    0.21531E-02    0.10617E+00
15600  42    0.13098E-04    0.78196E-05    0.12815E-04    0.38243E-05    0.92739E-02    0.20459E-05    0.57737E-02    0.37290E-05    0.90864E-02    0.43055E-02    0.13619E+00    0.39306E-02    0.10746E+00    0.42863E-02    0.13481E+00    0.36814E-02    0.81222E-01    0.34916E-02    0.76326E-01    0.36712E-02    0.80960E-01    0.13335E-04    0.76720E-05    0.13052E-04    0.13335E-04    0.00000E+00    0.76720E-05    0.00000E+00    0.13052E-04    0.00000E+00    0.51642E-02    0.00000E+00    0.39171E-02    0.00000E+00    0.51091E-02    0.00000E+00    0.45481E-02    0.00000E+00    0.35779E-02    0.00000E+00    0.44996E-02    0.00000E+00    0.13003E-04    0.78733E-05    0.12721E-04    0.00000E+00    0.13003E-01    0.00000E+00    0.78733E-02    0.00000E+00    0.12721E-01    0.39074E-02    0.16126E+00    0.39354E-02    0.12549E+00    0.39089E-02    0.15950E+00    0.33329E-02    0.11388E+00    0.34602E-02    0.10408E+00    0.33399E-02    0.11334E+00
15800  43    0.29033E-04    0.20912E-04    0.28598E-04    0.19134E-04    0.98995E-02    0.14508E-04    0.64040E-02    0.18886E-04    0.97123E-02    0.10080E-01    0.14071E+00    0.10511E-01    0.11317E+00    0.10104E-01    0.13937E+00    0.84501E-02    0.85613E-01    0.90758E-02    0.82457E-01    0.84837E-02    0.85444E-01    0.66716E-04    0.54407E-04    0.66101E-04    0.66716E-04    0.00000E+00    0.54407E-04    0.00000E+00    0.66101E-04    0.00000E+00    0.11551E-01    0.00000E+00    0.10431E-01    0.00000E+00    0.11498E-01    0.00000E+00    0.10025E-01    0.00000E+00    0.92921E-02    0.00000E+00    0.99887E-02    0.00000E+00    0.13880E-04    0.87327E-05    0.13597E-04    0.00000E+00    0.13880E-01    0.00000E+00    0.87327E-02    0.00000E+00    0.13597E-01    0.94242E-02    0.16662E+00    0.10540E-01    0.13216E+00    0.94890E-02    0.16491E+00    0.78167E-02    0.12004E+00    0.89971E-02    0.11244E+00    0.78817E-02    0.11962E+00
16000  44    0.21166E-04    0.16676E-04    0.20926E-04    0.11569E-04    0.95970E-02    0.98924E-05    0.67839E-02    0.11479E-04    0.94463E-02    0.78470E-02    0.13854E+00    0.84018E-02    0.11648E+00    0.78777E-02    0.13745E+00    0.65271E-02    0.85261E-01    0.70718E-02    0.83638E-01    0.65563E-02    0.85174E-01    0.40339E-04    0.37096E-04    0.40177E-04    0.40339E-04    0.00000E+00    0.37096E-04    0.00000E+00    0.40177E-04    0.00000E+00    0.89821E-02    0.00000E+00    0.86135E-02    0.00000E+00    0.89640E-02    0.00000E+00    0.75139E-02    0.00000E+00    0.71141E-02    0.00000E+00    0.74939E-02    0.00000E+00    0.13456E-04    0.92508E-05    0.13225E-04    0.00000E+00    0.13456E-01    0.00000E+00    0.92508E-02    0.00000E+00    0.13225E-01    0.73413E-02    0.16405E+00    0.83234E-02    0.13602E+00    0.73987E-02    0.16263E+00    0.61303E-02    0.11955E+00    0.70564E-02    0.11405E+00    0.61812E-02    0.11924E+00
16200  45    0.12009E-04    0.10151E-04    0.11910E-04    0.37501E-05    0.82592E-02    0.52829E-05    0.48682E-02    0.38322E-05    0.80775E-02    0.40990E-02    0.12852E+00    0.45452E-02    0.98673E-01    0.41242E-02    0.12710E+00    0.32322E-02    0.76324E-01    0.36974E-02    0.64889E-01    0.32571E-02    0.75712E-01    0.13076E-04    0.19811E-04    0.13413E-04    0.13076E-04    0.00000E+00    0.19811E-04    0.00000E+00    0.13413E-04    0.00000E+00    0.51139E-02    0.00000E+00    0.62946E-02    0.00000E+00    0.51793E-02    0.00000E+00    0.41735E-02    0.00000E+00    0.50754E-02    0.00000E+00    0.42186E-02    0.00000E+00    0.11580E-04    0.66385E-05    0.11309E-04    0.00000E+00    0.11580E-01    0.00000E+00    0.66385E-02    0.00000E+00    0.11309E-01    0.36114E-02    0.15219E+00    0.37099E-02    0.11523E+00    0.36169E-02    0.15039E+00    0.28537E-02    0.10702E+00    0.31963E-02    0.88485E-01    0.28726E-02    0.10600E+00
16400  46    0.22699E-04    0.12506E-04    0.22153E-04    0.12974E-04    0.97252E-02    0.64454E-05    0.60609E-02    0.12624E-04    0.95289E-02    0.10059E-01    0.13946E+00    0.86652E-02    0.11010E+00    0.99890E-02    0.13805E+00    0.88978E-02    0.86529E-01    0.76531E-02    0.84910E-01    0.88311E-02    0.86443E-01    0.45239E-04    0.24170E-04    0.44185E-04    0.45239E-04    0.00000E+00    0.24170E-04    0.00000E+00    0.44185E-04    0.00000E+00    0.95120E-02    0.00000E+00    0.69527E-02    0.00000E+00    0.94006E-02    0.00000E+00    0.80241E-02    0.00000E+00    0.58310E-02    0.00000E+00    0.79144E-02    0.00000E+00    0.13636E-04    0.82649E-05    0.13340E-04    0.00000E+00    0.13636E-01    0.00000E+00    0.82649E-02    0.00000E+00    0.13340E-01    0.10270E-01    0.16514E+00    0.92093E-02    0.12857E+00    0.10215E-01    0.16334E+00    0.92491E-02    0.12132E+00    0.83157E-02    0.11579E+00    0.91978E-02    0.12102E+00
16600  47    0.56246E-04    0.42198E-04    0.55493E-04    0.43970E-04    0.12276E-01    0.36090E-04    0.61080E-02    0.43548E-04    0.11945E-01    0.14444E-01    0.15669E+00    0.11739E-01    0.11053E+00    0.14312E-01    0.15457E+00    0.12112E-01    0.10002E+00    0.97115E-02    0.81730E-01    0.11984E-01    0.99036E-01    0.15332E-03    0.13534E-03    0.15242E-03    0.15332E-03    0.00000E+00    0.13534E-03    0.00000E+00    0.15242E-03    0.00000E+00    0.17511E-01    0.00000E+00    0.16452E-01    0.00000E+00    0.17460E-01    0.00000E+00    0.15247E-01    0.00000E+00    0.14194E-01    0.00000E+00    0.15194E-01    0.00000E+00    0.17212E-04    0.83291E-05    0.16723E-04    0.00000E+00    0.17212E-01    0.00000E+00    0.83291E-02    0.00000E+00    0.16723E-01    0.13009E-01    0.18554E+00    0.94601E-02    0.12907E+00    0.12839E-01    0.18288E+00    0.10852E-01    0.14023E+00    0.80815E-02    0.11145E+00    0.10700E-01    0.13865E+00
16800  47    0.88509E-05    0.48745E-05    0.86379E-05    0.81683E-06    0.80341E-02    0.27087E-06    0.46036E-02    0.78758E-06    0.78503E-02    0.15750E-02    0.12676E+00    0.10802E-02    0.95955E-01    0.15525E-02    0.12530E+00    0.11649E-02    0.76289E-01    0.93589E-03    0.67991E-01    0.11526E-02    0.75845E-01    0.28482E-05    0.10158E-05    0.27565E-05    0.28482E-05    0.00000E+00    0.10158E-05    0.00000E+00    0.27565E-05    0.00000E+00    0.23867E-02    0.00000E+00    0.14253E-02    0.00000E+00    0.23480E-02    0.00000E+00    0.18961E-02    0.00000E+00    0.13112E-02    0.00000E+00    0.18669E-02    0.00000E+00    0.11265E-04    0.62777E-05    0.10990E-04    0.00000E+00    0.11265E-01    0.00000E+00    0.62777E-02    0.00000E+00    0.10990E-01    0.10898E-02    0.15010E+00    0.92324E-03    0.11205E+00    0.10813E-02    0.14826E+00    0.87082E-03    0.10697E+00    0.79942E-03    0.92715E-01    0.86689E-03    0.10618E+00
17000  47    0.10144E-04    0.41091E-05    0.98207E-05    0.15517E-05    0.85923E-02    0.38453E-06    0.37245E-02    0.14892E-05    0.83315E-02    0.27727E-02    0.13109E+00    0.20751E-02    0.86308E-01    0.27398E-02    0.12909E+00    0.20381E-02    0.78850E-01    0.17632E-02    0.58337E-01    0.20234E-02    0.77751E-01    0.54106E-05    0.14420E-05    0.52121E-05    0.54106E-05    0.00000E+00    0.14420E-05    0.00000E+00    0.52121E-05    0.00000E+00    0.32896E-02    0.00000E+00    0.16982E-02    0.00000E+00    0.32287E-02    0.00000E+00    0.23595E-02    0.00000E+00    0.14735E-02    0.00000E+00    0.23152E-02    0.00000E+00    0.12047E-04    0.50789E-05    0.11664E-04    0.00000E+00    0.12047E-01    0.00000E+00    0.50789E-02    0.00000E+00    0.11664E-01    0.25353E-02    0.15522E+00    0.21962E-02    0.10079E+00    0.25179E-02    0.15274E+00    0.19088E-02    0.11056E+00    0.18686E-02    0.79551E-01    0.19066E-02    0.10885E+00
17200  48    0.12965E-04    0.10422E-04    0.12828E-04    0.48275E-05    0.81371E-02    0.61334E-05    0.42882E-02    0.48975E-05    0.79309E-02    0.51092E-02    0.12757E+00    0.53320E-02    0.92609E-01    0.51214E-02    0.12594E+00    0.41173E-02    0.76185E-01    0.44124E-02    0.63338E-01    0.41331E-02    0.75497E-01    0.16833E-04    0.23000E-04    0.17141E-04    0.16833E-04    0.00000E+00    0.23000E-04    0.00000E+00    0.17141E-04    0.00000E+00    0.58022E-02    0.00000E+00    0.67824E-02    0.00000E+00    0.58551E-02    0.00000E+00    0.46910E-02    0.00000E+00    0.56862E-02    0.00000E+00    0.47407E-02    0.00000E+00    0.11409E-04    0.58475E-05    0.11103E-04    0.00000E+00    0.11409E-01    0.00000E+00    0.58475E-02    0.00000E+00    0.11103E-01    0.48025E-02    0.15106E+00    0.46948E-02    0.10814E+00    0.47966E-02    0.14902E+00    0.38866E-02    0.10682E+00    0.39491E-02    0.86369E-01    0.38901E-02    0.10570E+00
17400  49    0.58597E-04    0.24804E-04    0.56786E-04    0.41652E-04    0.16945E-01    0.16842E-04    0.79617E-02    0.40323E-04    0.16464E-01    0.16016E-01    0.18409E+00    0.12173E-01    0.12619E+00    0.15833E-01    0.18146E+00    0.13206E-01    0.12008E+00    0.10438E-01    0.87086E-01    0.13058E-01    0.11831E+00    0.14523E-03    0.63158E-04    0.14113E-03    0.14523E-03    0.00000E+00    0.63158E-04    0.00000E+00    0.14113E-03    0.00000E+00    0.17043E-01    0.00000E+00    0.11239E-01    0.00000E+00    0.16801E-01    0.00000E+00    0.14341E-01    0.00000E+00    0.98106E-02    0.00000E+00    0.14115E-01    0.00000E+00    0.23759E-04    0.10857E-04    0.23049E-04    0.00000E+00    0.23759E-01    0.00000E+00    0.10857E-01    0.00000E+00    0.23049E-01    0.15583E-01    0.21799E+00    0.12495E-01    0.14736E+00    0.15430E-01    0.21471E+00    0.12750E-01    0.16836E+00    0.10666E-01    0.11875E+00    0.12635E-01    0.16563E+00
17600  50    0.11131E-04    0.63055E-05    0.10872E-04    0.25295E-05    0.86011E-02    0.22254E-05    0.40801E-02    0.25132E-05    0.83589E-02    0.33325E-02    0.13116E+00    0.25509E-02    0.90333E-01    0.32953E-02    0.12930E+00    0.24951E-02    0.76866E-01    0.19017E-02    0.55445E-01    0.24633E-02    0.75719E-01    0.88199E-05    0.83453E-05    0.87962E-05    0.88199E-05    0.00000E+00    0.83453E-05    0.00000E+00    0.87962E-05    0.00000E+00    0.42000E-02    0.00000E+00    0.40854E-02    0.00000E+00    0.41943E-02    0.00000E+00    0.33357E-02    0.00000E+00    0.34391E-02    0.00000E+00    0.33409E-02    0.00000E+00    0.12060E-04    0.55637E-05    0.11702E-04    0.00000E+00    0.12060E-01    0.00000E+00    0.55637E-02    0.00000E+00    0.11702E-01    0.29117E-02    0.15530E+00    0.16744E-02    0.10549E+00    0.28576E-02    0.15299E+00    0.21570E-02    0.10778E+00    0.13426E-02    0.75607E-01    0.21122E-02    0.10601E+00
17800  51    0.13230E-04    0.11370E-04    0.13130E-04    0.53371E-05    0.78930E-02    0.73103E-05    0.40595E-02    0.54428E-05    0.76876E-02    0.51387E-02    0.12564E+00    0.57896E-02    0.90105E-01    0.51756E-02    0.12400E+00    0.43613E-02    0.73038E-01    0.50440E-02    0.64302E-01    0.43979E-02    0.72570E-01    0.18610E-04    0.27414E-04    0.19050E-04    0.18610E-04    0.00000E+00    0.27414E-04    0.00000E+00    0.19050E-04    0.00000E+00    0.61008E-02    0.00000E+00    0.74046E-02    0.00000E+00    0.61725E-02    0.00000E+00    0.52196E-02    0.00000E+00    0.70959E-02    0.00000E+00    0.53134E-02    0.00000E+00    0.11067E-04    0.55356E-05    0.10763E-04    0.00000E+00    0.11067E-01    0.00000E+00    0.55356E-02    0.00000E+00    0.10763E-01    0.46966E-02    0.14877E+00    0.50765E-02    0.10522E+00    0.47183E-02    0.14671E+00    0.40162E-02    0.10241E+00    0.42978E-02    0.87685E-01    0.40317E-02    0.10160E+00
18000  52    0.17029E-04    0.71049E-05    0.16497E-04    0.91514E-05    0.78776E-02    0.31616E-05    0.39433E-02    0.88305E-05    0.76668E-02    0.75421E-02    0.12552E+00    0.57659E-02    0.88806E-01    0.74577E-02    0.12383E+00    0.65219E-02    0.75769E-01    0.50205E-02    0.58139E-01    0.64415E-02    0.74824E-01    0.31909E-04    0.11856E-04    0.30907E-04    0.31909E-04    0.00000E+00    0.11856E-04    0.00000E+00    0.30907E-04    0.00000E+00    0.79887E-02    0.00000E+00    0.48695E-02    0.00000E+00    0.78622E-02    0.00000E+00    0.64754E-02    0.00000E+00    0.35434E-02    0.00000E+00    0.63288E-02    0.00000E+00    0.11045E-04    0.53772E-05    0.10734E-04    0.00000E+00    0.11045E-01    0.00000E+00    0.53772E-02    0.00000E+00    0.10734E-01    0.73549E-02    0.14863E+00    0.60590E-02    0.10370E+00    0.72896E-02    0.14652E+00    0.65406E-02    0.10624E+00    0.55576E-02    0.79281E-01    0.64865E-02    0.10475E+00
18200  53    0.17776E-04    0.15028E-04    0.17629E-04    0.94482E-05    0.83276E-02    0.10254E-04    0.47741E-02    0.94914E-05    0.81373E-02    0.72420E-02    0.12906E+00    0.72975E-02    0.97715E-01    0.72450E-02    0.12757E+00    0.60253E-02    0.79533E-01    0.61289E-02    0.65529E-01    0.60309E-02    0.78783E-01    0.32945E-04    0.38453E-04    0.33220E-04    0.32945E-04    0.00000E+00    0.38453E-04    0.00000E+00    0.33220E-04    0.00000E+00    0.81172E-02    0.00000E+00    0.87696E-02    0.00000E+00    0.81511E-02    0.00000E+00    0.67497E-02    0.00000E+00    0.78208E-02    0.00000E+00    0.68032E-02    0.00000E+00    0.11676E-04    0.65101E-05    0.11392E-04    0.00000E+00    0.11676E-01    0.00000E+00    0.65101E-02    0.00000E+00    0.11392E-01    0.68586E-02    0.15282E+00    0.66823E-02    0.11411E+00    0.68491E-02    0.15094E+00    0.57341E-02    0.11151E+00    0.55137E-02    0.89358E-01    0.57220E-02    0.11030E+00
18400  54    0.89353E-05    0.51809E-05    0.87342E-05    0.10088E-05    0.79265E-02    0.25805E-06    0.49228E-02    0.96860E-06    0.77656E-02    0.18892E-02    0.12591E+00    0.14690E-02    0.99225E-01    0.18690E-02    0.12462E+00    0.14524E-02    0.78159E-01    0.11755E-02    0.74848E-01    0.14376E-02    0.77982E-01    0.35176E-05    0.96768E-06    0.33901E-05    0.35176E-05    0.00000E+00    0.96768E-06    0.00000E+00    0.33901E-05    0.00000E+00    0.26524E-02    0.00000E+00    0.13912E-02    0.00000E+00    0.26039E-02    0.00000E+00    0.21453E-02    0.00000E+00    0.11428E-02    0.00000E+00    0.20952E-02    0.00000E+00    0.11114E-04    0.67129E-05    0.10872E-04    0.00000E+00    0.11114E-01    0.00000E+00    0.67129E-02    0.00000E+00    0.10872E-01    0.14748E-02    0.14909E+00    0.14963E-02    0.11587E+00    0.14760E-02    0.14746E+00    0.11738E-02    0.10959E+00    0.11874E-02    0.10207E+00    0.11746E-02    0.10917E+00
18600  55    0.46621E-04    0.24332E-04    0.45427E-04    0.29360E-04    0.17261E-01    0.11812E-04    0.12520E-01    0.28420E-04    0.17007E-01    0.14752E-01    0.18580E+00    0.12503E-01    0.15824E+00    0.14640E-01    0.18443E+00    0.11771E-01    0.11333E+00    0.98195E-02    0.11328E+00    0.11666E-01    0.11333E+00    0.10237E-03    0.44297E-04    0.99469E-04    0.10237E-03    0.00000E+00    0.44297E-04    0.00000E+00    0.99469E-04    0.00000E+00    0.14309E-01    0.00000E+00    0.94124E-02    0.00000E+00    0.14105E-01    0.00000E+00    0.10597E-01    0.00000E+00    0.63259E-02    0.00000E+00    0.10384E-01    0.00000E+00    0.24202E-04    0.17073E-04    0.23810E-04    0.00000E+00    0.24202E-01    0.00000E+00    0.17073E-01    0.00000E+00    0.23810E-01    0.14926E-01    0.22001E+00    0.13452E-01    0.18478E+00    0.14849E-01    0.21822E+00    0.12243E-01    0.15890E+00    0.11090E-01    0.15447E+00    0.12180E-01    0.15866E+00
18800  56    0.24172E-04    0.20830E-04    0.23993E-04    0.16039E-04    0.81327E-02    0.16660E-04    0.41708E-02    0.16072E-04    0.79204E-02    0.90373E-02    0.12754E+00    0.10077E-01    0.91333E-01    0.90960E-02    0.12586E+00    0.70315E-02    0.75809E-01    0.80807E-02    0.57148E-01    0.70877E-02    0.74809E-01    0.55926E-04    0.62473E-04    0.56254E-04    0.55926E-04    0.00000E+00    0.62473E-04    0.00000E+00    0.56254E-04    0.00000E+00    0.10576E-01    0.00000E+00    0.11178E-01    0.00000E+00    0.10607E-01    0.00000E+00    0.84444E-02    0.00000E+00    0.87414E-02    0.00000E+00    0.84592E-02    0.00000E+00    0.11403E-04    0.56875E-05    0.11089E-04    0.00000E+00    0.11403E-01    0.00000E+00    0.56875E-02    0.00000E+00    0.11089E-01    0.83389E-02    0.15102E+00    0.96454E-02    0.10665E+00    0.84160E-02    0.14892E+00    0.64634E-02    0.10629E+00    0.78404E-02    0.77929E-01    0.65391E-02    0.10473E+00
19000  57    0.18977E-04    0.11301E-04    0.18566E-04    0.11941E-04    0.70359E-02    0.74236E-05    0.38776E-02    0.11699E-04    0.68668E-02    0.84703E-02    0.11863E+00    0.71788E-02    0.88064E-01    0.84062E-02    0.11719E+00    0.74148E-02    0.71945E-01    0.63203E-02    0.61594E-01    0.73562E-02    0.71390E-01    0.41637E-04    0.27838E-04    0.40947E-04    0.41637E-04    0.00000E+00    0.27838E-04    0.00000E+00    0.40947E-04    0.00000E+00    0.91254E-02    0.00000E+00    0.74617E-02    0.00000E+00    0.90495E-02    0.00000E+00    0.72771E-02    0.00000E+00    0.53456E-02    0.00000E+00    0.71805E-02    0.00000E+00    0.98652E-05    0.52877E-05    0.96135E-05    0.00000E+00    0.98652E-02    0.00000E+00    0.52877E-02    0.00000E+00    0.96135E-02    0.81921E-02    0.14047E+00    0.70731E-02    0.10284E+00    0.81346E-02    0.13866E+00    0.74702E-02    0.10087E+00    0.66748E-02    0.83991E-01    0.74264E-02    0.99946E-01
19200  58    0.19005E-03    0.30243E-03    0.19607E-03    0.17262E-03    0.17431E-01    0.28185E-03    0.20581E-01    0.17847E-03    0.17599E-01    0.34133E-01    0.18671E+00    0.39888E-01    0.20288E+00    0.34465E-01    0.18761E+00    0.28870E-01    0.12420E+00    0.36531E-01    0.14418E+00    0.29281E-01    0.12527E+00    0.60191E-03    0.10569E-02    0.62466E-03    0.60191E-03    0.00000E+00    0.10569E-02    0.00000E+00    0.62466E-03    0.00000E+00    0.34696E-01    0.00000E+00    0.45977E-01    0.00000E+00    0.35346E-01    0.00000E+00    0.27215E-01    0.00000E+00    0.42217E-01    0.00000E+00    0.27966E-01    0.00000E+00    0.24440E-04    0.28065E-04    0.24639E-04    0.00000E+00    0.24440E-01    0.00000E+00    0.28065E-01    0.00000E+00    0.24639E-01    0.33904E-01    0.22109E+00    0.37429E-01    0.23692E+00    0.34107E-01    0.22199E+00    0.29536E-01    0.17414E+00    0.34464E-01    0.19661E+00    0.29807E-01    0.17537E+00
19400  59    0.89440E-05    0.48486E-05    0.87246E-05    0.20877E-05    0.68563E-02    0.22515E-05    0.25971E-02    0.20965E-05    0.66281E-02    0.30260E-02    0.11710E+00    0.32973E-02    0.72071E-01    0.30412E-02    0.11514E+00    0.24362E-02    0.68967E-01    0.28199E-02    0.48514E-01    0.24568E-02    0.67871E-01    0.72795E-05    0.84433E-05    0.73377E-05    0.72795E-05    0.00000E+00    0.84433E-05    0.00000E+00    0.73377E-05    0.00000E+00    0.38156E-02    0.00000E+00    0.41093E-02    0.00000E+00    0.38308E-02    0.00000E+00    0.32433E-02    0.00000E+00    0.35761E-02    0.00000E+00    0.32600E-02    0.00000E+00    0.96133E-05    0.35415E-05    0.92793E-05    0.00000E+00    0.96133E-02    0.00000E+00    0.35415E-02    0.00000E+00    0.92793E-02    0.26428E-02    0.13866E+00    0.29470E-02    0.84160E-01    0.26605E-02    0.13623E+00    0.21117E-02    0.96700E-01    0.25449E-02    0.66155E-01    0.21355E-02    0.95020E-01
19600  59    0.75652E-05    0.33312E-05    0.73383E-05    0.79458E-06    0.67706E-02    0.52384E-06    0.28074E-02    0.78007E-06    0.65583E-02    0.20485E-02    0.11637E+00    0.19615E-02    0.74932E-01    0.20439E-02    0.11453E+00    0.17016E-02    0.69104E-01    0.17659E-02    0.51868E-01    0.17050E-02    0.68181E-01    0.27706E-05    0.19644E-05    0.27303E-05    0.27706E-05    0.00000E+00    0.19644E-05    0.00000E+00    0.27303E-05    0.00000E+00    0.23540E-02    0.00000E+00    0.19821E-02    0.00000E+00    0.23368E-02    0.00000E+00    0.18355E-02    0.00000E+00    0.15920E-02    0.00000E+00    0.18233E-02    0.00000E+00    0.94932E-05    0.38282E-05    0.91816E-05    0.00000E+00    0.94932E-02    0.00000E+00    0.38282E-02    0.00000E+00    0.91816E-02    0.19119E-02    0.13779E+00    0.19539E-02    0.87501E-01    0.19142E-02    0.13551E+00    0.16477E-02    0.96892E-01    0.18291E-02    0.70729E-01    0.16577E-02    0.95453E-01
19800  60    0.10006E-04    0.49332E-05    0.97340E-05    0.33080E-05    0.66977E-02    0.21597E-05    0.27735E-02    0.32465E-05    0.64875E-02    0.36861E-02    0.11574E+00    0.33226E-02    0.74478E-01    0.36676E-02    0.11391E+00    0.29511E-02    0.68464E-01    0.27806E-02    0.51961E-01    0.29419E-02    0.67580E-01    0.11534E-04    0.80989E-05    0.11363E-04    0.11534E-04    0.00000E+00    0.80989E-05    0.00000E+00    0.11363E-04    0.00000E+00    0.48030E-02    0.00000E+00    0.40247E-02    0.00000E+00    0.47671E-02    0.00000E+00    0.37527E-02    0.00000E+00    0.33271E-02    0.00000E+00    0.37314E-02    0.00000E+00    0.93910E-05    0.37820E-05    0.90825E-05    0.00000E+00    0.93910E-02    0.00000E+00    0.37820E-02    0.00000E+00    0.90825E-02    0.31265E-02    0.13705E+00    0.30272E-02    0.86971E-01    0.31211E-02    0.13478E+00    0.26287E-02    0.95995E-01    0.25819E-02    0.70855E-01    0.26261E-02    0.94612E-01
20000  61    0.24957E-04    0.73025E-05    0.24012E-04    0.14158E-04    0.10800E-01    0.28214E-05    0.44811E-02    0.13550E-04    0.10461E-01    0.10470E-01    0.14697E+00    0.81682E-02    0.94669E-01    0.10360E-01    0.14465E+00    0.83282E-02    0.94678E-01    0.61997E-02    0.62209E-01    0.82142E-02    0.92938E-01    0.49365E-04    0.10580E-04    0.47426E-04    0.49365E-04    0.00000E+00    0.10580E-04    0.00000E+00    0.47426E-04    0.00000E+00    0.99363E-02    0.00000E+00    0.46000E-02    0.00000E+00    0.97392E-02    0.00000E+00    0.74204E-02    0.00000E+00    0.33011E-02    0.00000E+00    0.72144E-02    0.00000E+00    0.15143E-04    0.61106E-05    0.14646E-04    0.00000E+00    0.15143E-01    0.00000E+00    0.61106E-02    0.00000E+00    0.14646E-01    0.10677E-01    0.17403E+00    0.91261E-02    0.11055E+00    0.10598E-01    0.17115E+00    0.86933E-02    0.13275E+00    0.72537E-02    0.84831E-01    0.86141E-02    0.13011E+00
