19600
func 0
Activation_out 0
4
2
20
20
1
 #l=           2
 -1.85241124679566327E-01  1.84838365817199053E-03  5.79069544546892745E-01
 -3.50710771206414529E-01  7.10838098061057910E-01 -2.13313956279871236E-01
 -5.68183991750747852E-01  1.54611701409243496E+00  1.55206960296836582E+00
  2.68667933955113347E-01  8.91962091456061090E-01 -4.01862581039906908E-01
  1.90026784625207751E-01 -1.20022154545304224E-01 -4.67527271214546347E-01
  1.84674763004139875E-01 -5.19590273763716692E-01 -6.06264550707962396E-02
 -1.84127468245993936E-01  2.99273830248683648E-01  1.48730111886144961E-01
 -2.61218368792516753E-01 -5.59095183738656853E-01  8.70477716018324271E-02
  5.25991434941012678E-02 -3.35047590013657193E-01 -5.66254159977899255E-02
  7.32431335662063338E-02 -2.24074264145121188E-01 -3.47428511263555062E-01
  3.31491217466919230E-01 -8.78057267694951626E-01  2.16936950272800577E-01
  3.20771891932894626E-01 -1.94408875731756831E-01 -3.47789362956414938E-01
  4.89442853455224369E-01 -9.53140158747267791E-02 -5.98092950752971086E-01
  1.08343391810855993E+00 -8.34766436214026131E-01  1.12816815816538196E+00
 -5.19170778132307165E-01  6.42249422665388536E-01  2.31224518333573888E-02
  2.80100722329824046E-02 -3.71629105230113499E-01  6.63656511847183550E-01
  1.49952797445247393E-01  1.84412757462100840E-01 -7.36029830849883382E-01
 -4.68230601375419830E-01 -3.18286888863836936E-01  8.06414078686737756E-01
  2.47578756647993253E-01 -3.82054545778777954E-01 -2.28855167841443774E-01
  6.79390607580224737E-02  4.79947826590753635E-02 -5.58666597734357562E-01
 #l=           3
  9.19074416367292313E-02 -5.54263097086378442E-01 -4.24993563231388705E-01  8.03829084259346960E-01 -1.53718858281593401E-01  4.78044568093726641E-01  5.49182100999472067E-01 -6.98513088338703958E-01  1.34508675865457811E-01  4.28788819388602915E-01  1.90507262381904741E-01  5.97854041179851081E-01  6.22725211549721935E-01  9.15350228678315503E-01  1.64636405069890385E-01 -2.93543337073096433E-01 -1.23086354397944339E-01  3.12137668137336344E-01 -3.42801418634660238E-01  9.96973008829699414E-01  5.32854203736162879E-01
  6.75365468365201477E-02 -7.18965243548153887E-02 -1.39056857761635190E-03 -2.06644144777908823E-01 -1.99698091481494977E-01 -1.40401994884519515E-01 -7.39479136664725339E-02 -2.81449055858438657E-01  5.90167377809290641E-02  2.96440288260655604E-01  3.66670186512985885E-01 -1.41985859899461608E-01  8.65068095808386173E-02  5.82187306104163804E-01  5.60307915976162585E-01 -3.40632373876816774E-01 -1.78186373372074491E-01  4.69673250743940368E-02 -1.96778738720250507E-01  5.54073232308553709E-02  3.30146853018429762E-02
  3.64861245902127068E-02  8.46230258504270805E-02 -8.46968093535721334E-01  2.65754617166522933E-01 -2.35360810737518716E-01  1.32530390072280822E-02  1.11241977501114392E-01  3.39357853517653463E-01 -2.73289316618946440E-02  4.85104424280937627E-02 -2.29471856062747448E-01  3.76138817490363764E-01  3.48316924759488264E-02 -4.86000557252218135E-01  9.65041303791915467E-02 -4.63639295085250258E-02  5.62582914245805088E-01 -5.88273097884546070E-01  8.33243218200434149E-02 -6.30302754418423372E-02 -8.86411426336047442E-02
  3.49155116011398772E-02 -1.12072660198105870E-01 -1.45554532061894198E-01 -3.81668411768125437E-01  1.33156831969338724E-01  1.72929098625263067E-01 -2.62158106206268005E-01 -4.71332164162326817E-01  2.55700049233098803E-01  6.59969136055983951E-02 -1.73400748617364736E-01  1.50599154358399295E-01 -6.89020802271727156E-02  2.81212776863050629E-01  1.30959426389988504E-01 -9.22578985767686238E-02  3.76847270377685617E-01  1.02720441153826766E-01 -1.60565960133299268E-01  2.55113537863997097E-01  3.36651407483573140E-01
  2.61436775861462536E-02 -3.30398473826712322E-02  3.89703753599638159E-01 -3.07461611279000402E-01 -2.27552696568428081E-01 -8.18328001633854690E-02 -1.18361657604605902E-01  4.31480671570689811E-01  3.63897153229152726E-01 -4.34574791620172374E-01 -2.11386444381753191E-01 -2.17674027016566463E-01 -4.19105062281105584E-02 -1.97226711028612556E-01 -1.42422288751171168E-02  3.39331303638147827E-02  2.54096110345825410E-01 -1.99261703339497845E-02  5.36356483784034277E-02  4.57803321363816296E-01 -6.76026257745849346E-01
  8.14956801880910991E-02 -5.40363478164408773E-01 -3.08109085308431341E-01 -5.05335187628621618E-01  3.54875205419933115E-01  1.54423724317491351E-01  2.21318195582564076E-01 -7.06423446266777888E-02 -3.03093478774034975E-01 -3.43792314027525414E-01  1.12248537846585117E-01  6.14008098551929518E-02  3.13287518767972062E-01  3.18429662023831328E-01  2.76418188630047357E-01 -4.42341826802017779E-01  8.57317347490161447E-02  2.77806608619876640E-02 -3.26020602936235915E-01  2.56496854038669675E-01 -2.43826000557395506E-01
  1.74719058378764197E-01  5.13034250602724981E-04 -3.27232794498452217E-01  2.48436862026245098E-01 -2.40916120901675107E-01  5.45363346110859584E-02  5.16781296634089449E-01 -2.58498160204303808E-02 -3.49279786864256517E-03  1.25514680526260608E-01 -7.44743057668883074E-02  4.07119652742306326E-01  1.84972241124330916E-01 -8.30028237086602866E-02  6.83358281930487643E-01 -2.96463269099373150E-01  2.38491496276903719E-01 -6.00302113732853249E-01  2.87096049043404189E-01  1.95702427387799832E-01 -4.13779914483336675E-01
 -2.81330676605988594E-01  9.11816349544964655E-02  5.37157913191741221E-01 -1.11279044888554801E+00  3.02383880805652872E-01 -5.10166010043101248E-01 -8.71520696662747230E-01  4.71222931445987703E-01  2.45132514484223074E-01 -8.63633648311183388E-02 -4.13505118469497807E-02 -6.31957138299072518E-01 -4.72374872783322686E-01 -1.38704909745268412E+00 -2.38061070571039569E-02  8.64357428649023651E-01 -1.54809655695124448E-01 -5.09896236452077600E-01  7.82220250391946648E-01 -5.09708752386535124E-01 -4.56756725475521042E-01
 -1.21963174151699771E-01  1.71778274200708098E-01 -8.50488339241828872E-02  5.36380598000779640E-01 -4.13587830888506536E-01  3.26236772683332898E-01  3.07141646535587565E-01 -5.16680081851355943E-01  3.49042789823129973E-01  2.33912623545738746E-01  6.41072013710528243E-01  3.72318214031739037E-01 -2.81190742780781877E-01  2.92554806648020915E-01 -5.55869232869089069E-01 -3.04126902329654614E-01  3.86058976816349292E-02  4.21846138463253750E-01  2.93014154317322514E-02  5.39559829566846783E-01  3.73426739097711846E-01
 -6.40772741076476027E-02  1.66216643713025553E-01 -7.88609909078166194E-01 -1.64826910713980396E-01 -5.50218401175001204E-01 -1.51501889403104884E-01  3.88174296420782716E-01  5.60218414822701016E-02 -2.54323917343928285E-01  2.15639676861920343E-01 -1.59057162900988036E-01  6.89834090211043915E-01 -5.61057847174796120E-01 -4.28440853581912917E-01 -1.46150662104925888E-01 -1.80599055166329875E-01  2.78569770502736402E-01 -2.65864753349994987E-01  8.40796411574082136E-01  1.47748188218730675E-01 -6.32179143726602222E-02
  7.93462280695640260E-02  4.45665895328994574E-02 -2.98720590362284044E-01 -2.65483794709952259E-01 -7.41111370974034539E-02 -5.13714257194551188E-02 -1.59941155376738448E-01  3.08521784213215446E-02  2.73171940068625940E-01  1.50317834495485275E-01 -1.83263179917372787E-01 -1.75889056250416009E-01  3.07849564643066897E-01  7.08405259017371169E-01 -8.03002393266141201E-02 -3.74674720014406715E-01  9.31778347222375208E-02  2.95627083295104572E-02 -2.87412816843842234E-01  1.37554389375822483E-01 -5.91058198195461085E-02
  7.80945492761083160E-02  9.87542084570303957E-02 -8.03368463768925622E-02 -4.35904557097688050E-01 -2.31628294465938134E-01  1.73012704452135790E-01 -1.06509046789604031E-01 -2.45700815617487356E-01 -1.06576196915387361E-01  6.72257190601998067E-02 -2.71087413233750796E-01  1.36861018134653012E-01  4.49248583239825583E-01  5.39167268888643858E-01  1.82986761956286326E-01 -6.59947257008863586E-01 -3.58567376727920821E-03  1.93148487350486758E-01 -6.44286708477722486E-03  1.00846706361995400E-01 -5.40992609305480210E-01
  1.59479029908099867E-01  2.37390669328594428E-01  3.67473435581522762E-02 -5.89061651718913892E-01  5.68227708924754604E-01 -1.34015746400870578E-01 -8.35379667773201495E-01  3.10843329964138160E-01 -3.24978976939119368E-01 -3.08041531605144581E-01 -3.77309616445618001E-01  6.15500879300058274E-04  2.45655255247847135E-02 -1.64436162905106126E-01 -1.10701181953162062E-02  2.47312598696702690E-01 -1.10785859545040735E-01 -4.49433880910693140E-01 -1.79968775145106841E-01 -1.43182881405898133E-01 -3.71570746994136614E-01
  4.18512859401943549E-02  3.08490366451314411E-02  1.85542315872731151E-01 -1.09655033901335811E-01 -1.11186614424223368E-02 -2.57999765752879806E-01  2.67995410621671148E-01 -1.48218943892197228E-02 -1.34040994835698014E-02  1.49936771890173542E-01 -1.29575161914150333E-01 -6.47240920184014995E-02  4.05244007060478084E-01 -2.95646040355369948E-02  6.09414229940188762E-02  1.41216807792079679E-01  1.05389541334479739E-01  1.43352301327846404E-01  9.99222042608326477E-02 -2.20431099456154411E-01  2.35398119139298180E-02
 -5.14498423338034545E-03  4.72427740434542942E-01  2.56024344771915990E-02 -9.31035028991683555E-01  1.55206096959395218E-01 -5.90566868008083001E-01 -2.50812944319181219E-01  2.53747781264507477E-01 -3.94563064065281077E-01 -2.41214585717474644E-01 -4.50409888490691385E-02 -4.92338953646893562E-01 -7.28429424265020997E-01 -5.35893812057118057E-01  2.64320569842891429E-01  4.77434055958876613E-01 -2.68270263252487595E-01 -4.19218920919139648E-01  3.68667470010034248E-01 -5.71322423929919831E-01 -3.73293264684054160E-01
 -6.95730408568708963E-02 -2.01502055012461628E-01 -3.58527790447861969E-02  1.97438716222107541E-01 -2.52444074755974524E-01 -8.80795303556534126E-02 -3.10844021650145741E-01  2.50815556378348181E-01  2.08855770843657640E-01 -2.11928414859753639E-01 -1.62400651425245526E-02 -4.18997568278002885E-01 -6.85741136192969614E-01 -5.61591801511195587E-01 -3.42935561657750854E-01  1.24968469683329031E-01 -6.71863773056815550E-02  2.18192538199561241E-02  1.28525008531951951E-01 -4.76662929459853307E-02 -7.48539758315290849E-02
 -1.25252463801051123E-01 -4.46085556004092332E-01 -2.22286455435737412E-01  6.23114102534950920E-01 -8.88730766667188976E-02  4.89519654293314843E-01  2.43215542208713997E-01 -4.21739915803455573E-02  4.63899356262694018E-01  9.72300429174918351E-02  5.72282214788777943E-01  1.71175656351289701E-01  4.64175652763780949E-02  4.44104615072331621E-01 -5.73827171625265753E-01 -2.63972014618864159E-01 -4.56294438806162161E-01  3.57741190067656201E-01  1.61896996392230930E-01  7.37089964974060458E-02  2.73858201220247177E-01
 -2.15114730092306444E-01 -3.04030196484328004E-02 -2.11879424211366768E-01 -7.73660412917881041E-02 -8.74496091895905936E-01 -3.12932441737316103E-01  2.34023338123988206E-01 -3.36064198421294980E-01  8.54934939628114288E-01  2.62560992587115127E-01 -1.08935607091673367E-01  3.01180071461289889E-01 -4.24112933114964119E-01 -7.50810547010181795E-01 -2.89959557382856392E-01 -2.59926503065038395E-01  3.18903691511071341E-01 -5.62608994175153726E-02  7.16061838976069787E-01  2.85620177651422558E-01 -5.82420031270798777E-01
  1.38092017419405605E-01 -5.47504365849733832E-01 -2.02744553685391904E-01  1.63581797918342792E-02 -2.08195879685054222E-02  5.92259594274114204E-02 -7.50579993854880584E-02 -1.34457172441931200E-02 -1.86034838393845769E-01 -4.50557314200404235E-01  5.84892984364245971E-01  2.08243456447304270E-01  4.27042893425711889E-01  6.24147992271655960E-01  1.91008339485101319E-01 -5.22936816572718288E-01  4.81571989794420535E-02 -2.34281562275996634E-02 -5.38423676166913667E-01 -1.68223435588330139E-01 -4.89238012703614444E-01
  2.76533932199431072E-02 -6.28861026572730242E-01 -7.79267831308489006E-02 -1.82057661463630005E-01 -8.09013340705959094E-02  8.87096083772026117E-02 -1.16118216636293362E-01  3.54413042714995130E-01  3.79313496281264095E-01  3.14850955984517095E-02  2.60627556114642646E-02 -1.40692558890702868E-01  5.01392651442564063E-01  3.37155835415931693E-01  1.89589150733192602E-01  3.43544437454760487E-01 -5.18176659233580486E-02  1.79609875113518530E-01 -4.98784633876722616E-01 -1.00732633335801930E-01 -1.15869952825424904E-02
 #l=           4
 -3.90651849107511648E-02  6.62031114984380831E-01 -5.97846716143626722E-01  3.43467897437724490E-01 -3.95545119040925097E-01  5.94274946532023091E-02 -1.00127845236207902E+00  1.09819329156233669E+00 -8.14003626406147984E-01  7.51810533742640286E-01 -7.11182000806281911E-01 -1.00151207967406536E-01 -3.80582158454609576E-01 -4.63646409504803902E-01  4.71961899596422436E-04 -4.73341996376444085E-01  5.83488742062793553E-01  5.18336524958183498E-01 -7.99776758485169825E-01 -2.91228045410632519E-01 -1.61347393873042477E-01
