 -4.937500000000e-01  -5.000000000000e-01   2.609376591394e+00   3.023074106903e-17  -7.950465064631e-01
 -4.937500000000e-01   1.500000000000e+00   2.609376591394e+00  -9.069222320708e-17  -7.950465064631e-01
 -5.000000000000e-01  -4.916666666667e-01   2.616880809358e+00   1.299732640013e-02  -8.107419666546e-01
  1.000000000000e+00  -4.916666666667e-01   1.380940551291e+00   3.062197692938e-03   4.272428625854e-01
 -4.812500000000e-01  -5.000000000000e-01   2.590105135328e+00   2.986874350957e-17  -7.642171706990e-01
 -4.812500000000e-01   1.500000000000e+00   2.590105135328e+00  -8.960623052871e-17  -7.642171706990e-01
 -5.000000000000e-01  -4.750000000000e-01   2.599165924857e+00   3.884957777249e-02  -8.107419666546e-01
  1.000000000000e+00  -4.750000000000e-01   1.376766886894e+00   9.153043000083e-03   4.272428625854e-01
 -4.687500000000e-01  -5.000000000000e-01   2.571064445027e+00   2.951108068451e-17  -7.341217452145e-01
 -4.687500000000e-01   1.500000000000e+00   2.571064445027e+00  -8.853324205352e-17  -7.341217452145e-01
 -5.000000000000e-01  -4.583333333333e-01   2.563930243836e+00   6.427618504098e-02  -8.107419666546e-01
  1.000000000000e+00  -4.583333333333e-01   1.368465285641e+00   1.514360565272e-02   4.272428625854e-01
 -4.562500000000e-01  -5.000000000000e-01   2.552251757189e+00   2.915770068762e-17  -7.047427588483e-01
 -4.562500000000e-01   1.500000000000e+00   2.552251757189e+00  -8.747310206287e-17  -7.047427588483e-01
 -5.000000000000e-01  -4.416666666667e-01   2.511559815790e+00   8.899856897550e-02  -8.107419666546e-01
  1.000000000000e+00  -4.416666666667e-01   1.356126701612e+00   2.096825179283e-02   4.272428625854e-01
 -4.437500000000e-01  -5.000000000000e-01   2.533664341602e+00   2.880855223426e-17  -6.760631563502e-01
 -4.437500000000e-01   1.500000000000e+00   2.533664341602e+00  -8.642565670277e-17  -6.760631563502e-01
 -5.000000000000e-01  -4.250000000000e-01   2.442628422088e+00   1.127458659642e-01  -8.107419666546e-01
  1.000000000000e+00  -4.250000000000e-01   1.339886318915e+00   2.656316537840e-02   4.272428625854e-01
 -4.312500000000e-01  -5.000000000000e-01   2.515299500746e+00   2.846358465386e-17  -6.480662884802e-01
 -4.312500000000e-01   1.500000000000e+00   2.515299500746e+00  -8.539075396157e-17  -6.480662884802e-01
 -5.000000000000e-01  -4.083333333333e-01   2.357891289504e+00   1.352578956518e-01  -8.107419666546e-01
  1.000000000000e+00  -4.083333333333e-01   1.319922070583e+00   3.186704736539e-02   4.272428625854e-01
 -4.187500000000e-01  -5.000000000000e-01   2.497154569404e+00   2.812274788262e-17  -6.207359023432e-01
 -4.187500000000e-01   1.500000000000e+00   2.497154569404e+00  -8.436824364786e-17  -6.207359023432e-01
 -5.000000000000e-01  -3.916666666667e-01   2.258276815795e+00   1.562880115300e-01  -8.107419666546e-01
  1.000000000000e+00  -3.916666666667e-01   1.296452689098e+00   3.682178731283e-02   4.272428625854e-01
 -4.062500000000e-01  -5.000000000000e-01   2.479226914272e+00   2.778599245623e-17  -5.940561319536e-01
 -4.062500000000e-01   1.500000000000e+00   2.479226914272e+00  -8.335797736869e-17  -5.940561319536e-01
 -5.000000000000e-01  -3.750000000000e-01   2.144876397981e+00   1.756058032486e-01  -8.107419666546e-01
  1.000000000000e+00  -3.750000000000e-01   1.269735309914e+00   4.137310005303e-02   4.272428625854e-01
 -3.937500000000e-01  -5.000000000000e-01   2.461513933581e+00   2.745326950269e-17  -5.680114890250e-01
 -3.937500000000e-01   1.500000000000e+00   2.461513933581e+00  -8.235980850806e-17  -5.680114890250e-01
 -5.000000000000e-01  -3.583333333333e-01   2.018932474770e+00   1.929996210390e-01  -8.107419666546e-01
  1.000000000000e+00  -3.583333333333e-01   1.240062654229e+00   4.547112045116e-02   4.272428625854e-01
 -3.812500000000e-01  -5.000000000000e-01   2.444013056713e+00   2.712453073521e-17  -5.425868539785e-01
 -3.812500000000e-01   1.500000000000e+00   2.444013056713e+00  -8.137359220562e-17  -5.425868539785e-01
 -5.000000000000e-01  -3.416666666667e-01   1.881824914141e+00   2.082788945934e-01  -8.107419666546e-01
  1.000000000000e+00  -3.416666666667e-01   1.207759821868e+00   4.907094973818e-02   4.272428625854e-01
 -3.687500000000e-01  -5.000000000000e-01   2.426721743835e+00   2.679972844521e-17  -5.177674671657e-01
 -3.687500000000e-01   1.500000000000e+00   2.426721743835e+00  -8.039918533562e-17  -5.177674671657e-01
 -5.000000000000e-01  -3.250000000000e-01   1.735055895218e+00   2.212762209936e-01  -8.107419666546e-01
  1.000000000000e+00  -3.250000000000e-01   1.173180729422e+00   5.213314743112e-02   4.272428625854e-01
 -3.562500000000e-01  -5.000000000000e-01   2.409637485526e+00   2.647881549540e-17  -4.935389203000e-01
 -3.562500000000e-01   1.500000000000e+00   2.409637485526e+00  -7.943644648620e-17  -4.935389203000e-01
 -5.000000000000e-01  -3.083333333333e-01   1.580233450086e+00   2.318491988115e-01  -8.107419666546e-01
  1.000000000000e+00  -3.083333333333e-01   1.136704232664e+00   5.462416345124e-02   4.272428625854e-01
 -3.437500000000e-01  -5.000000000000e-01   2.392757802414e+00   2.616174531294e-17  -4.698871480928e-01
 -3.437500000000e-01   1.500000000000e+00   2.392757802414e+00  -7.848523593882e-17  -4.698871480928e-01
 -5.000000000000e-01  -2.916666666667e-01   1.419053845854e+00   2.398819882896e-01  -8.107419666546e-01
  1.000000000000e+00  -2.916666666667e-01   1.098729975726e+00   5.651670570575e-02   4.272428625854e-01
 -3.312500000000e-01  -5.000000000000e-01   2.376080244817e+00   2.584847188267e-17  -4.467984200876e-01
 -3.312500000000e-01   1.500000000000e+00   2.376080244817e+00  -7.754541564800e-17  -4.467984200876e-01
 -5.000000000000e-01  -2.750000000000e-01   1.253282999995e+00   2.452865805055e-01  -8.107419666546e-01
  1.000000000000e+00  -2.750000000000e-01   1.059674012514e+00   5.779003910566e-02   4.272428625854e-01
 -3.187500000000e-01  -5.000000000000e-01   2.359602392385e+00   2.553894974042e-17  -4.242593326895e-01
 -3.187500000000e-01   1.500000000000e+00   2.359602392385e+00  -7.661684922127e-17  -4.242593326895e-01
 -5.000000000000e-01  -2.583333333333e-01   1.084737132584e+00   2.480037616159e-01  -8.107419666546e-01
  1.000000000000e+00  -2.583333333333e-01   1.019964248332e+00   5.843021274379e-02   4.272428625854e-01
 -3.062500000000e-01  -5.000000000000e-01   2.343321853752e+00   2.523313396647e-17  -4.022568013839e-01
 -3.062500000000e-01   1.500000000000e+00   2.343321853752e+00  -7.569940189942e-17  -4.022568013839e-01
 -5.000000000000e-01  -2.416666666667e-01   9.152628674162e-01   2.480037616159e-01  -8.107419666546e-01
  1.000000000000e+00  -2.416666666667e-01   9.800357516680e-01   5.843021274379e-02   4.272428625854e-01
 -2.937500000000e-01  -5.000000000000e-01   2.327236266187e+00   2.493098017896e-17  -3.807780531409e-01
 -2.937500000000e-01   1.500000000000e+00   2.327236266187e+00  -7.479294053688e-17  -3.807780531409e-01
 -5.000000000000e-01  -2.250000000000e-01   7.467170000055e-01   2.452865805055e-01  -8.107419666546e-01
  1.000000000000e+00  -2.250000000000e-01   9.403259874865e-01   5.779003910566e-02   4.272428625854e-01
 -2.812500000000e-01  -5.000000000000e-01   2.311343295251e+00   2.463244452748e-17  -3.598106189998e-01
 -2.812500000000e-01   1.500000000000e+00   2.311343295251e+00  -7.389733358245e-17  -3.598106189998e-01
 -5.000000000000e-01  -2.083333333333e-01   5.809461541456e-01   2.398819882896e-01  -8.107419666546e-01
  1.000000000000e+00  -2.083333333333e-01   9.012700242737e-01   5.651670570575e-02   4.272428625854e-01
 -2.687500000000e-01  -5.000000000000e-01   2.295640634459e+00   2.433748368673e-17  -3.393423268308e-01
 -2.687500000000e-01   1.500000000000e+00   2.295640634459e+00  -7.301245106018e-17  -3.393423268308e-01
 -5.000000000000e-01  -1.916666666667e-01   4.197665499136e-01   2.318491988115e-01  -8.107419666546e-01
  1.000000000000e+00  -1.916666666667e-01   8.632957673355e-01   5.462416345124e-02   4.272428625854e-01
 -2.562500000000e-01  -5.000000000000e-01   2.280126004946e+00   2.404605485017e-17  -3.193612942689e-01
 -2.562500000000e-01   1.500000000000e+00   2.280126004946e+00  -7.213816455051e-17  -3.193612942689e-01
 -5.000000000000e-01  -1.750000000000e-01   2.649441047824e-01   2.212762209936e-01  -8.107419666546e-01
  1.000000000000e+00  -1.750000000000e-01   8.268192705776e-01   5.213314743112e-02   4.272428625854e-01
 -2.437500000000e-01  -5.000000000000e-01   2.264797155132e+00   2.375811572389e-17  -2.998559218154e-01
 -2.437500000000e-01   1.500000000000e+00   2.264797155132e+00  -7.127434717166e-17  -2.998559218154e-01
 -5.000000000000e-01  -1.583333333333e-01   1.181750858595e-01   2.082788945934e-01  -8.107419666546e-01
  1.000000000000e+00  -1.583333333333e-01   7.922401781317e-01   4.907094973818e-02   4.272428625854e-01
 -2.312500000000e-01  -5.000000000000e-01   2.249651860403e+00   2.347362452039e-17  -2.808148861047e-01
 -2.312500000000e-01   1.500000000000e+00   2.249651860403e+00  -7.042087356117e-17  -2.808148861047e-01
 -5.000000000000e-01  -1.416666666667e-01  -1.893247477034e-02   1.929996210390e-01  -8.107419666546e-01
  1.000000000000e+00  -1.416666666667e-01   7.599373457706e-01   4.547112045116e-02   4.272428625854e-01
 -2.187500000000e-01  -5.000000000000e-01   2.234687922781e+00   2.319253995258e-17  -2.622271333304e-01
 -2.187500000000e-01   1.500000000000e+00   2.234687922781e+00  -6.957761985773e-17  -2.622271333304e-01
 -5.000000000000e-01  -1.250000000000e-01  -1.448763979813e-01   1.756058032486e-01  -8.107419666546e-01
  1.000000000000e+00  -1.250000000000e-01   7.302646900857e-01   4.137310005303e-02   4.272428625854e-01
 -2.062500000000e-01  -5.000000000000e-01   2.219903170607e+00   2.291482122774e-17  -2.440818728285e-01
 -2.062500000000e-01   1.500000000000e+00   2.219903170607e+00  -6.874446368323e-17  -2.440818728285e-01
 -5.000000000000e-01  -1.083333333333e-01  -2.582768157951e-01   1.562880115300e-01  -8.107419666546e-01
  1.000000000000e+00  -1.083333333333e-01   7.035473109019e-01   3.682178731283e-02   4.272428625854e-01
 -1.937500000000e-01  -5.000000000000e-01   2.205295458228e+00   2.264042804165e-17  -2.263685708127e-01
 -1.937500000000e-01   1.500000000000e+00   2.205295458228e+00  -6.792128412496e-17  -2.263685708127e-01
 -5.000000000000e-01  -9.166666666667e-02  -3.578912895038e-01   1.352578956518e-01  -8.107419666546e-01
  1.000000000000e+00  -9.166666666667e-02   6.800779294166e-01   3.186704736539e-02   4.272428625854e-01
 -1.812500000000e-01  -5.000000000000e-01   2.190862665684e+00   2.236932057269e-17  -2.090769442601e-01
 -1.812500000000e-01   1.500000000000e+00   2.190862665684e+00  -6.710796171806e-17  -2.090769442601e-01
 -5.000000000000e-01  -7.500000000000e-02  -4.426284220876e-01   1.127458659642e-01  -8.107419666546e-01
  1.000000000000e+00  -7.500000000000e-02   6.601136810846e-01   2.656316537840e-02   4.272428625854e-01
 -1.687500000000e-01  -5.000000000000e-01   2.176602698400e+00   2.210145947608e-17  -1.921969549407e-01
 -1.687500000000e-01   1.500000000000e+00   2.176602698400e+00  -6.630437842824e-17  -1.921969549407e-01
 -5.000000000000e-01  -5.833333333333e-02  -5.115598157896e-01   8.899856897550e-02  -8.107419666546e-01
  1.000000000000e+00  -5.833333333333e-02   6.438732983884e-01   2.096825179283e-02   4.272428625854e-01
 -1.562500000000e-01  -5.000000000000e-01   2.162513486882e+00   2.183680587819e-17  -1.757188035907e-01
 -1.562500000000e-01   1.500000000000e+00   2.162513486882e+00  -6.551041763457e-17  -1.757188035907e-01
 -5.000000000000e-01  -4.166666666667e-02  -5.639302438356e-01   6.427618504098e-02  -8.107419666546e-01
  1.000000000000e+00  -4.166666666667e-02   6.315347143594e-01   1.514360565272e-02   4.272428625854e-01
 -1.437500000000e-01  -5.000000000000e-01   2.148592986417e+00   2.157532137087e-17  -1.596329242234e-01
 -1.437500000000e-01   1.500000000000e+00   2.148592986417e+00  -6.472596411262e-17  -1.596329242234e-01
 -5.000000000000e-01  -2.500000000000e-02  -5.991659248567e-01   3.884957777249e-02  -8.107419666546e-01
  1.000000000000e+00  -2.500000000000e-02   6.232331131061e-01   9.153043000083e-03   4.272428625854e-01
 -1.312500000000e-01  -5.000000000000e-01   2.134839176779e+00   2.131696800590e-17  -1.439299785759e-01
 -1.312500000000e-01   1.500000000000e+00   2.134839176779e+00  -6.395090401770e-17  -1.439299785759e-01
 -5.000000000000e-01  -8.333333333333e-03  -6.168808093581e-01   1.299732640013e-02  -8.107419666546e-01
  1.000000000000e+00  -8.333333333333e-03   6.190594487093e-01   3.062197692938e-03   4.272428625854e-01
 -1.187500000000e-01  -5.000000000000e-01   2.121250061929e+00   2.106170828946e-17  -1.286008506882e-01
 -1.187500000000e-01   1.500000000000e+00   2.121250061929e+00  -6.318512486837e-17  -1.286008506882e-01
 -5.000000000000e-01   8.333333333333e-03  -6.168808093581e-01  -1.299732640013e-02  -8.107419666546e-01
  1.000000000000e+00   8.333333333333e-03   6.190594487093e-01  -3.062197692938e-03   4.272428625854e-01
 -1.062500000000e-01  -5.000000000000e-01   2.107823669734e+00   2.080950517669e-17  -1.136366416110e-01
 -1.062500000000e-01   1.500000000000e+00   2.107823669734e+00  -6.242851553008e-17  -1.136366416110e-01
 -5.000000000000e-01   2.500000000000e-02  -5.991659248567e-01  -3.884957777249e-02  -8.107419666546e-01
  1.000000000000e+00   2.500000000000e-02   6.232331131061e-01  -9.153043000083e-03   4.272428625854e-01
 -9.375000000000e-02  -5.000000000000e-01   2.094558051672e+00   2.056032206635e-17  -9.902866423955e-02
 -9.375000000000e-02   1.500000000000e+00   2.094558051672e+00  -6.168096619906e-17  -9.902866423955e-02
 -5.000000000000e-01   4.166666666667e-02  -5.639302438356e-01  -6.427618504098e-02  -8.107419666546e-01
  1.000000000000e+00   4.166666666667e-02   6.315347143594e-01  -1.514360565272e-02   4.272428625854e-01
 -8.125000000000e-02  -5.000000000000e-01   2.081451282556e+00   2.031412279546e-17  -8.476843827083e-02
 -8.125000000000e-02   1.500000000000e+00   2.081451282556e+00  -6.094236838638e-17  -8.476843827083e-02
 -5.000000000000e-01   5.833333333333e-02  -5.115598157896e-01  -8.899856897550e-02  -8.107419666546e-01
  1.000000000000e+00   5.833333333333e-02   6.438732983884e-01  -2.096825179283e-02   4.272428625854e-01
 -6.875000000000e-02  -5.000000000000e-01   2.068501460252e+00   2.007087163408e-17  -7.084768528031e-02
 -6.875000000000e-02   1.500000000000e+00   2.068501460252e+00  -6.021261490224e-17  -7.084768528031e-02
 -5.000000000000e-01   7.500000000000e-02  -4.426284220876e-01  -1.127458659642e-01  -8.107419666546e-01
  1.000000000000e+00   7.500000000000e-02   6.601136810846e-01  -2.656316537840e-02   4.272428625854e-01
 -5.625000000000e-02  -5.000000000000e-01   2.055706705403e+00   1.983053328011e-17  -5.725832391619e-02
 -5.625000000000e-02   1.500000000000e+00   2.055706705403e+00  -5.949159984034e-17  -5.725832391619e-02
 -5.000000000000e-01   9.166666666667e-02  -3.578912895038e-01  -1.352578956518e-01  -8.107419666546e-01
  1.000000000000e+00   9.166666666667e-02   6.800779294166e-01  -3.186704736539e-02   4.272428625854e-01
 -4.375000000000e-02  -5.000000000000e-01   2.043065161155e+00   1.959307285419e-17  -4.399246520794e-02
 -4.375000000000e-02   1.500000000000e+00   2.043065161155e+00  -5.877921856258e-17  -4.399246520794e-02
 -5.000000000000e-01   1.083333333333e-01  -2.582768157951e-01  -1.562880115300e-01  -8.107419666546e-01
  1.000000000000e+00   1.083333333333e-01   7.035473109019e-01  -3.682178731283e-02   4.272428625854e-01
 -3.125000000000e-02  -5.000000000000e-01   2.030574992891e+00   1.935845589461e-17  -3.104240798656e-02
 -3.125000000000e-02   1.500000000000e+00   2.030574992891e+00  -5.807536768383e-17  -3.104240798656e-02
 -5.000000000000e-01   1.250000000000e-01  -1.448763979813e-01  -1.756058032486e-01  -8.107419666546e-01
  1.000000000000e+00   1.250000000000e-01   7.302646900857e-01  -4.137310005303e-02   4.272428625854e-01
 -1.875000000000e-02  -5.000000000000e-01   2.018234387962e+00   1.912664835232e-17  -1.840063441389e-02
 -1.875000000000e-02   1.500000000000e+00   2.018234387962e+00  -5.737994505697e-17  -1.840063441389e-02
 -5.000000000000e-01   1.416666666667e-01  -1.893247477034e-02  -1.929996210390e-01  -8.107419666546e-01
  1.000000000000e+00   1.416666666667e-01   7.599373457706e-01  -4.547112045116e-02   4.272428625854e-01
 -6.250000000000e-03  -5.000000000000e-01   2.006041555422e+00   1.889761658601e-17  -6.059805618232e-03
 -6.250000000000e-03   1.500000000000e+00   2.006041555422e+00  -5.669284975802e-17  -6.059805618232e-03
 -5.000000000000e-01   1.583333333333e-01   1.181750858595e-01  -2.082788945934e-01  -8.107419666546e-01
  1.000000000000e+00   1.583333333333e-01   7.922401781317e-01  -4.907094973818e-02   4.272428625854e-01
  6.250000000000e-03  -5.000000000000e-01   1.993994725775e+00   1.867132735717e-17   5.987242565954e-03
  6.250000000000e-03   1.500000000000e+00   1.993994725775e+00  -5.601398207151e-17   5.987242565954e-03
 -5.000000000000e-01   1.750000000000e-01   2.649441047824e-01  -2.212762209936e-01  -8.107419666546e-01
  1.000000000000e+00   1.750000000000e-01   8.268192705776e-01  -5.213314743112e-02   4.272428625854e-01
  1.875000000000e-02  -5.000000000000e-01   1.982092150710e+00   1.844774782534e-17   1.774750375710e-02
  1.875000000000e-02   1.500000000000e+00   1.982092150710e+00  -5.534324347601e-17   1.774750375710e-02
 -5.000000000000e-01   1.916666666667e-01   4.197665499136e-01  -2.318491988115e-01  -8.107419666546e-01
  1.000000000000e+00   1.916666666667e-01   8.632957673355e-01  -5.462416345124e-02   4.272428625854e-01
  3.125000000000e-02  -5.000000000000e-01   1.970332102853e+00   1.822684554329e-17   2.922780508647e-02
  3.125000000000e-02   1.500000000000e+00   1.970332102853e+00  -5.468053662986e-17   2.922780508647e-02
 -5.000000000000e-01   2.083333333333e-01   5.809461541456e-01  -2.398819882896e-01  -8.107419666546e-01
  1.000000000000e+00   2.083333333333e-01   9.012700242737e-01  -5.651670570575e-02   4.272428625854e-01
  4.375000000000e-02  -5.000000000000e-01   1.958712875514e+00   1.800858845233e-17   4.043481116151e-02
  4.375000000000e-02   1.500000000000e+00   1.958712875514e+00  -5.402576535698e-17   4.043481116151e-02
 -5.000000000000e-01   2.250000000000e-01   7.467170000055e-01  -2.452865805055e-01  -8.107419666546e-01
  1.000000000000e+00   2.250000000000e-01   9.403259874865e-01  -5.779003910566e-02   4.272428625854e-01
  5.625000000000e-02  -5.000000000000e-01   1.947232782441e+00   1.779294487766e-17   5.137502793480e-02
  5.625000000000e-02   1.500000000000e+00   1.947232782441e+00  -5.337883463297e-17   5.137502793480e-02
 -5.000000000000e-01   2.416666666667e-01   9.152628674162e-01  -2.480037616159e-01  -8.107419666546e-01
  1.000000000000e+00   2.416666666667e-01   9.800357516680e-01  -5.843021274379e-02   4.272428625854e-01
  6.875000000000e-02  -5.000000000000e-01   1.935890157571e+00   1.757988352377e-17   6.205480648093e-02
  6.875000000000e-02   1.500000000000e+00   1.935890157571e+00  -5.273965057130e-17   6.205480648093e-02
 -5.000000000000e-01   2.583333333333e-01   1.084737132584e+00  -2.480037616159e-01  -8.107419666546e-01
  1.000000000000e+00   2.583333333333e-01   1.019964248332e+00  -5.843021274379e-02   4.272428625854e-01
  8.125000000000e-02  -5.000000000000e-01   1.924683354794e+00   1.736937346989e-17   7.248034668346e-02
  8.125000000000e-02   1.500000000000e+00   1.924683354794e+00  -5.210812040967e-17   7.248034668346e-02
 -5.000000000000e-01   2.750000000000e-01   1.253282999995e+00  -2.452865805055e-01  -8.107419666546e-01
  1.000000000000e+00   2.750000000000e-01   1.059674012514e+00  -5.779003910566e-02   4.272428625854e-01
  9.375000000000e-02  -5.000000000000e-01   1.913610747710e+00   1.716138416552e-17   8.265770083412e-02
  9.375000000000e-02   1.500000000000e+00   1.913610747710e+00  -5.148415249657e-17   8.265770083412e-02
 -5.000000000000e-01   2.916666666667e-01   1.419053845854e+00  -2.398819882896e-01  -8.107419666546e-01
  1.000000000000e+00   2.916666666667e-01   1.098729975726e+00  -5.651670570575e-02   4.272428625854e-01
  1.062500000000e-01  -5.000000000000e-01   1.902670729395e+00   1.695588542599e-17   9.259277714631e-02
  1.062500000000e-01   1.500000000000e+00   1.902670729395e+00  -5.086765627797e-17   9.259277714631e-02
 -5.000000000000e-01   3.083333333333e-01   1.580233450086e+00  -2.318491988115e-01  -8.107419666546e-01
  1.000000000000e+00   3.083333333333e-01   1.136704232664e+00  -5.462416345124e-02   4.272428625854e-01
  1.187500000000e-01  -5.000000000000e-01   1.891861712167e+00   1.675284742806e-17   1.022913431850e-01
  1.187500000000e-01   1.500000000000e+00   1.891861712167e+00  -5.025854228418e-17   1.022913431850e-01
 -5.000000000000e-01   3.250000000000e-01   1.735055895218e+00  -2.212762209936e-01  -8.107419666546e-01
  1.000000000000e+00   3.250000000000e-01   1.173180729422e+00  -5.213314743112e-02   4.272428625854e-01
  1.312500000000e-01  -5.000000000000e-01   1.881182127355e+00   1.655224070562e-17   1.117590292148e-01
  1.312500000000e-01   1.500000000000e+00   1.881182127355e+00  -4.965672211685e-17   1.117590292148e-01
 -5.000000000000e-01   3.416666666667e-01   1.881824914141e+00  -2.082788945934e-01  -8.107419666546e-01
  1.000000000000e+00   3.416666666667e-01   1.207759821868e+00  -4.907094973818e-02   4.272428625854e-01
  1.437500000000e-01  -5.000000000000e-01   1.870630425073e+00   1.635403614539e-17   1.210013314688e-01
  1.437500000000e-01   1.500000000000e+00   1.870630425073e+00  -4.906210843616e-17   1.210013314688e-01
 -5.000000000000e-01   3.583333333333e-01   2.018932474770e+00  -1.929996210390e-01  -8.107419666546e-01
  1.000000000000e+00   3.583333333333e-01   1.240062654229e+00  -4.547112045116e-02   4.272428625854e-01
  1.562500000000e-01  -5.000000000000e-01   1.860205073992e+00   1.615820498272e-17   1.300236153389e-01
  1.562500000000e-01   1.500000000000e+00   1.860205073992e+00  -4.847461494815e-17   1.300236153389e-01
 -5.000000000000e-01   3.750000000000e-01   2.144876397981e+00  -1.756058032486e-01  -8.107419666546e-01
  1.000000000000e+00   3.750000000000e-01   1.269735309914e+00  -4.137310005303e-02   4.272428625854e-01
  1.687500000000e-01  -5.000000000000e-01   1.849904561123e+00   1.596471879739e-17   1.388311184908e-01
  1.687500000000e-01   1.500000000000e+00   1.849904561123e+00  -4.789415639218e-17   1.388311184908e-01
 -5.000000000000e-01   3.916666666667e-01   2.258276815795e+00  -1.562880115300e-01  -8.107419666546e-01
  1.000000000000e+00   3.916666666667e-01   1.296452689098e+00  -3.682178731283e-02   4.272428625854e-01
  1.812500000000e-01  -5.000000000000e-01   1.839727391593e+00   1.577354950952e-17   1.474289539045e-01
  1.812500000000e-01   1.500000000000e+00   1.839727391593e+00  -4.732064852855e-17   1.474289539045e-01
 -5.000000000000e-01   4.083333333333e-01   2.357891289504e+00  -1.352578956518e-01  -8.107419666546e-01
  1.000000000000e+00   4.083333333333e-01   1.319922070583e+00  -3.186704736539e-02   4.272428625854e-01
  1.937500000000e-01  -5.000000000000e-01   1.829672088427e+00   1.558466937544e-17   1.558221128424e-01
  1.937500000000e-01   1.500000000000e+00   1.829672088427e+00  -4.675400812632e-17   1.558221128424e-01
 -5.000000000000e-01   4.250000000000e-01   2.442628422088e+00  -1.127458659642e-01  -8.107419666546e-01
  1.000000000000e+00   4.250000000000e-01   1.339886318915e+00  -2.656316537840e-02   4.272428625854e-01
  2.062500000000e-01  -5.000000000000e-01   1.819737192340e+00   1.539805098372e-17   1.640154677473e-01
  2.062500000000e-01   1.500000000000e+00   1.819737192340e+00  -4.619415295115e-17   1.640154677473e-01
 -5.000000000000e-01   4.416666666667e-01   2.511559815790e+00  -8.899856897550e-02  -8.107419666546e-01
  1.000000000000e+00   4.416666666667e-01   1.356126701612e+00  -2.096825179283e-02   4.272428625854e-01
  2.187500000000e-01  -5.000000000000e-01   1.809921261518e+00   1.521366725115e-17   1.720137750703e-01
  2.187500000000e-01   1.500000000000e+00   1.809921261518e+00  -4.564100175346e-17   1.720137750703e-01
 -5.000000000000e-01   4.583333333333e-01   2.563930243836e+00  -6.427618504098e-02  -8.107419666546e-01
  1.000000000000e+00   4.583333333333e-01   1.368465285641e+00  -1.514360565272e-02   4.272428625854e-01
  2.312500000000e-01  -5.000000000000e-01   1.800222871414e+00   1.503149141885e-17   1.798216780328e-01
  2.312500000000e-01   1.500000000000e+00   1.800222871414e+00  -4.509447425655e-17   1.798216780328e-01
 -5.000000000000e-01   4.750000000000e-01   2.599165924857e+00  -3.884957777249e-02  -8.107419666546e-01
  1.000000000000e+00   4.750000000000e-01   1.376766886894e+00  -9.153043000083e-03   4.272428625854e-01
  2.437500000000e-01  -5.000000000000e-01   1.790640614538e+00   1.485149704835e-17   1.874437093213e-01
  2.437500000000e-01   1.500000000000e+00   1.790640614538e+00  -4.455449114504e-17   1.874437093213e-01
 -5.000000000000e-01   4.916666666667e-01   2.616880809358e+00  -1.299732640013e-02  -8.107419666546e-01
  1.000000000000e+00   4.916666666667e-01   1.380940551291e+00  -3.062197692938e-03   4.272428625854e-01
  2.562500000000e-01  -5.000000000000e-01   1.781173100255e+00   1.467365801775e-17   1.948842937192e-01
  2.562500000000e-01   1.500000000000e+00   1.781173100255e+00  -4.402097405326e-17   1.948842937192e-01
 -5.000000000000e-01   5.083333333333e-01   2.616880809358e+00   1.299732640013e-02  -8.107419666546e-01
  1.000000000000e+00   5.083333333333e-01   1.380940551291e+00   3.062197692938e-03   4.272428625854e-01
  2.687500000000e-01  -5.000000000000e-01   1.771818954580e+00   1.449794851799e-17   2.021477506753e-01
  2.687500000000e-01   1.500000000000e+00   1.771818954580e+00  -4.349384555397e-17   2.021477506753e-01
 -5.000000000000e-01   5.250000000000e-01   2.599165924857e+00   3.884957777249e-02  -8.107419666546e-01
  1.000000000000e+00   5.250000000000e-01   1.376766886894e+00   9.153043000083e-03   4.272428625854e-01
  2.812500000000e-01  -5.000000000000e-01   1.762576819984e+00   1.432434304902e-17   2.092382968114e-01
  2.812500000000e-01   1.500000000000e+00   1.762576819984e+00  -4.297302914705e-17   2.092382968114e-01
 -5.000000000000e-01   5.416666666667e-01   2.563930243836e+00   6.427618504098e-02  -8.107419666546e-01
  1.000000000000e+00   5.416666666667e-01   1.368465285641e+00   1.514360565272e-02   4.272428625854e-01
  2.937500000000e-01  -5.000000000000e-01   1.753445355191e+00   1.415281641615e-17   2.161600483703e-01
  2.937500000000e-01   1.500000000000e+00   1.753445355191e+00  -4.245844924846e-17   2.161600483703e-01
 -5.000000000000e-01   5.583333333333e-01   2.511559815790e+00   8.899856897550e-02  -8.107419666546e-01
  1.000000000000e+00   5.583333333333e-01   1.356126701612e+00   2.096825179283e-02   4.272428625854e-01
  3.062500000000e-01  -5.000000000000e-01   1.744423234988e+00   1.398334372640e-17   2.229170236051e-01
  3.062500000000e-01   1.500000000000e+00   1.744423234988e+00  -4.195003117921e-17   2.229170236051e-01
 -5.000000000000e-01   5.750000000000e-01   2.442628422088e+00   1.127458659642e-01  -8.107419666546e-01
  1.000000000000e+00   5.750000000000e-01   1.339886318915e+00   2.656316537840e-02   4.272428625854e-01
  3.187500000000e-01  -5.000000000000e-01   1.735509150029e+00   1.381590038486e-17   2.295131451121e-01
  3.187500000000e-01   1.500000000000e+00   1.735509150029e+00  -4.144770115457e-17   2.295131451121e-01
 -5.000000000000e-01   5.916666666667e-01   2.357891289504e+00   1.352578956518e-01  -8.107419666546e-01
  1.000000000000e+00   5.916666666667e-01   1.319922070583e+00   3.186704736539e-02   4.272428625854e-01
  3.312500000000e-01  -5.000000000000e-01   1.726701806647e+00   1.365046209111e-17   2.359522421078e-01
  3.312500000000e-01   1.500000000000e+00   1.726701806647e+00  -4.095138627334e-17   2.359522421078e-01
 -5.000000000000e-01   6.083333333333e-01   2.258276815795e+00   1.562880115300e-01  -8.107419666546e-01
  1.000000000000e+00   6.083333333333e-01   1.296452689098e+00   3.682178731283e-02   4.272428625854e-01
  3.437500000000e-01  -5.000000000000e-01   1.717999926668e+00   1.348700483576e-17   2.422380526522e-01
  3.437500000000e-01   1.500000000000e+00   1.717999926668e+00  -4.046101450728e-17   2.422380526522e-01
 -5.000000000000e-01   6.250000000000e-01   2.144876397981e+00   1.756058032486e-01  -8.107419666546e-01
  1.000000000000e+00   6.250000000000e-01   1.269735309914e+00   4.137310005303e-02   4.272428625854e-01
  3.562500000000e-01  -5.000000000000e-01   1.709402247222e+00   1.332550489688e-17   2.483742258184e-01
  3.562500000000e-01   1.500000000000e+00   1.709402247222e+00  -3.997651469064e-17   2.483742258184e-01
 -5.000000000000e-01   6.416666666667e-01   2.018932474770e+00   1.929996210390e-01  -8.107419666546e-01
  1.000000000000e+00   6.416666666667e-01   1.240062654229e+00   4.547112045116e-02   4.272428625854e-01
  3.687500000000e-01  -5.000000000000e-01   1.700907520560e+00   1.316593883662e-17   2.543643238114e-01
  3.687500000000e-01   1.500000000000e+00   1.700907520560e+00  -3.949781650986e-17   2.543643238114e-01
 -5.000000000000e-01   6.583333333333e-01   1.881824914141e+00   2.082788945934e-01  -8.107419666546e-01
  1.000000000000e+00   6.583333333333e-01   1.207759821868e+00   4.907094973818e-02   4.272428625854e-01
  3.812500000000e-01  -5.000000000000e-01   1.692514513876e+00   1.300828349777e-17   2.602118240356e-01
  3.812500000000e-01   1.500000000000e+00   1.692514513876e+00  -3.902485049332e-17   2.602118240356e-01
 -5.000000000000e-01   6.750000000000e-01   1.735055895218e+00   2.212762209936e-01  -8.107419666546e-01
  1.000000000000e+00   6.750000000000e-01   1.173180729422e+00   5.213314743112e-02   4.272428625854e-01
  3.937500000000e-01  -5.000000000000e-01   1.684222009126e+00   1.285251600044e-17   2.659201211138e-01
  3.937500000000e-01   1.500000000000e+00   1.684222009126e+00  -3.855754800131e-17   2.659201211138e-01
 -5.000000000000e-01   6.916666666667e-01   1.580233450086e+00   2.318491988115e-01  -8.107419666546e-01
  1.000000000000e+00   6.916666666667e-01   1.136704232664e+00   5.462416345124e-02   4.272428625854e-01
  4.062500000000e-01  -5.000000000000e-01   1.676028802851e+00   1.269861373868e-17   2.714925288581e-01
  4.062500000000e-01   1.500000000000e+00   1.676028802851e+00  -3.809584121604e-17   2.714925288581e-01
 -5.000000000000e-01   7.083333333333e-01   1.419053845854e+00   2.398819882896e-01  -8.107419666546e-01
  1.000000000000e+00   7.083333333333e-01   1.098729975726e+00   5.651670570575e-02   4.272428625854e-01
  4.187500000000e-01  -5.000000000000e-01   1.667933706002e+00   1.254655437727e-17   2.769322821931e-01
  4.187500000000e-01   1.500000000000e+00   1.667933706002e+00  -3.763966313181e-17   2.769322821931e-01
 -5.000000000000e-01   7.250000000000e-01   1.253282999995e+00   2.452865805055e-01  -8.107419666546e-01
  1.000000000000e+00   7.250000000000e-01   1.059674012514e+00   5.779003910566e-02   4.272428625854e-01
  4.312500000000e-01  -5.000000000000e-01   1.659935543771e+00   1.239631584842e-17   2.822425390341e-01
  4.312500000000e-01   1.500000000000e+00   1.659935543771e+00  -3.718894754527e-17   2.822425390341e-01
 -5.000000000000e-01   7.416666666667e-01   1.084737132584e+00   2.480037616159e-01  -8.107419666546e-01
  1.000000000000e+00   7.416666666667e-01   1.019964248332e+00   5.843021274379e-02   4.272428625854e-01
  4.437500000000e-01  -5.000000000000e-01   1.652033155414e+00   1.224787634861e-17   2.874263821206e-01
  4.437500000000e-01   1.500000000000e+00   1.652033155414e+00  -3.674362904582e-17   2.874263821206e-01
 -5.000000000000e-01   7.583333333333e-01   9.152628674162e-01   2.480037616159e-01  -8.107419666546e-01
  1.000000000000e+00   7.583333333333e-01   9.800357516680e-01   5.843021274379e-02   4.272428625854e-01
  4.562500000000e-01  -5.000000000000e-01   1.644225394089e+00   1.210121433537e-17   2.924868208056e-01
  4.562500000000e-01   1.500000000000e+00   1.644225394089e+00  -3.630364300612e-17   2.924868208056e-01
 -5.000000000000e-01   7.750000000000e-01   7.467170000055e-01   2.452865805055e-01  -8.107419666546e-01
  1.000000000000e+00   7.750000000000e-01   9.403259874865e-01   5.779003910566e-02   4.272428625854e-01
  4.687500000000e-01  -5.000000000000e-01   1.636511126686e+00   1.195630852424e-17   2.974267928027e-01
  4.687500000000e-01   1.500000000000e+00   1.636511126686e+00  -3.586892557271e-17   2.974267928027e-01
 -5.000000000000e-01   7.916666666667e-01   5.809461541456e-01   2.398819882896e-01  -8.107419666546e-01
  1.000000000000e+00   7.916666666667e-01   9.012700242737e-01   5.651670570575e-02   4.272428625854e-01
  4.812500000000e-01  -5.000000000000e-01   1.628889233663e+00   1.181313788558e-17   3.022491658915e-01
  4.812500000000e-01   1.500000000000e+00   1.628889233663e+00  -3.543941365674e-17   3.022491658915e-01
 -5.000000000000e-01   8.083333333333e-01   4.197665499136e-01   2.318491988115e-01  -8.107419666546e-01
  1.000000000000e+00   8.083333333333e-01   8.632957673355e-01   5.462416345124e-02   4.272428625854e-01
  4.937500000000e-01  -5.000000000000e-01   1.621358608885e+00   1.167168164161e-17   3.069567395824e-01
  4.937500000000e-01   1.500000000000e+00   1.621358608885e+00  -3.501504492482e-17   3.069567395824e-01
 -5.000000000000e-01   8.250000000000e-01   2.649441047824e-01   2.212762209936e-01  -8.107419666546e-01
  1.000000000000e+00   8.250000000000e-01   8.268192705776e-01   5.213314743112e-02   4.272428625854e-01
  5.062500000000e-01  -5.000000000000e-01   1.613918159461e+00   1.153191926333e-17   3.115522467420e-01
  5.062500000000e-01   1.500000000000e+00   1.613918159461e+00  -3.459575778998e-17   3.115522467420e-01
 -5.000000000000e-01   8.416666666667e-01   1.181750858595e-01   2.082788945934e-01  -8.107419666546e-01
  1.000000000000e+00   8.416666666667e-01   7.922401781317e-01   4.907094973818e-02   4.272428625854e-01
  5.187500000000e-01  -5.000000000000e-01   1.606566805588e+00   1.139383046757e-17   3.160383551792e-01
  5.187500000000e-01   1.500000000000e+00   1.606566805588e+00  -3.418149140270e-17   3.160383551792e-01
 -5.000000000000e-01   8.583333333333e-01  -1.893247477034e-02   1.929996210390e-01  -8.107419666546e-01
  1.000000000000e+00   8.583333333333e-01   7.599373457706e-01   4.547112045116e-02   4.272428625854e-01
  5.312500000000e-01  -5.000000000000e-01   1.599303480393e+00   1.125739521404e-17   3.204176691942e-01
  5.312500000000e-01   1.500000000000e+00   1.599303480393e+00  -3.377218564211e-17   3.204176691942e-01
 -5.000000000000e-01   8.750000000000e-01  -1.448763979813e-01   1.756058032486e-01  -8.107419666546e-01
  1.000000000000e+00   8.750000000000e-01   7.302646900857e-01   4.137310005303e-02   4.272428625854e-01
  5.437500000000e-01  -5.000000000000e-01   1.592127129778e+00   1.112259370242e-17   3.246927310905e-01
  5.437500000000e-01   1.500000000000e+00   1.592127129778e+00  -3.336778110726e-17   3.246927310905e-01
 -5.000000000000e-01   8.916666666667e-01  -2.582768157951e-01   1.562880115300e-01  -8.107419666546e-01
  1.000000000000e+00   8.916666666667e-01   7.035473109019e-01   3.682178731283e-02   4.272428625854e-01
  5.562500000000e-01  -5.000000000000e-01   1.585036712266e+00   1.098940636950e-17   3.288660226504e-01
  5.562500000000e-01   1.500000000000e+00   1.585036712266e+00  -3.296821910851e-17   3.288660226504e-01
 -5.000000000000e-01   9.083333333333e-01  -3.578912895038e-01   1.352578956518e-01  -8.107419666546e-01
  1.000000000000e+00   9.083333333333e-01   6.800779294166e-01   3.186704736539e-02   4.272428625854e-01
  5.687500000000e-01  -5.000000000000e-01   1.578031198853e+00   1.085781388632e-17   3.329399665760e-01
  5.687500000000e-01   1.500000000000e+00   1.578031198853e+00  -3.257344165897e-17   3.329399665760e-01
 -5.000000000000e-01   9.250000000000e-01  -4.426284220876e-01   1.127458659642e-01  -8.107419666546e-01
  1.000000000000e+00   9.250000000000e-01   6.601136810846e-01   2.656316537840e-02   4.272428625854e-01
  5.812500000000e-01  -5.000000000000e-01   1.571109572857e+00   1.072779715538e-17   3.369169278955e-01
  5.812500000000e-01   1.500000000000e+00   1.571109572857e+00  -3.218339146613e-17   3.369169278955e-01
 -5.000000000000e-01   9.416666666667e-01  -5.115598157896e-01   8.899856897550e-02  -8.107419666546e-01
  1.000000000000e+00   9.416666666667e-01   6.438732983884e-01   2.096825179283e-02   4.272428625854e-01
  5.937500000000e-01  -5.000000000000e-01   1.564270829768e+00   1.059933730784e-17   3.407992153364e-01
  5.937500000000e-01   1.500000000000e+00   1.564270829768e+00  -3.179801192352e-17   3.407992153364e-01
 -5.000000000000e-01   9.583333333333e-01  -5.639302438356e-01   6.427618504098e-02  -8.107419666546e-01
  1.000000000000e+00   9.583333333333e-01   6.315347143594e-01   1.514360565272e-02   4.272428625854e-01
  6.062500000000e-01  -5.000000000000e-01   1.557513977107e+00   1.047241570084e-17   3.445890826653e-01
  6.062500000000e-01   1.500000000000e+00   1.557513977107e+00  -3.141724710252e-17   3.445890826653e-01
 -5.000000000000e-01   9.750000000000e-01  -5.991659248567e-01   3.884957777249e-02  -8.107419666546e-01
  1.000000000000e+00   9.750000000000e-01   6.232331131061e-01   9.153043000083e-03   4.272428625854e-01
  6.187500000000e-01  -5.000000000000e-01   1.550838034277e+00   1.034701391474e-17   3.482887299969e-01
  6.187500000000e-01   1.500000000000e+00   1.550838034277e+00  -3.104104174421e-17   3.482887299969e-01
 -5.000000000000e-01   9.916666666667e-01  -6.168808093581e-01   1.299732640013e-02  -8.107419666546e-01
  1.000000000000e+00   9.916666666667e-01   6.190594487093e-01   3.062197692938e-03   4.272428625854e-01
  6.312500000000e-01  -5.000000000000e-01   1.544242032425e+00   1.022311375045e-17   3.519003050707e-01
  6.312500000000e-01   1.500000000000e+00   1.544242032425e+00  -3.066934125136e-17   3.519003050707e-01
 -5.000000000000e-01   1.008333333333e+00  -6.168808093581e-01  -1.299732640013e-02  -8.107419666546e-01
  1.000000000000e+00   1.008333333333e+00   6.190594487093e-01  -3.062197692938e-03   4.272428625854e-01
  6.437500000000e-01  -5.000000000000e-01   1.537725014300e+00   1.010069722685e-17   3.554259044980e-01
  6.437500000000e-01   1.500000000000e+00   1.537725014300e+00  -3.030209168054e-17   3.554259044980e-01
 -5.000000000000e-01   1.025000000000e+00  -5.991659248567e-01  -3.884957777249e-02  -8.107419666546e-01
  1.000000000000e+00   1.025000000000e+00   6.232331131061e-01  -9.153043000083e-03   4.272428625854e-01
  6.562500000000e-01  -5.000000000000e-01   1.531286034111e+00   9.979746578083e-18   3.588675749792e-01
  6.562500000000e-01   1.500000000000e+00   1.531286034111e+00  -2.993923973425e-17   3.588675749792e-01
 -5.000000000000e-01   1.041666666667e+00  -5.639302438356e-01  -6.427618504098e-02  -8.107419666546e-01
  1.000000000000e+00   1.041666666667e+00   6.315347143594e-01  -1.514360565272e-02   4.272428625854e-01
  6.687500000000e-01  -5.000000000000e-01   1.524924157395e+00   9.860244251063e-18   3.622273144916e-01
  6.687500000000e-01   1.500000000000e+00   1.524924157395e+00  -2.958073275319e-17   3.622273144916e-01
 -5.000000000000e-01   1.058333333333e+00  -5.115598157896e-01  -8.899856897550e-02  -8.107419666546e-01
  1.000000000000e+00   1.058333333333e+00   6.438732983884e-01  -2.096825179283e-02   4.272428625854e-01
  6.812500000000e-01  -5.000000000000e-01   1.518638460877e+00   9.742172902882e-18   3.655070734496e-01
  6.812500000000e-01   1.500000000000e+00   1.518638460877e+00  -2.922651870865e-17   3.655070734496e-01
 -5.000000000000e-01   1.075000000000e+00  -4.426284220876e-01  -1.127458659642e-01  -8.107419666546e-01
  1.000000000000e+00   1.075000000000e+00   6.601136810846e-01  -2.656316537840e-02   4.272428625854e-01
  6.937500000000e-01  -5.000000000000e-01   1.512428032338e+00   9.625515398304e-18   3.687087558370e-01
  6.937500000000e-01   1.500000000000e+00   1.512428032338e+00  -2.887654619491e-17   3.687087558370e-01
 -5.000000000000e-01   1.091666666667e+00  -3.578912895038e-01  -1.352578956518e-01  -8.107419666546e-01
  1.000000000000e+00   1.091666666667e+00   6.800779294166e-01  -3.186704736539e-02   4.272428625854e-01
  7.062500000000e-01  -5.000000000000e-01   1.506291970484e+00   9.510254807280e-18   3.718342203118e-01
  7.062500000000e-01   1.500000000000e+00   1.506291970484e+00  -2.853076442184e-17   3.718342203118e-01
 -5.000000000000e-01   1.108333333333e+00  -2.582768157951e-01  -1.562880115300e-01  -8.107419666546e-01
  1.000000000000e+00   1.108333333333e+00   7.035473109019e-01  -3.682178731283e-02   4.272428625854e-01
  7.187500000000e-01  -5.000000000000e-01   1.500229384811e+00   9.396374402489e-18   3.748852812858e-01
  7.187500000000e-01   1.500000000000e+00   1.500229384811e+00  -2.818912320747e-17   3.748852812858e-01
 -5.000000000000e-01   1.125000000000e+00  -1.448763979813e-01  -1.756058032486e-01  -8.107419666546e-01
  1.000000000000e+00   1.125000000000e+00   7.302646900857e-01  -4.137310005303e-02   4.272428625854e-01
  7.312500000000e-01  -5.000000000000e-01   1.494239395480e+00   9.283857656913e-18   3.778637099778e-01
  7.312500000000e-01   1.500000000000e+00   1.494239395480e+00  -2.785157297074e-17   3.778637099778e-01
 -5.000000000000e-01   1.141666666667e+00  -1.893247477034e-02  -1.929996210390e-01  -8.107419666546e-01
  1.000000000000e+00   1.141666666667e+00   7.599373457706e-01  -4.547112045116e-02   4.272428625854e-01
  7.437500000000e-01  -5.000000000000e-01   1.488321133187e+00   9.172688241434e-18   3.807712354414e-01
  7.437500000000e-01   1.500000000000e+00   1.488321133187e+00  -2.751806472430e-17   3.807712354414e-01
 -5.000000000000e-01   1.158333333333e+00   1.181750858595e-01  -2.082788945934e-01  -8.107419666546e-01
  1.000000000000e+00   1.158333333333e+00   7.922401781317e-01  -4.907094973818e-02   4.272428625854e-01
  7.562500000000e-01  -5.000000000000e-01   1.482473739038e+00   9.062850022467e-18   3.836095455692e-01
  7.562500000000e-01   1.500000000000e+00   1.482473739038e+00  -2.718855006740e-17   3.836095455692e-01
 -5.000000000000e-01   1.175000000000e+00   2.649441047824e-01  -2.212762209936e-01  -8.107419666546e-01
  1.000000000000e+00   1.175000000000e+00   8.268192705776e-01  -5.213314743112e-02   4.272428625854e-01
  7.687500000000e-01  -5.000000000000e-01   1.476696364424e+00   8.954327059620e-18   3.863802880727e-01
  7.687500000000e-01   1.500000000000e+00   1.476696364424e+00  -2.686298117886e-17   3.863802880727e-01
 -5.000000000000e-01   1.191666666667e+00   4.197665499136e-01  -2.318491988115e-01  -8.107419666546e-01
  1.000000000000e+00   1.191666666667e+00   8.632957673355e-01  -5.462416345124e-02   4.272428625854e-01
  7.812500000000e-01  -5.000000000000e-01   1.470988170895e+00   8.847103603378e-18   3.890850714383e-01
  7.812500000000e-01   1.500000000000e+00   1.470988170895e+00  -2.654131081014e-17   3.890850714383e-01
 -5.000000000000e-01   1.208333333333e+00   5.809461541456e-01  -2.398819882896e-01  -8.107419666546e-01
  1.000000000000e+00   1.208333333333e+00   9.012700242737e-01  -5.651670570575e-02   4.272428625854e-01
  7.937500000000e-01  -5.000000000000e-01   1.465348330046e+00   8.741164092819e-18   3.917254658619e-01
  7.937500000000e-01   1.500000000000e+00   1.465348330046e+00  -2.622349227846e-17   3.917254658619e-01
 -5.000000000000e-01   1.225000000000e+00   7.467170000055e-01  -2.452865805055e-01  -8.107419666546e-01
  1.000000000000e+00   1.225000000000e+00   9.403259874865e-01  -5.779003910566e-02   4.272428625854e-01
  8.062500000000e-01  -5.000000000000e-01   1.459776023386e+00   8.636493153354e-18   3.943030041595e-01
  8.062500000000e-01   1.500000000000e+00   1.459776023386e+00  -2.590947946006e-17   3.943030041595e-01
 -5.000000000000e-01   1.241666666667e+00   9.152628674162e-01  -2.480037616159e-01  -8.107419666546e-01
  1.000000000000e+00   1.241666666667e+00   9.800357516680e-01  -5.843021274379e-02   4.272428625854e-01
  8.187500000000e-01  -5.000000000000e-01   1.454270442230e+00   8.533075594498e-18   3.968191826579e-01
  8.187500000000e-01   1.500000000000e+00   1.454270442230e+00  -2.559922678349e-17   3.968191826579e-01
 -5.000000000000e-01   1.258333333333e+00   1.084737132584e+00  -2.480037616159e-01  -8.107419666546e-01
  1.000000000000e+00   1.258333333333e+00   1.019964248332e+00  -5.843021274379e-02   4.272428625854e-01
  8.312500000000e-01  -5.000000000000e-01   1.448830787574e+00   8.430896407662e-18   3.992754620629e-01
  8.312500000000e-01   1.500000000000e+00   1.448830787574e+00  -2.529268922299e-17   3.992754620629e-01
 -5.000000000000e-01   1.275000000000e+00   1.253282999995e+00  -2.452865805055e-01  -8.107419666546e-01
  1.000000000000e+00   1.275000000000e+00   1.059674012514e+00  -5.779003910566e-02   4.272428625854e-01
  8.437500000000e-01  -5.000000000000e-01   1.443456269981e+00   8.329940763980e-18   4.016732683071e-01
  8.437500000000e-01   1.500000000000e+00   1.443456269981e+00  -2.498982229194e-17   4.016732683071e-01
 -5.000000000000e-01   1.291666666667e+00   1.419053845854e+00  -2.398819882896e-01  -8.107419666546e-01
  1.000000000000e+00   1.291666666667e+00   1.098729975726e+00  -5.651670570575e-02   4.272428625854e-01
  8.562500000000e-01  -5.000000000000e-01   1.438146109470e+00   8.230194012152e-18   4.040139933782e-01
  8.562500000000e-01   1.500000000000e+00   1.438146109470e+00  -2.469058203646e-17   4.040139933782e-01
 -5.000000000000e-01   1.308333333333e+00   1.580233450086e+00  -2.318491988115e-01  -8.107419666546e-01
  1.000000000000e+00   1.308333333333e+00   1.136704232664e+00  -5.462416345124e-02   4.272428625854e-01
  8.687500000000e-01  -5.000000000000e-01   1.432899535396e+00   8.131641676321e-18   4.062989961268e-01
  8.687500000000e-01   1.500000000000e+00   1.432899535396e+00  -2.439492502896e-17   4.062989961268e-01
 -5.000000000000e-01   1.325000000000e+00   1.735055895218e+00  -2.212762209936e-01  -8.107419666546e-01
  1.000000000000e+00   1.325000000000e+00   1.173180729422e+00  -5.213314743112e-02   4.272428625854e-01
  8.812500000000e-01  -5.000000000000e-01   1.427715786346e+00   8.034269453969e-18   4.085296030551e-01
  8.812500000000e-01   1.500000000000e+00   1.427715786346e+00  -2.410280836191e-17   4.085296030551e-01
 -5.000000000000e-01   1.341666666667e+00   1.881824914141e+00  -2.082788945934e-01  -8.107419666546e-01
  1.000000000000e+00   1.341666666667e+00   1.207759821868e+00  -4.907094973818e-02   4.272428625854e-01
  8.937500000000e-01  -5.000000000000e-01   1.422594110022e+00   7.938063213847e-18   4.107071090874e-01
  8.937500000000e-01   1.500000000000e+00   1.422594110022e+00  -2.381418964154e-17   4.107071090874e-01
 -5.000000000000e-01   1.358333333333e+00   2.018932474770e+00  -1.929996210390e-01  -8.107419666546e-01
  1.000000000000e+00   1.358333333333e+00   1.240062654229e+00  -4.547112045116e-02   4.272428625854e-01
  9.062500000000e-01  -5.000000000000e-01   1.417533763135e+00   7.843008993917e-18   4.128327783213e-01
  9.062500000000e-01   1.500000000000e+00   1.417533763135e+00  -2.352902698175e-17   4.128327783213e-01
 -5.000000000000e-01   1.375000000000e+00   2.144876397981e+00  -1.756058032486e-01  -8.107419666546e-01
  1.000000000000e+00   1.375000000000e+00   1.269735309914e+00  -4.137310005303e-02   4.272428625854e-01
  9.187500000000e-01  -5.000000000000e-01   1.412534011296e+00   7.749092999330e-18   4.149078447620e-01
  9.187500000000e-01   1.500000000000e+00   1.412534011296e+00  -2.324727899799e-17   4.149078447620e-01
 -5.000000000000e-01   1.391666666667e+00   2.258276815795e+00  -1.562880115300e-01  -8.107419666546e-01
  1.000000000000e+00   1.391666666667e+00   1.296452689098e+00  -3.682178731283e-02   4.272428625854e-01
  9.312500000000e-01  -5.000000000000e-01   1.407594128911e+00   7.656301600423e-18   4.169335130385e-01
  9.312500000000e-01   1.500000000000e+00   1.407594128911e+00  -2.296890480127e-17   4.169335130385e-01
 -5.000000000000e-01   1.408333333333e+00   2.357891289504e+00  -1.352578956518e-01  -8.107419666546e-01
  1.000000000000e+00   1.408333333333e+00   1.319922070583e+00  -3.186704736539e-02   4.272428625854e-01
  9.437500000000e-01  -5.000000000000e-01   1.402713399075e+00   7.564621330744e-18   4.189109591028e-01
  9.437500000000e-01   1.500000000000e+00   1.402713399075e+00  -2.269386399223e-17   4.189109591028e-01
 -5.000000000000e-01   1.425000000000e+00   2.442628422088e+00  -1.127458659642e-01  -8.107419666546e-01
  1.000000000000e+00   1.425000000000e+00   1.339886318915e+00  -2.656316537840e-02   4.272428625854e-01
  9.562500000000e-01  -5.000000000000e-01   1.397891113465e+00   7.474038885090e-18   4.208413309127e-01
  9.562500000000e-01   1.500000000000e+00   1.397891113465e+00  -2.242211665527e-17   4.208413309127e-01
 -5.000000000000e-01   1.441666666667e+00   2.511559815790e+00  -8.899856897550e-02  -8.107419666546e-01
  1.000000000000e+00   1.441666666667e+00   1.356126701612e+00  -2.096825179283e-02   4.272428625854e-01
  9.687500000000e-01  -5.000000000000e-01   1.393126572243e+00   7.384541117586e-18   4.227257490983e-01
  9.687500000000e-01   1.500000000000e+00   1.393126572243e+00  -2.215362335276e-17   4.227257490983e-01
 -5.000000000000e-01   1.458333333333e+00   2.563930243836e+00  -6.427618504098e-02  -8.107419666546e-01
  1.000000000000e+00   1.458333333333e+00   1.368465285641e+00  -1.514360565272e-02   4.272428625854e-01
  9.812500000000e-01  -5.000000000000e-01   1.388419083949e+00   7.296115039767e-18   4.245653076123e-01
  9.812500000000e-01   1.500000000000e+00   1.388419083949e+00  -2.188834511930e-17   4.245653076123e-01
 -5.000000000000e-01   1.475000000000e+00   2.599165924857e+00  -3.884957777249e-02  -8.107419666546e-01
  1.000000000000e+00   1.475000000000e+00   1.376766886894e+00  -9.153043000083e-03   4.272428625854e-01
  9.937500000000e-01  -5.000000000000e-01   1.383767965403e+00   7.208747818703e-18   4.263610743653e-01
  9.937500000000e-01   1.500000000000e+00   1.383767965403e+00  -2.162624345611e-17   4.263610743653e-01
 -5.000000000000e-01   1.491666666667e+00   2.616880809358e+00  -1.299732640013e-02  -8.107419666546e-01
  1.000000000000e+00   1.491666666667e+00   1.380940551291e+00  -3.062197692938e-03   4.272428625854e-01
