19400
func 0
Activation_out 0
5
2
40
40
40
3
 #l=           2
 -1.24056454520504428E-01  6.13783409820646830E-02  2.68346044927261287E-02
  9.58087363242465379E-02  1.51376698061971876E-01  5.21157904444978337E-01
 -3.12420620106044211E-01 -1.60889225511904987E-01 -7.92031697774527643E-01
 -1.48532216500395275E-01  1.02841498007592555E-01  3.21305533215451466E-01
  4.66568093109484716E-01  1.19750066558686627E-01 -3.87165785657914430E-01
 -5.32496817341608364E-01  1.07221890335379696E-01  4.66816503529809301E-01
 -3.46800014989428584E-01  4.48423520920496810E-01  4.29631280559767126E-01
 -2.74559846239718020E-01  2.15932522118893994E-01  5.35493754049516713E-01
  1.54332053018877646E-01 -1.57438670200539199E-01 -3.13589339118833910E-01
  1.00271364458196219E-01  4.72582089354452589E-02  1.35680870196616815E-01
  1.98479317009872258E-01 -6.45761088920806109E-02 -3.47486547623438835E-01
 -7.37577633183734843E-02  3.09841454620597312E-01  1.96433980679518699E-01
  2.76882909858606585E-01  8.73800793117523872E-02 -1.65469935270982887E-01
 -6.32661249149679972E-02 -6.59094616824606461E-01 -2.44651992849340555E-01
 -3.38350174620394434E-02  1.31221331061708468E-01 -1.45913219501354052E-02
  3.09413712596887658E-01  5.24151984471770138E-01 -2.53748758335945901E-01
  4.90395947436939816E-01  6.25723180048457617E-01  8.49234636965645495E-01
 -7.01067463102975214E-02  1.43969474887306256E-02  7.77616196040571972E-02
  2.85734716217110885E-01  2.37508961685609886E-02 -3.46598123418849324E-01
  7.60283703223314372E-02  1.59895259161507097E-01 -2.23026028523314157E-01
 -1.88610833234810968E-02 -2.90754248928009551E-01 -7.41820695551984155E-01
 -4.68287965209082809E-04  1.22046055284941932E-01 -3.76359981763582929E-02
  1.22069481759071341E-01  1.26818821341544902E-01 -2.74554847030386018E-01
 -8.27082984871674864E-02 -5.98265108249124416E-03  2.12737372389049606E-01
  9.63750396716578639E-02 -1.82317759063919616E-01 -2.55203545247043806E-01
  3.64641558342732375E-01 -2.99156873237298393E-01  6.69425616987385674E-01
  2.95036952977518925E-02  7.77315290453091112E-02 -6.02405173574565647E-02
 -2.29352317605611672E-01  3.40741783977672907E-01  5.61030706537602564E-01
  7.44795653175469585E-02  1.12852152023697985E-01 -1.19438374420837573E-01
  3.82129960724032561E-02 -2.57971481139710024E-01 -1.65368412862869935E-01
 -1.23120599372015666E-02  1.80778674475167780E-02  6.17888794621818532E-02
 -3.59303400778799992E-02 -6.24705627442446870E-02 -2.34738371838388332E-01
  3.55891799612679735E-02  9.05328768308972798E-02  2.50921177931790196E-01
  1.99856467538423344E-01  2.99596346165750094E-01 -3.89801171798370649E-01
 -8.37418369002534690E-02 -3.46454672320974544E-01  1.08160370988242951E-01
  1.84406476324202290E-01  5.71559448045794394E-01 -1.40785769091280988E-01
  1.93424943102342602E-02  1.37041298315627030E-01 -1.13829926479345825E-01
 -1.34029466857012197E-01  2.57738667935305699E-01 -1.19562642719155310E+00
  5.72571066883533278E-03  1.44963925297428020E-01  6.07392674569374805E-02
  6.02916038629359788E-02 -3.08915937437052701E-01  8.69060518947371241E-01
 #l=           3
  3.14482573688467326E-01 -3.43356394854042568E-01  7.24103877302412352E-02  5.22404648246878739E-02 -2.38126317813931149E-01  6.35851130878008486E-01 -4.69083094233977649E-01 -9.31312492187903185E-02  4.17674117698105460E-02 -1.62139640606414781E-01  1.82829324471222132E-01  2.23261044640897216E-01  8.73764898997653472E-02  4.18292384316184374E-01 -4.06742844635658352E-01  1.36923366720111739E-01  1.25459265179997814E+00  8.94476628778506505E-02 -3.42094280428352382E-01  6.09775113367862609E-01  2.99021031031281526E-01  1.06925811841638851E-02  2.76326814736212567E-01  2.84261019571083073E-01 -1.46888319989289164E-02 -2.20990840526706228E-01  1.22428572541202249E-01  3.69463972227465298E-01 -1.10400292245919018E-01  4.36524376421447424E-01 -2.27060829085952792E-01  4.40372820164830342E-02 -7.03941127691748575E-02 -1.40569947237337081E-02  5.58127032490678632E-01 -6.48164131888402051E-01  9.41572245108046713E-01  2.65477041780605605E-01  7.76835969822763650E-02  2.11831639955022799E-01 -5.74097628160873258E-02
  6.22092477170134162E-02  1.06957740590201064E-01  3.45823032769475361E-02  7.22847573686251910E-02  5.85634083933012778E-02 -1.44300246397513016E-01 -7.65341593035482742E-02 -1.88468586575700342E-01 -7.83841323748238200E-02 -1.57089701707839480E-01 -3.17962484499984543E-02 -2.80238330848131878E-01 -1.68549188765076297E-01  2.53076616985806080E-01  3.15835650368769594E-01 -2.03360201317011498E-02 -7.12245926041999211E-01  2.56799860381546285E-01 -6.12508612023292126E-02 -2.19774925172861846E-01 -5.70052654169839121E-02 -1.69794911053047837E-01 -1.80096595061002257E-01  3.91494285240162679E-02  1.37833693742845983E-02 -1.37895010723632638E-01 -1.07324232267055120E-01 -3.33855633445873212E-01 -8.12472565401554381E-02  7.03220453031368903E-02  2.55078004934856106E-01 -5.51928021700954993E-02  1.52247887938061037E-02  2.80499084897516737E-01 -2.24247235560132402E-01  1.00592751618785309E-01 -3.61780399453974388E-01  2.31883426374656122E-02 -2.30557452829249906E-03 -2.09230201229461010E-01  2.76237465903452384E-01
 -2.47786153872285621E-02  1.02102506235099755E-01  2.20970864614084446E-02 -1.75954004452534563E-02  1.36694553077681080E-01 -2.41652620371360344E-01  3.18165452488590295E-01  9.90272501147686640E-02  9.54419296208413176E-02  1.86273423808004768E-01 -1.11860488501525665E-03 -1.56216179830138718E-01  1.48413195191453573E-01 -3.65402934719231826E-02 -7.19376571934629006E-02 -2.67794082161062930E-01 -8.43467039524827267E-02  2.85873479279103240E-02  8.13691312172658832E-02  1.61131082440929135E-01 -1.82616919972910963E-01  1.45562603318544176E-01  2.08949722359887402E-01 -1.41540461138804849E-02  8.11806443034213121E-02  1.98090069728089034E-02 -1.42192096417725844E-01  2.63477805110509285E-02 -4.49904948743454838E-02  3.60322236814801189E-01 -2.38367417971909662E-01  1.48756029461684064E-01 -1.97463005874724873E-01 -4.25865196607852006E-02 -1.67958618197602133E-01  2.48868493837950649E-01  1.10035088213770629E-01  7.38466226751265456E-03  1.62340330986779718E-01 -7.93444778785221683E-02  8.44447067602836637E-02
 -8.38743321524921120E-02  6.41266288192445383E-02 -1.53655685131905868E-02  1.01722299105694164E-01 -1.09271220047540932E-01  2.19822333479028992E-01  1.67510797937561517E-01  2.36358785962298076E-03  3.27433306516061381E-02  8.87432328387073033E-02 -7.40091743876553632E-02  1.71394530315507776E-01  4.02343360718491888E-02 -1.48182942194943296E-01 -2.24115214123996015E-01 -8.62956559959560943E-02  3.60770776257983428E-01 -2.75709342293600446E-01 -1.52235232197713510E-01  4.78570768927529144E-01  5.44130335164514478E-01  1.76548979624924135E-01  1.69550711272824811E-01  3.12264695217778332E-01 -1.99824937274326569E-01  9.38159776586046032E-03 -1.80704379987425001E-01 -1.19305217206433209E-01 -1.38261937143731917E-01  2.69895242382782008E-01  7.53054942258863380E-02 -1.00501675436889426E-01  2.08816871738115112E-01  1.14919817533813015E-01  2.87432246320342200E-01 -2.29796804455114162E-01  7.66676839322410625E-02  1.41267384283667585E-01  5.04432760872042585E-01 -7.17048984672177675E-02 -1.35754731928518668E-01
  4.28507848921253279E-02  1.16724189463169786E-01 -6.38014444988596469E-02 -1.39031195002383784E-01 -1.93216494640144426E-01  2.44457066196096008E-02  8.76696281761561863E-02 -7.58497400702493885E-02 -3.01736046853627558E-02 -1.85669354851767637E-01  1.89742192054655867E-01  5.46286886535281083E-02 -2.34548395593364795E-01  1.68802913006412508E-01 -4.10067238476172283E-02 -2.17104477553346359E-01 -8.66974427877407472E-02  2.58661448146672857E-01  8.72459475078672525E-02  2.27753142333251668E-01 -4.42078949325208637E-02 -2.26714849404934027E-01  2.70161102392080861E-04 -2.28427088468916795E-01  1.19075715560340981E-01 -2.26350662476868913E-01  1.33448578815118124E-01  1.27718152543835839E-01  5.65203463800807229E-02  2.78720956554120436E-02 -1.38598268232565380E-01  1.38678611840537883E-02 -1.08039071606888276E-01  7.18068429280746962E-02  6.25222688060178694E-02  7.32671697009917022E-02  4.03705029252129644E-02  6.62880387958763306E-02  5.46146799986832673E-02  1.98537384790046484E-01 -1.08800254747895522E-01
  6.41816860842085168E-02 -2.97668644284833139E-01  2.50041589304204170E-01 -4.61909091775606240E-01  8.20442822194038940E-02 -4.51594014032033961E-02  9.27559387286605933E-03 -1.18173632299575671E-01  2.63447760242841111E-01 -7.73663571724133442E-02  2.80097135048934853E-01 -1.94357321327803839E-01  6.77301879015690528E-02 -1.26093381606515925E-01 -9.33981559475122181E-02 -9.98743625595154838E-02 -2.80273322765205446E-01  1.41691024847805769E-01  3.53547051095099291E-02  5.90130289198229838E-02 -4.16932377150011468E-01  4.37758777070325969E-02 -2.22331535890937487E-01 -4.32528158402750162E-01  9.29036218993637697E-02 -7.43000204854181168E-02  4.91827455863821039E-01 -1.17371650053456636E-01 -2.65283896098462528E-02  4.23682495327552325E-02 -2.07650993575875575E-01 -9.56485217886832995E-02 -1.61006606538338953E-01 -1.81990498946536378E-02 -2.00270001064739689E-01 -2.59862041953344489E-02 -3.57859227925666157E-01 -5.31787056790714696E-01 -4.08770940159145169E-01 -1.59516907606922248E-01  4.95813170706676076E-01
 -5.98678228418865754E-02  6.46848643071349927E-02  1.37127788815795765E-01  5.71774634499033416E-02 -1.93340003763119217E-01  2.98771844346976401E-01 -2.27793585608362520E-01 -1.72241475248044867E-01 -1.22104543495974121E-03  8.94338181988016540E-02  9.00668350418916547E-02  3.07475304189909260E-01 -1.69578559609369420E-02  7.10465869730075444E-02  3.09044257545043721E-01  1.94758209284228323E-01  1.75564531183780431E-01 -3.95475091628704478E-02 -4.03768846336823375E-03  2.65896127200784871E-01  3.96301770038210377E-01 -2.72703950064051515E-01  1.39886548870348598E-01  4.12122045990667707E-01 -5.03388470381833236E-02  3.51120772904589928E-01 -4.98310245665041993E-02 -1.30613648931596854E-01 -7.14061100280963534E-02  2.13403605105210281E-01  1.53495061444794773E-01  1.79098190406720681E-03  6.66136536855467254E-02 -2.48987709859402495E-01  1.62284059498733590E-01  1.09483893904989193E-01  1.64877775589448827E-01  2.06090729802155009E-01 -2.86580521584733516E-01 -3.05518182832008989E-01  1.02461306630544119E-01
 -5.73808822137630778E-02 -2.42709629285853490E-01  2.96456724135729710E-01  5.77882390802062149E-02  8.04406157912617437E-02 -1.53060013024498148E-01  1.46007809368039893E-01  3.72848063497027926E-01 -1.07211004900491846E-01  1.81291847053193345E-01 -1.77204705179673461E-01 -3.48950801448728865E-02 -1.57107655153764347E-01 -1.81502116339544828E-01  3.28428378585264358E-01 -4.73265196678940223E-02 -2.45895797279991973E-01 -1.86134476678773732E-02 -3.49342208121689105E-02  3.33985963950599735E-02  1.39454146424272313E-01 -1.59811595012954943E-01  6.79181866839513176E-02 -1.44669339859420654E-01  2.05832747348435707E-01  1.41817530043662321E-01 -6.98325320712448044E-02  6.86169100357772038E-02  2.80798941963291804E-01  9.84599854841311933E-02  2.33021477498758407E-02  1.55226049941556532E-01  4.11522318900591835E-02  3.66851812140424949E-01 -2.17205477139960801E-01  2.38588748235600938E-02 -1.75974057187825855E-01 -1.36405488250356310E-01 -1.06446507417694666E-01  1.13394270497031956E-02  3.34454953065808969E-01
 -1.44797298962236615E-01  4.22623463828453561E-01 -6.30706395999323544E-01  5.24657527105230614E-01 -1.21832835121937391E-01 -1.75054916222905088E-01  4.02273126980023321E-01 -8.21608963985746843E-02  1.07069545581139514E-01  1.17627299218224374E-01  1.85729710344826673E-02  1.96122519573489057E-01 -2.42534595642455941E-01 -1.91116940494617749E-01  4.53509244473025153E-02  3.56569181163766347E-01  2.83817432011146953E-01 -5.55804644398217085E-01  2.67886418237795243E-01  2.96296538148021649E-01  1.24984456113710576E-01  4.91907605706587814E-01  9.01145475791394063E-02  2.70971417263088155E-01 -1.98521555950538303E-01 -1.91601226291253264E-02 -5.12696260801476011E-01 -1.53171282269812831E-01  1.44586720716102235E-02 -2.13352994621202330E-01 -4.74717114210950752E-02 -8.56591751826502740E-02  4.25598900803909996E-01 -5.45677428166673528E-01  4.31174921779052089E-01  1.86982356590646631E-01 -3.43696272436709097E-02  2.12381930753795301E-01  1.14367463701487804E+00 -4.65623438750223662E-02 -5.79418081174096322E-01
 -2.57823218471129600E-01  3.69176721510212913E-01 -9.22308646035355367E-02 -3.81747480797796634E-02  5.12433864214192014E-01 -1.38623275016539371E+00  1.10489618171525428E+00  1.38058610385780572E-01  2.15713446139396303E-01 -6.88167087114142539E-01 -1.31736061259462911E-01 -5.61166545537552630E-01  4.97924775171712953E-03 -1.79541770454705069E-01 -1.23656138226258261E-01  3.88752991734363298E-02 -3.44050076222816248E-01  1.11296007519672807E-01  2.01257832249147256E-01 -5.37711689129849568E-01 -8.16118796569395566E-01 -6.78616434445489941E-02 -8.77537340816683664E-02 -4.07473916194158736E-01  2.24391064265847734E-01 -1.30229905096360427E-01  1.24895663844642027E-01 -2.85832905314280683E-01  5.74781090042700615E-01 -9.47858209904558907E-02  5.86714201191827420E-02  4.78656472127649904E-02 -8.50884288787721599E-02  2.21537460540814565E-02 -6.14886893680734681E-01  3.17290403507104246E-01 -3.45674479193387285E-01 -1.28179053749212513E-01  1.06508801813562565E-01 -5.42355856008562287E-02  1.74620966061925120E-01
 -1.58742840887926458E-02  9.48379665055081311E-02 -2.20331381361720147E-01 -1.38896590258923980E-01 -3.02518133153621915E-01 -1.95081779896503410E-01 -7.45977965144158511E-02 -1.00263016294500615E-01 -6.48928443517985537E-02  1.10233042836191786E-01 -5.93245544065712435E-02  3.77523438986868021E-01 -1.94744715657940493E-01  2.10426238701360402E-01  5.61075105916107528E-02 -5.55557231117327147E-02  3.55221116026553790E-02 -1.40371130116160425E-01 -1.21677089556161536E-01  1.21384474061632275E-01  3.25675946314887277E-01  2.44645513415664290E-01 -4.02304196540445927E-02  3.95787014110204172E-01 -1.61740267327620119E-02  2.51435412107306223E-02 -1.17042135740488156E-03  3.63260800734826583E-01 -1.32645553840741143E-01 -3.69672863797739559E-01  1.00911084233927154E-01 -2.04313470991350665E-01  4.08437598105059085E-01 -3.53567769344860783E-01  7.03432339239787319E-02  2.45263527619096373E-02  1.06293016405776458E-01  2.43188733907683668E-02  1.85331641209002834E-01  2.50451827501655400E-01 -5.72479843691968970E-02
  3.02830579688562918E-01 -2.36756813729346094E-01  1.42086305993837286E-01 -1.11152089117101768E-01 -3.53354663529897639E-01  1.32697603703452516E+00 -8.06524542965297853E-01 -2.96397187791852534E-01 -2.05907398869458136E-01  6.00271861787019745E-01  1.09994226961682567E-01  2.81318346611955539E-01  5.49116103269368244E-02  6.39996947697842100E-01 -3.45989172553046065E-01  6.50909264003536169E-03  4.70971879817645322E-01  3.82642291761366826E-01 -3.38775425754642756E-01  5.69758898283663884E-01  5.77320597033838465E-02  2.68874940752491659E-02  1.88017132279486993E-02  2.32603210549728739E-01  1.42332674489457356E-01  1.65543871559910682E-01  1.69098969885368794E-01  3.15697721050240757E-02 -1.91916694111523845E-02  3.76917010121865570E-01  2.42860232121844440E-02  2.45461917779012218E-01 -8.00936768987770831E-02  2.51024274233773659E-01  1.33605728688104775E-01 -1.02826768666013812E-01  3.43200863331547590E-01 -2.09629270161181991E-01  2.42618440175019018E-01  2.21472398023500577E-01  2.52862197803216393E-01
 -5.55953665991308008E-02  3.34180305682915846E-01 -4.80098463853982152E-02 -2.33956368760816324E-01  2.17158332627464135E-03  1.31705590648215631E-01 -1.70144487302779118E-01  9.21823578292196161E-02 -1.03300280861304567E-02  7.70680602398704090E-02  1.97369495724448174E-02 -4.84569882454707820E-02  6.30068032667654813E-03 -4.92572572904306435E-02  1.51217596407887567E-01  2.61585208193192476E-01 -7.17254248496397920E-03 -2.05378092833589376E-01  1.56535330302258940E-01  3.50597479197830963E-01 -2.17095337833276308E-01  8.78599650100113927E-02  6.51499669600071468E-02  1.09965035652768064E-01 -1.99819798953903699E-01 -1.41494732461427353E-01  2.04416941992133977E-01  1.31998829373788679E-01 -1.82557894576479939E-02 -2.02311319448988308E-01 -1.29143542803596800E-01  3.16772631115688375E-01  1.53364427287685956E-01  2.75368362647161524E-01 -1.05543209970168530E-03  2.36128144509712035E-01 -1.20253958572719439E-02 -1.95748455121848380E-01  6.74994432639455938E-02  2.60926565638029351E-01 -7.02690837811194985E-02
  3.21579410384070896E-01 -7.95490625097211579E-01  4.57758512335340650E-01 -1.35949178961198447E+00  3.05900527937780609E-01  3.91021755573834451E-01 -2.85744501922735317E-01 -1.49182473078536992E-01  9.46481143226070992E-02 -3.79598898973212903E-02  6.70076583269566428E-01  1.53575227050300023E-01  4.17177364462952699E-02  4.34899080063232302E-01 -3.86566541133713970E-01 -2.73515430522331182E-01  3.46377238693509476E-02  9.26857837645468918E-01 -3.34975350366620406E-01  1.47398302786879015E-01 -2.30931464656849855E-01 -2.70149792133755617E-01 -2.09920648968475343E-01 -1.09126325975621385E-01 -5.95195051259183386E-02 -3.73225887105973764E-02  1.40553149442953318E+00 -9.83255363410855815E-03  9.87501571728654354E-02 -4.44275516187310690E-02 -2.48551154568217136E-01  3.65680435169727203E-01 -5.09636898953047868E-01  5.46162752630220849E-01 -6.51063721894246383E-02  2.53906927132968252E-01  8.52169861686948547E-03 -1.01003583484508726E-02 -7.64778771532559465E-01  4.22450788998898763E-01  6.55252433947244528E-01
 -3.75709469990183481E-02 -2.87083673339259236E-02  4.59339303466468674E-01 -6.76104635438846274E-02  4.60925579024060103E-02  5.10320704601147423E-01 -2.72125692226304339E-01  4.55309189901419095E-02 -1.46897061783392235E-01 -5.01682418961300475E-02 -7.02720110779850218E-03 -1.34054191756438380E-02 -9.44564235316882606E-02 -2.04539761964181666E-01  9.59376477880874018E-02  1.51179128841795657E-01 -1.95751376953282805E-02 -1.03654472666485462E-01 -9.54099866075022729E-03 -3.02464490522665616E-03  1.80754012871035319E-01  9.53687965208553645E-02  6.98394820256237336E-02  4.58053342620236767E-02  1.62323716446097166E-01  7.89958995224093463E-02  5.92969598447011595E-02 -5.77465202377617851E-02  1.67383204121596990E-01  3.86055047239138360E-01  1.54350984696953963E-01 -3.84701604879238226E-02  1.37696599243617962E-01 -1.93348492769539776E-01 -1.75060290603112845E-01 -1.92068814260697523E-01 -6.57239403453837440E-02  1.44111375692947519E-01  3.41012419651595539E-02 -2.09390187519775312E-01  1.77501820854253561E-01
 -8.05844539591748649E-02 -1.08379461151766696E-02 -3.71553672801941196E-02 -3.39346762638571900E-02 -2.17670365578856828E-01 -4.16403024821808826E-02 -1.06752246118456989E-01 -3.45265269246776765E-02  2.42706213036498114E-01 -3.33225952025325732E-03 -1.10028952494194157E-01  8.47763102165835086E-02  2.46896430652913008E-02  2.53380680481879617E-01  2.20172809031675187E-01  3.31329792944149576E-02  7.02445766157933360E-02  3.94149390644441058E-02  6.32972946607040649E-02  3.73994972663310096E-02  1.71525645816054985E-02 -1.92737739996760082E-01 -3.15567559864513639E-02  1.31333039392257350E-01  1.31524092832929970E-02 -1.22672004318724007E-01 -2.47727412779210815E-01 -5.81088228551291108E-02  1.70876228478113235E-01  5.20299041281042998E-02 -8.56591160601622055E-03  5.36673803010126182E-02 -4.28285828692605355E-02 -2.09822925769862362E-01  1.91116275619421405E-01  1.48750661115130446E-02 -1.25350806782645874E-01 -1.10082781059433296E-01 -1.41568294120173882E-01  2.66802452248183275E-01  8.00840101689783146E-02
  1.56871589467303119E-02  9.72863427842386580E-02 -1.16120357244779801E-01 -5.87081606749320223E-02 -2.10260719268008600E-01  3.80495509062435511E-01 -3.24035653736310103E-01  2.06529331022949514E-01  6.20031013294122628E-03  2.83936055706587309E-01  9.10656657850712897E-02 -4.95019170529339830E-02 -1.80935604298961633E-01 -5.34195136061869219E-02  1.59508440666586732E-01 -3.09720701252080366E-04  1.70988276538734690E-01 -9.35432127577431327E-02 -9.42162198046428007E-02  7.15257705989561371E-02  9.79672996899366884E-04  3.46623401870378434E-02 -1.41532409999672343E-01 -3.02888946807452243E-02  1.92866339696809636E-01  2.48470075793893935E-01  5.77349009135324220E-02  4.63001656357793917E-02  2.67165522208925421E-01  1.22470255845496950E-02  1.79052950777607023E-01  1.32789613081132879E-01  2.60283613678696013E-01  1.05002772912334799E-01  1.26020205287332900E-02 -3.30733848625494375E-01 -3.86547466709073057E-02  3.02303562394626094E-02 -3.20857256145845926E-01  1.41864187905362010E-01 -2.03037837204224525E-01
 -2.31479563934145205E-02 -7.24360516557838972E-03 -1.47414684305756383E-01 -6.13055597297229582E-02 -1.99739065998342707E-01 -2.19271482740961365E-01  1.90580100505933298E-01  1.32442798605053071E-02  2.34394544390854331E-02 -1.27472091733984244E-01  4.65291602062144621E-02 -1.01353789533853128E-01  4.02313410757059939E-02 -1.98118091713444217E-01 -2.79662400886558027E-01 -9.88467420526430718E-02  1.59909230480455633E-01 -9.54936687542770613E-02 -1.39330641573262998E-01 -1.23557176576520031E-01  1.77830085791947895E-01  9.40171849466647502E-02 -1.24703890582636950E-01 -1.02993641307704498E-01 -1.73442730149198254E-01 -2.56474980330921143E-01 -3.47128506701905523E-02 -2.75020266461362628E-01 -3.40428028821751008E-02  2.37454184614005082E-01 -2.05413818004508891E-01  2.14104989631929865E-01  7.91574108944189947E-02  2.63958687193073666E-02 -1.69300891961519318E-01  1.85171636020335477E-02 -5.84652920732995282E-02 -2.78229595899496696E-01 -7.12632420617523854E-02  6.07997384485079798E-02 -2.96756139892702907E-02
  2.69003751171681071E-01 -4.37289040308187216E-01  1.96012921747207525E-01  1.54068712987163320E-01  9.58574303344018330E-02  7.54465327670788000E-01 -2.05010206484348673E-01  2.00591821878425114E-01 -1.62713769097215882E-01 -2.92181660422677181E-01 -4.99976565665414471E-02  7.01809225663849873E-02  4.10491667081160305E-01  3.15073266470355162E-01 -6.44654481636769860E-01  3.15647189487453239E-01  3.99694697972231838E-01  4.77568079118016298E-01 -1.69230337811142606E-01  1.03458744620032989E-01  4.81039447748706273E-01 -2.89966808673844556E-01  4.12344524716805105E-01  2.76554017902516325E-01 -1.56619284409155846E-01 -4.00210231583046527E-01  1.93234203316486663E-01  6.58703514413672475E-01  6.65817345055075421E-02  4.97473922409213343E-01 -4.88600691629879791E-01  1.57330530038164162E-01 -4.01610949628379232E-01  2.25572473159041997E-01  3.57737779532317224E-01 -5.91521297498028731E-01  6.93620131140749496E-01  1.84393985624532186E-01  2.22075642042880744E-01  5.36345235792564878E-01 -1.15804712688225724E-03
  2.37969943197338524E-02  4.05701420717134609E-01  3.02415104444183402E-01  1.35845350128673631E-01  8.32996431464916864E-02  8.60292569733646650E-02 -1.08958425317392443E-01 -3.15066203778796433E-02 -1.58985828535483958E-01 -3.08854982448037753E-03 -2.02808934827808512E-01  8.79171886497224636E-02  9.35936574284959057E-04 -7.96979430144455631E-02 -2.03333082342866574E-02 -1.60578800117673642E-01  1.08717209329164469E-01  1.67661306761496293E-01  2.33898397657129400E-02  2.93971263566041419E-01  6.30276031853039959E-02  1.25169399639703971E-01  6.24947271034778512E-02 -1.08087068478686862E-01  4.32739177532369262E-02  8.58420898999472382E-02 -1.31552081670594956E-01 -1.52504828592152392E-01  4.17363355578055095E-02  1.62913187288460493E-01  5.24153898876884988E-02 -8.34521098671075906E-02  2.66423142585897176E-03  3.02213675616801736E-01  3.65067355863429380E-02 -1.76965375347449050E-01  1.26492523370292237E-01 -3.09371343142922119E-02 -1.20784424653937975E-01  1.95143104039795540E-01  1.22036560790099322E-01
 -8.21725054909417385E-02  2.01188614972554441E-01  1.04343895395905925E-01 -1.67571993937998792E-01  1.07069589131420492E-01 -2.04608570705053339E-01  1.74811147392269078E-01  7.59744115116885443E-02  2.28166538602943447E-01 -2.47875613158263397E-01  8.84825536386432687E-03 -4.97913633190801397E-01  4.71283600327142282E-03 -1.08471467356236556E-01  3.81972999209886574E-02  1.42240620724965822E-01 -1.94408327986232310E-01 -1.16848841871336123E-01  2.59891224249234443E-01 -9.07963468502190688E-03 -8.71976148894038350E-02 -8.22324681310505380E-03  9.69634070870725034E-02 -2.27532985053290865E-01 -3.16179416782594980E-01 -1.97951412605387567E-01 -2.10592512411941102E-01  2.42251122441818095E-01  1.34614854747888424E-01 -2.54949645582567719E-01  2.34151722266262331E-02 -1.79016250622288819E-01 -7.16119271181893668E-02  7.27856123911368308E-02 -1.50891349997514745E-01  2.27217163220935423E-02 -9.55633296021049239E-02 -1.59103432412730755E-01  1.51620675027701241E-01 -5.61310311236202283E-03  1.61761921211233395E-01
 -9.55220324014352945E-02  1.28892206314384278E-01  3.74868498122536253E-01 -6.09993257582727377E-01 -3.55774719629063096E-02 -7.54354831134554593E-01  3.34731883353677206E-01  1.21346844827738651E-01  3.27703263021707880E-01 -3.53753535003699326E-01 -7.65563976688509729E-02 -5.43081343573279418E-01  3.62815461934216266E-01  6.85088557513989227E-02 -1.50323794205770356E-01  9.87922533055924645E-02 -4.27084259009105516E-01  3.55732349581690144E-01  4.20180746709309799E-02 -6.73495439552399100E-01 -1.57751002360237119E-01 -6.67542721512349946E-01 -2.39141045134635098E-02 -4.65933282964983986E-01  3.02254826009155708E-01 -2.19122866916136610E-01  2.00354871631349796E-01  4.43259071661951387E-02  2.91008363199261266E-01  9.22209942156297785E-02 -3.07170775476998337E-01  7.62462238273778764E-02 -1.21818230752088821E-01 -1.70834439769286889E-01 -3.72519045653226910E-01  4.95179773721671324E-01 -2.70348129937458374E-02 -2.77874497273476913E-02 -3.49705374157959048E-01 -7.24440874358901477E-02  2.92614677793624989E-01
 -1.89660950721769958E-02  1.98219330301602520E-01  2.49419642666325825E-01  3.12260336130022298E-01  1.21756333528838592E-01  1.69774800866189339E-02  2.17020634911644222E-02 -4.64266069070624204E-02 -7.37198067257006321E-03  8.29160644211365261E-02  1.19668404125337677E-01 -2.31895516146767185E-02  1.87087582195631319E-01 -1.53898140387859900E-01 -2.15833973874511809E-01  1.88960501618873900E-01  2.52177326998675733E-01 -8.36851166625019877E-02  4.96090957942848798E-01  8.52702264087143308E-02  2.75208409434204160E-01  9.55334585718437407E-02 -8.98368949722676974E-02  1.10833683505835584E-02 -1.30059931080924285E-01 -1.62515405190603243E-02 -3.01427715130924312E-01  6.48369980221467357E-02  8.83760210343704361E-02  1.48482473696948281E-01 -1.72703254894254299E-03  7.23749563868491541E-02 -1.29668723360790883E-01  1.17903008585433702E-02 -2.73476296441047428E-01 -6.71599560308082794E-02  3.81800481933416980E-02  1.66822367331224963E-01 -2.42005684708962943E-01  1.14934916808901000E-01  1.09827253174778275E-01
 -2.90426624924581434E-01  3.65282329840254438E-01 -1.24644837355312302E-01  2.87660690350370063E-01  6.28920101042725443E-01 -2.02654587389581531E+00  2.16172630740080329E+00  1.02564013664019527E+00  2.12999788308745497E-01 -3.57516208762718946E-01 -9.84568292778685988E-02 -4.55269440493733579E-01  8.19581278727528756E-02 -6.24931696435189865E-01  4.52808221679203010E-02  1.87601993901867804E-02 -5.44228987187092117E-01  2.10759512167587454E-02  7.92453745833992529E-01 -8.96243943418921662E-01 -3.53038252428252652E-01 -3.08988475775784976E-01 -2.19776594320129665E-01 -4.59419535432511850E-01  2.60852011147987617E-01 -2.64867018013564048E-01 -5.24625682567522067E-01 -3.63269857580291178E-01  3.89457622934737346E-01 -1.51663182636012334E-01 -3.07512618782997460E-01  3.36710090389133162E-03 -4.22883567100868982E-02  3.20930686981969415E-01 -9.07465805663851682E-02  1.33048254117037024E-01 -6.26191414456882534E-02  1.23327983457491006E-01  1.63536427660774836E-01 -3.13540181378313063E-02 -3.92662896215789869E-01
  3.25979559854746026E-02 -2.96758463656305371E-01 -1.22760945590401540E-02  2.36548033644301062E-02  2.74043623628925981E-01  1.32751428942378680E-01  1.41965863677418258E-01 -9.09076185230387607E-02  1.96641587844267524E-01 -1.03327712215190333E-02  8.33866230400600456E-02 -1.28504832255780868E-02  1.97176171102512149E-01 -1.07558828198026812E-01  6.73782671863523835E-02 -1.95097505868214477E-01  4.86306753401398173E-02  7.60894057358779130E-02  1.50579159950074648E-01 -1.71032997767321227E-01 -3.38579229334119491E-01  2.23858775661150491E-02 -4.53755720003887891E-02 -3.26153130863588835E-03  2.47361930201051183E-01 -1.63377233181635689E-01  2.39665366469914209E-01  3.79133231210172006E-01 -6.20131171673470177E-02  2.81954852741412687E-01 -2.33981841155394277E-02  1.29847316350080816E-01 -3.56986444119898993E-01 -1.62452102392093012E-01 -1.03833485199718065E-01  5.21087147707558138E-02 -1.70196839597529209E-01 -1.95947563876182423E-01  9.52829364322449641E-03  1.01402819004325129E-01  7.58386922811403463E-03
 -9.80100926056657051E-02  1.30485148902865861E-01 -2.83454346754193724E-02  6.09381158698243074E-03 -5.94490873067954062E-02 -1.76849225325240132E-02  6.96005619248185048E-02  9.28551409768394037E-02  1.25206126894796474E-02 -2.75007740600153455E-02 -7.33952261626733826E-02  4.84900202358407636E-03  5.57737172212381047E-02 -4.04565979515644492E-01 -1.60012606105695204E-01 -2.77881313028572989E-02 -9.21412584327779664E-03 -1.17510427686736557E-01 -3.52890669396089374E-01 -6.96957624362679745E-02  7.39360689865561638E-02  2.83614346494925375E-02  1.75160430217378649E-01  2.18980710280708035E-01 -3.78254796091536706E-03 -2.47407378483957219E-01 -8.39013667874365932E-02  1.04017911654015929E-01 -6.27933418943031479E-02 -2.69101101369467244E-01 -1.78831895267708083E-02 -3.25352259186146908E-01  2.68579294544040614E-01 -3.69077342648066575E-01 -1.79408269940812826E-01 -6.87980013455894851E-02  2.23016833200928022E-01  1.33419592267196796E-01 -3.74693835009984377E-01  1.02399543986423397E-01  1.51470864343570544E-01
  2.86299583523164543E-02 -1.83997354509165989E-01 -1.17976344718603826E-01  4.19135720859507344E-01 -4.30951935260208210E-02 -2.54267428104833128E-05  8.85639066091709198E-02  1.01823609173223556E-01 -9.71302610928317378E-02 -2.80769805967622556E-02  4.98305720334535438E-03  1.80188545715406767E-01  5.30006583238160967E-01  7.24267584246880980E-02 -1.40865316415801078E-02  2.57392570883329286E-01  4.64527425901017227E-02  9.04085692635706178E-02  2.55388440897671487E-01  2.55767182268495097E-01  1.35152743035446526E-01 -9.18679641657600167E-03 -3.88951465876767729E-03 -9.82046432085127881E-03  1.73717866424111661E-01 -6.95996901017345154E-02  1.06153806090598449E-01 -1.54492148312799532E-01 -1.02310199196998339E-01  3.18498144021007457E-02  1.11298279232048686E-01  1.20886957522364877E-01  1.38211290988107638E-01  4.70710878693979175E-03 -7.60505462407581323E-02 -1.15900470952799706E-02 -9.65050054545679853E-02 -6.60575691128120895E-02 -1.04797612026110251E-01  2.25437262510217000E-02  1.45749871782944823E-01
 -1.56689098070267527E-02  2.66098460995337016E-01 -8.89588740564377783E-02 -8.78882655984120770E-02 -2.00645399990977719E-01 -3.84091568514660253E-01  2.10703765867431614E-01 -7.93515550934339453E-02 -4.95941647489902548E-02 -5.32945983012657748E-02 -1.96515554574886619E-01 -1.55573151051867420E-01 -1.97087853220422500E-02 -9.58768589379930120E-02  8.24680329831356529E-02 -1.12733673348841407E-01 -1.64083351075731992E-01  1.78198365138634962E-01  3.92119454941757400E-02  1.55600148388896409E-01  1.81234589570925461E-02 -1.25267151290384626E-01 -1.48085874401568562E-01 -9.14431257931869190E-02  2.00869062152507272E-01 -8.29644597848459425E-02 -2.31985211892896427E-02  2.06056510679313132E-01 -4.36897971611567085E-02  4.28567906960996975E-02 -1.24568415108735162E-01  5.79885552335111659E-02 -3.08470948376037835E-01  3.20454260215658274E-02 -6.60180383607457122E-02 -1.32410534684353931E-01 -1.06938807338480976E-01 -1.66716321681899954E-02  2.79400710451061629E-01  1.21918815651071266E-01  2.18490380991523681E-01
  1.99928886719541454E-02 -6.10101212015574934E-02  2.23228640584607757E-01  1.11360280974941842E-01 -1.47570338721674021E-01  2.76940499086387425E-02 -5.60873105573253192E-02  3.56547486646791312E-02 -2.48975218739736659E-01 -5.47902490185420751E-04  1.94661158727622158E-01 -1.46845833187943028E-02  3.49462377919936618E-01 -2.67084724282921071E-02  5.79388497079088127E-01 -1.97705319565296411E-01 -2.85334523920253491E-01  2.79873513887894457E-02  9.15756461575002179E-02  4.30386185059123905E-01  6.69418021208087605E-02  4.03418002575486878E-02  3.88156008224345705E-02  8.18390284132777951E-02 -4.82218553507912373E-02  2.75582051710363152E-01 -1.65358819708351043E-03  1.14066751776710426E-01 -4.60674711532148562E-01  6.56442585944624468E-03  1.20066401929170827E-01 -2.56860681997396270E-02 -1.20759103948904781E-01  2.05170617291920765E-01  1.26906383661197775E-01 -5.73884694590163016E-02 -2.59130836390024877E-01  2.08517351526506994E-01 -1.53052398554062608E-01 -5.18179601353440100E-02  2.84173875721509428E-01
  3.66970302545917768E-02 -7.10983009406653266E-02 -2.61278824077719130E-01 -6.48236898924387239E-02 -4.52902530746991328E-01  3.12206074980132142E-01 -1.60020746355660409E-01 -9.10244771551206172E-02 -2.93241597838823254E-01 -5.89881040595439509E-03 -8.15367968250665515E-02 -2.67611425428208038E-02 -1.29053187399808755E-01  4.03551162872269664E-01  6.51490610919518570E-02 -1.51673920552234665E-02  3.84772874102919799E-02  1.59071959347141190E-01 -6.10341779663857789E-02  6.64257918372661987E-02 -2.60553177140907588E-01  4.45453916481182866E-03  2.13957792558580190E-02 -2.37315768310157396E-02 -2.94716433720215887E-01  1.39244484033135163E-01  2.70715310191445901E-01 -3.70980058464770099E-02 -5.12398360941247605E-02  1.80050359318551963E-02  7.07434620889309251E-02 -7.62545040090899656E-02 -2.63153713378723897E-01 -5.78119731237710516E-02  9.36136452879564734E-02  2.92388171259741914E-03  2.32318520678910685E-02  1.51715263540170092E-01 -8.82410853858362348E-02  6.77985089495230508E-02  3.83270322942172031E-02
  1.78414659631737256E-02 -2.55304457402151241E-02 -2.60671120000848869E-02 -7.30863937699268492E-03  3.72308173816008725E-01 -2.75862129343943385E-01  2.21739739216840842E-01 -4.21469814131637255E-02  2.54567312243808463E-01  8.30223199654695210E-02  3.73600463558525220E-02  5.46553217402471689E-02 -2.89857970236972462E-01 -3.78008852973063136E-01 -3.35099005545237139E-02 -1.62721653193527327E-01  1.53748852209974363E-01 -4.60758718159527333E-02  1.14604755922743703E-01 -2.61424938718732458E-01 -1.03245041868283149E-01 -2.85091205294274841E-01  1.33092558490564394E-01  8.82918212921330881E-02  9.25835769524597368E-02  5.54275706819202206E-03 -4.77069099390908247E-02 -1.29954640738084576E-01  5.78070804661729443E-02 -2.46708398670090284E-01  2.39360249880025161E-01  1.56064020347043586E-01 -2.41374400082024765E-01  6.02802194847315773E-02 -1.18302379570149149E-01 -1.41373055503437955E-01 -8.33102949316382770E-03 -1.16802329160375928E-04  1.02822819257638490E-01 -5.96689538556077689E-02  2.15201843370580292E-01
  1.65709982800898194E-02  1.46900451570241786E-01 -1.19461663142147873E-02  1.02557406580188692E-01  2.33939762141549046E-01 -2.48751592784721892E-01 -1.12912806574981817E-01 -1.51936539297476747E-01 -8.97820645808800610E-02  4.75021622033303462E-02 -1.17821712459487013E-01  2.68060822745758764E-01  2.09050840707246471E-01  5.52346753580891664E-02 -5.46950646018838013E-02 -7.77779014021860310E-02  3.20625758066722527E-02 -4.88934780595350199E-02  1.82827727828659831E-01 -4.36015101951751693E-01 -2.30588351416150632E-02 -7.15437098261847565E-02 -5.36870805225235295E-02  8.87192923320431759E-02 -2.09098214300785012E-01 -9.87095040713754091E-02  2.63819192778904851E-02 -3.41130402120529627E-02  2.02709712497780963E-02 -2.53409917271353202E-01 -1.86239857678702686E-01 -4.38778682499100445E-02  5.57112262680553860E-02 -1.84750988168059654E-02 -3.82819362334140267E-02 -1.20386778618527979E-01 -3.99318177223510484E-02 -2.48469759048333710E-01 -2.33439208687226923E-01 -1.13297199926993705E-01  5.73933157406690889E-02
  2.36666761941252385E-01 -7.04580202615545520E-02 -1.54520681149701966E-01 -1.80896438488397232E-01 -2.99590087493475876E-01  4.31275885683241988E-01 -9.10879801901648745E-01 -5.60058742083734518E-01 -1.05130014778214750E-01  2.60752782206158884E-01 -1.02580858209464179E-01  2.48935420072321945E-01 -5.69585868473875379E-01  1.35448874210042119E-01  1.83418085264609204E-01 -1.40064205343787967E-01  1.53472306116395729E-01  5.12379020215294398E-02 -2.37110786815889679E-01  1.94307199761181743E-01  4.99334228514495201E-02 -3.24202937213838915E-01 -8.14322223342838492E-02  1.77707045932315177E-01 -2.71968855943989958E-02  4.42982333768599038E-02  2.78017346299728879E-02  1.25131193759559833E-01 -4.76875577336841189E-02  1.72214569167517678E-01  1.23865818476271997E-01 -1.75510763118923940E-01  8.01318885105599676E-02 -1.94300005244558760E-01  2.99707925314083967E-01 -2.83891559496695645E-01  9.67346149612602520E-03 -1.31161088149067157E-01 -2.50167159186327759E-01  5.30901299461416509E-02  2.40030443067963256E-02
 -9.13592380886658201E-03  1.63722585634884232E-02  3.00520041841326302E-01 -1.21423551274484467E-01  6.72713980363046360E-02 -1.75693686322174192E-01  1.09003680405617379E-01 -1.61597188317594176E-01 -3.13049001770806301E-01  1.37654680267543045E-01  1.72547661634425864E-01 -1.43367378651411553E-01  1.22754461736640508E-01 -5.81331114553231276E-02 -2.23596705181114713E-01  7.23224993817163375E-02  1.21384266885199377E-01  2.48601868466004433E-01 -9.91735097566473212E-02 -1.27162064430789673E-01 -1.03660095340899094E-01  2.75937724554286105E-02  5.61129190817500137E-02 -1.44812241560745042E-01  1.42355474664196846E-01  3.77662362126580638E-03  1.01610612253223001E-01 -5.06026995655124295E-02  1.22384894010736142E-01 -2.72097290372982414E-01 -2.43340269884917970E-01  3.38709311663236923E-01 -1.03938362513252072E-01  1.43140364121830926E-01 -5.00704392179195601E-01  5.81514930746202599E-02 -1.55717428491379151E-01  7.51018659854252174E-02  1.60863424338443139E-01  1.83613661778567250E-01  4.12203671616468079E-02
  7.96042603625982670E-02  2.16112970448727008E-02 -4.96730874670308131E-01 -1.48211350860187913E-01 -1.91669917970814369E-01  6.51041349887273246E-01 -8.14623904877059046E-01 -6.62356445662174553E-01 -5.00086521680733087E-01  3.67330494899478111E-01 -1.03004017531494699E-01  5.97502147096219849E-01 -2.29251863315256182E-01  2.95387534352484327E-01  2.51775836250835661E-01  3.26728474931189186E-02 -4.15514930745503261E-02 -8.37930538301246280E-02 -1.80304596452550703E-01  8.75013362529988181E-01  2.18443981803692316E-01  3.17673724420715897E-01 -1.28374295460782883E-01  3.83422795112779657E-01 -7.23881173079116425E-02  3.29575498242135834E-01  3.23339340345401641E-02  5.41720792337035267E-02 -5.08322958402445679E-01  1.14959128573434467E-02  2.41883897170652867E-01 -1.02402105866848142E-01 -5.36793708288893362E-02 -2.05889025248981352E-04  1.63691442585581944E-02 -9.60329973761227945E-02 -5.37230432082382928E-02  9.03144186903320767E-03 -4.15031928267315040E-02 -3.71747797320102435E-01 -6.78075227967452846E-04
  5.87233500628152674E-02 -1.93619967420304323E-01  2.48079337313087955E-01  1.57995143577019492E-01 -1.13358881132697625E-01  3.01400336073381736E-01 -2.07038092834116616E-01 -2.01043099397566594E-01 -2.01308791012125787E-01 -2.20098528537410812E-02  1.33696901982027827E-01  1.20842044877741472E-01 -1.84895896458311837E-01 -1.17795073516585747E-01  2.98934639612465136E-01 -3.06159050681005185E-01  1.97486275371374226E-01  1.82415149760469436E-01 -3.39076571875499611E-01  2.06888144017183084E-01  2.35689285940098803E-01 -3.38182240331536210E-01 -2.04695059985057159E-01  4.03752945883938008E-01 -7.40748721409818928E-02  1.69416475363827174E-01  1.16761851812510337E-01  1.11106318252407868E-01 -1.33334769014774507E-01  3.57910359047150864E-02 -1.66752691974835776E-01  5.68105883201596232E-02  2.71336955981510801E-02 -1.39840244871180908E-01 -2.05735171397562616E-01 -1.98121742138419488E-01 -8.36835104303582239E-02 -4.54260993326465676E-02 -2.63314930394776799E-03 -2.94123941499076613E-01  1.09189158213398169E-02
  4.92107505028400311E-02  2.20915415089834120E-03  1.05882476575220555E-01 -1.45068607706472896E-01  1.99012104241813349E-02  2.52987949854198257E-01  7.09889417202307915E-02  2.57515087688666655E-01 -2.35248280512527136E-01  2.30131444705966359E-01  8.60620754194732496E-02 -2.13074260931785470E-01 -2.50530223729795443E-01 -1.28029516659245168E-01  3.22035001843378632E-01  1.30588801442297914E-02  1.77473405884961272E-01  7.47481320305143776E-02 -9.74577187252453903E-02  9.96750130436778597E-02  7.33908786386279141E-03  1.76700002131558953E-01  4.61771397118352078E-02  1.14869104288325030E-01  3.70075254350072172E-03 -3.18867314869654417E-02  1.77791860137067714E-01 -8.31000232792285798E-02  9.19245041586943257E-02  1.20408123628312977E-01 -3.72241790809463902E-01  9.46440700664165913E-02 -1.86270571751017855E-01 -9.58841972819758984E-04 -2.65769898646009306E-01 -1.00554192287800909E-01  3.00312906290259807E-01 -4.56163449307393012E-02  3.17157860878339970E-01  7.39039068983507602E-02 -1.87549018137072171E-01
  4.97095128715950921E-02  2.50467806202883635E-02  6.65065547398880769E-02  1.00666837324571892E-01  3.26844394099959634E-01 -4.28720198510735770E-02 -3.71293515279824404E-02 -4.91218121438350863E-01  5.03929534012078628E-02  1.76030947147536226E-01 -1.81400203541613320E-01  1.79739980648988898E-02 -1.95417559649324543E-02 -3.64181013921137220E-01  1.43784067666368615E-01 -3.05551624180318393E-01 -3.92718256925459142E-01 -4.83106840220205058E-01 -2.96902610484313344E-02 -8.90438700171816977E-02 -3.84680871479844311E-01  3.29390810295439984E-01 -2.39179607897580693E-01 -1.75316016476144865E-01 -9.67403523274173310E-02 -8.35177834653382661E-02  1.22205388294408288E-01 -2.58480469716171501E-01  6.15653836577181382E-02 -3.33375178098477498E-01  2.31859322010139424E-01  6.19852984410228791E-02  1.62152193347809698E-01  3.78776373267365601E-02 -8.07703928548091088E-02  3.51977392215429286E-01 -3.44814036104715560E-01  7.83179399448140356E-02  3.55685918725080985E-01  9.78188247600912386E-02 -1.67374685993602723E-01
 -1.23600969931250054E-01  6.84380372804870629E-01 -2.22763448721262025E-01 -1.44595882410137822E-01  1.83598950969874414E-01 -1.40362964388292238E-01  1.74800484272105122E-01 -1.96103585493238447E-02  1.15987596414791297E-01 -1.00432569061187950E-02  8.82634260887324024E-02  7.80614319245057503E-02  2.29130226427871730E-01 -4.39316158864981945E-02  5.82255759143169779E-02 -3.32150016637561718E-01 -1.18407753674819663E-02  1.45943271350940956E-01 -7.24365014293083202E-03  4.73506951268967621E-02 -1.60669101205126619E-01  5.25756874934155891E-02  2.94672735778626418E-02  1.92941015522027720E-01 -3.41554328140185118E-02 -1.74715229881131640E-02  1.94079086522929406E-01  7.96528658148632773E-02 -1.60151139375079882E-01 -6.77249537203771235E-02 -9.81646813086115566E-02  1.77849316818432385E-01  3.37648297106140916E-01 -6.67696240540203156E-02 -1.89477843684907221E-01 -1.09261654054750010E-01  1.70333772541019196E-01  6.81971981181440506E-02 -7.90450443094701943E-02  2.32678015322126786E-01 -1.25902127789645935E-01
  2.96513893818351332E-02  2.51587297223150354E-02 -4.45393574020269203E-02  2.67691164024329714E-02  1.63194347704314929E-01 -4.29989096160594067E-02 -1.28243787625564432E-01 -1.36887676130382861E-02 -2.44859118635626483E-01  2.10908122442064229E-03  8.36341587721872448E-02  8.09612597592223454E-02  8.82745631020015187E-02 -1.49472844777928226E-02 -7.81105741216253091E-02  1.57506675685693764E-01 -4.15906313598759445E-02  2.79305896070165482E-01  1.66100148308986811E-01  6.22955427515395482E-02  8.58196969701508806E-03 -2.14250499208382239E-01  1.11544277425208671E-01 -2.33729186138045941E-01  1.00092141928885187E-01 -1.02580873113108775E-01 -2.91569733179436907E-01  3.95741760037307877E-01  6.11836667097523657E-02 -1.93915543144588420E-01  1.58354975351418098E-01  1.89453032202497540E-01  1.71651675394419390E-01 -1.15962662663966400E-02 -1.47267715164594248E-01  1.59456072855922532E-01  4.27486658085750801E-02 -1.89556619723213748E-01  3.09490693068131428E-01 -6.25384650354503246E-02  8.82761166391442531E-02
 #l=           4
  3.49223347186221611E-02 -8.39419315863399323E-02  2.69290172620868962E-01 -1.35756513125519979E-01 -2.05434994515987374E-02 -3.32409916236213378E-03 -2.64578382805081697E-02 -2.34374603499064998E-01 -5.44189010393948333E-02 -1.54262311953900760E-02 -1.98346164605057024E-01  2.48980463417222547E-02 -3.07291592012369330E-01 -3.63974417764215269E-02 -9.78173076519617962E-02 -6.89633110127664123E-02 -3.29482250655935505E-01  1.55975911856173904E-01  3.02156339328033707E-01 -6.39609831556047503E-02  2.35787859740772487E-01  8.58301268448846688E-02  2.09146376815810914E-01 -2.03772248168252491E-02  9.72644652329573978E-02 -6.82698190525546228E-02  2.19262938357304045E-02 -1.31630367418189953E-01 -2.47982640793729392E-02  1.49412571675002465E-01  1.62880032505539979E-01  1.71585091182072685E-01  3.45687940250700099E-01 -2.31475541001943091E-01 -6.36207603558515689E-02  1.28615429922679492E-01 -4.75721522234654748E-02 -1.32294237828021660E-01  3.01613132928428174E-01 -3.46574511683160780E-01  6.29475744866929143E-02
 -1.38083829472972815E-02  1.94888746346523589E-01 -1.35036304101060045E-01 -4.27917100211348753E-02 -7.78811950732217761E-02 -2.07322643608691765E-01 -3.18970343311588411E-02  3.68956477890321710E-01  2.12378590570120353E-02 -2.19134339786760196E-01 -3.41162970487991490E-01  1.31501348202740453E-01  3.94871577714203725E-01  1.05542461116227990E-01  7.50611397623248133E-02 -1.57591309292840036E-02  1.43991751110078919E-01  2.48783333746586066E-01 -3.16094243523296681E-01  2.53439222696626831E-01 -7.17478955620339254E-02 -4.87825929871618436E-01 -4.85020321662395573E-03 -2.08241195328257994E-02 -1.71044217065105170E-01 -1.28831532653490594E-01  2.76239474118936991E-02 -6.31278598047758377E-02 -4.28670068553427597E-01  2.05352024511739645E-01  2.52462948723880753E-01 -3.07547531933646923E-01  2.03743490626152879E-02  4.40318409196413019E-01  1.21807738466258517E-01  3.60343003030045905E-01  1.46837943935528792E-01  2.03632649854139591E-01  2.27532398795153960E-02 -1.88856561651870980E-01  4.73997570156931836E-02
  9.68860978527338462E-02  5.27228326988765927E-02  1.76619965451534217E-01 -1.96816901666181784E-03 -3.02142244847046562E-02 -1.59745722295243836E-01  1.19726489425118723E-01 -5.85581146990075477E-02 -2.31616763069169368E-01  4.25889762439539479E-02 -2.36318083139869461E-01  1.02607481225466448E-02  1.30974511424555989E-01  2.75591974228233498E-02  6.14142062721653864E-02  1.26499183443789021E-01 -2.76561059245269081E-01  8.14067104032005634E-02 -5.65345380649237492E-02 -6.68917320651852415E-02  1.50606591045270577E-01  5.74053223491675854E-02 -7.98179504401673595E-02 -6.67198919943175067E-02  9.30476670323375221E-02  3.68997160156920301E-02 -1.15486105850900217E-01  1.43803687874689383E-02 -1.15643850464338671E-01  1.68963169579874860E-02 -1.39941330503273426E-01  2.62381782639940164E-01 -8.37243871080265156E-02 -1.04502735576894698E-01 -1.25129630095082295E-01 -4.49119291823400768E-02  1.76670600902873801E-02 -2.30844817418441109E-02  1.96667865081749577E-01 -6.92617207638820537E-02 -2.98498654916783956E-01
 -1.61723169821670495E-03 -8.91111605765904091E-02 -2.19525037338465040E-01 -1.50116642677642603E-01  8.79417211853496805E-02 -5.72009857439475938E-02 -3.41732937048569663E-01  2.85541808783349345E-02 -1.49050635982935359E-01 -8.17974673951836900E-02 -3.50751090162533113E-02  1.84673110377501670E-01 -9.13164526318416686E-02  1.90946747836107045E-01 -2.55936663219708191E-02  1.23322268672946642E-01  5.84704857697341818E-02 -2.93640792322305333E-01  8.96055284886242420E-02  1.93776785357597597E-01  9.21421522261913623E-02 -3.90373598933097532E-02  3.22755472726122095E-01  1.03882370962940715E-01 -9.87826203595282143E-02 -1.11955531476860173E-01 -3.27752793900904116E-01  2.35839951989918833E-01  1.25411547705175846E-01 -1.52097835940212950E-01 -4.06171037469125942E-03 -7.87522765444243801E-03 -1.04624731644493985E-01  1.37610814791353425E-01  2.15255868098134989E-01  1.52944054176800903E-01  1.65882039152850602E-01  9.37519340560799413E-02  1.78058326162509051E-01  1.06199399780829665E-01 -2.46721821276373654E-01
 -2.80378136684871944E-02  1.71906775830395653E-01 -1.40056507985430845E-01 -2.85999305865329179E-01 -6.71917325780030245E-02  9.01778150329631554E-04  2.95484265616680286E-01  4.24608786557047369E-01 -1.53097597199651717E-02 -1.68402282777244422E-01  4.73109803202900081E-01 -1.17747375887893191E-01 -1.19217801361059972E-01  2.27844068450332345E-02  3.40909713585460655E-02  9.74189109902389855E-02  3.53494237828154201E-01  1.02826540422934945E-01 -2.11633259550885779E-02  4.40332082201240427E-01  2.94746526544510057E-01  3.05003871602961101E-02 -2.86848761074244063E-01  3.84302164924537171E-01 -2.74287856866689106E-01  3.92686121281302231E-02  8.90950777310197811E-02  2.22036093506580573E-01 -1.30733592224145573E-01 -3.45633698387952826E-01  2.04129436965374528E-01 -1.02356850795643883E-01 -1.67330707492453545E-01  2.36211900908215700E-01 -1.06691599604270590E-01 -2.89798959309819526E-01 -7.27420380233443770E-02  3.14506448214700238E-02 -3.50943744777864386E-01 -5.84594843069856582E-02  2.67200281743213086E-01
 -1.45031142055520201E-01  1.01153459820079214E-01 -2.44325806158388753E-01  5.58867020857861732E-02  1.58173308298681592E-01 -1.32891450654587018E-01  2.26187472808920181E-01 -4.60933019513597497E-01  2.16485593384848740E-01  3.23661076584668122E-03  3.85877868059869344E-01 -1.32905470140273679E-01 -1.71594406174350789E-01 -2.52388820461205865E-01 -9.37098875759100891E-02  5.92374071467617003E-01  2.14914928893340712E-01 -1.08166303231390939E-01  5.53894563564694478E-02  3.73337175572436397E-01  2.65926429622401830E-02  3.24313145526616942E-01  9.53808069520430540E-02 -6.29580868700489182E-02  2.76082963779125223E-01  8.92946597907738338E-02  1.86123365891053376E-02 -2.08650593244335797E-01  3.31434966294455902E-01  1.28405167092136580E-02  1.73296808840008310E-01  3.57789189760990944E-01  1.37211505886487395E-01 -2.42199514211456912E-01  1.99696749961354975E-01 -2.90160353944219074E-01 -8.99187380233560235E-02 -1.90294303501763629E-01 -1.47630028592349527E-01  1.21350532788474325E-01 -1.59866190809900166E-01
  2.71477826211594699E-02  3.00894827400011666E-01 -2.15161917248740175E-01  1.41646909854192482E-01 -1.33051305938509695E-01 -4.74438454565154627E-02 -4.93764770360051730E-01 -2.92228539963247158E-01 -2.27103362472607234E-01 -1.27533523839332058E-01 -4.32920083614438955E-01  4.26368701935079419E-01  2.75458656194389973E-01 -8.20916837598834742E-02  4.94532720726883340E-02 -6.20011169924110303E-02 -3.24542883202609544E-01 -6.99668481649920460E-02 -3.75557544472150617E-01 -1.09705265198386179E-01 -3.68021693343597411E-01 -3.90979489580168260E-01 -4.83563117875932535E-01  7.04973356567511200E-02 -2.81534997597693570E-01 -4.33253371722350233E-01 -9.48192470076121147E-02  2.92236411824803866E-01 -2.01118088874439216E-01  5.63471481558941029E-02  1.86004392099695881E-01 -1.38702622612866273E-02 -1.22225367193131651E-01  4.58823259277194653E-02 -1.59838667278742741E-02  2.45266964290105083E-01 -2.66865889863792775E-02  1.27206092774644397E-01  5.30930441883280604E-02 -3.84575936659492315E-02  1.09647889903063608E-02
 -1.21703799802129156E-01 -1.97311729746248471E-01 -1.30948370240882211E-01  4.35816560032005335E-02  8.25218696765010890E-02 -3.53239421320286906E-01 -3.83103790634070629E-02 -2.11478554830918708E-01  6.43232101719590083E-02  7.14373133070175387E-02 -8.82409576629205744E-02 -1.93971621260875360E-01 -7.05974619593420366E-02  1.16259875855015734E-02 -4.40074545563985675E-01  6.77435156114246512E-02 -2.34023742619186674E-02 -1.47396320493984045E-01 -1.08585987369427400E-02  1.01203013452685186E-02 -1.32061207408226050E-01  4.26417482292086925E-01 -1.78625063506252096E-01  2.33407214148769859E-01 -3.97260044738698553E-02 -2.37751609954473531E-01  2.35452224691095786E-02  8.78024808562137549E-02  1.57043847672892256E-01  2.73243173469981740E-02  1.53317439562201618E-01 -1.73779725500826460E-01 -1.98889128041701863E-01 -4.35415262942451864E-01 -7.05680262600588137E-02  2.02979718187396879E-01 -2.36622052479926986E-01 -5.53667812805848092E-02  1.18924145449393254E-01  2.14362033132108887E-01 -3.74332503436773267E-01
 -1.00435354455129834E-02 -2.26578380590403104E-02  2.61578338154088486E-01  1.16927564409149698E-01  3.92989172893964539E-02  2.93909189939183593E-02  1.84580958971072462E-01 -4.93931158284634853E-01  3.13261973352390241E-02 -2.70990781600009556E-02  2.63995138260668151E-02 -2.22008335615727664E-01 -8.08782967909490308E-02 -5.28440501844197330E-02 -1.92009099460734939E-01 -3.07509531069343645E-01  1.29667000850926362E-01 -3.41883215533087037E-01  2.58410162100279617E-02  4.08351371612917374E-02 -3.01031731325166751E-02  2.47541082787340119E-02  2.56598884315632214E-02  1.05123874455356550E-01  4.00658531089747361E-01  2.15006543777076786E-01 -2.90486890725426654E-02 -1.56346794701507807E-01  1.21561008150476366E-02 -1.06305061248981883E-01 -4.28831968615566272E-01  3.47074364443897190E-03  1.99626733771841980E-01 -4.80560128462275582E-01  3.59746760243687957E-01 -2.52484313831025486E-01  7.91204597806395987E-02  1.61796921995389170E-01 -9.85479734040732580E-02  1.10603743451158074E-01  1.25124637841829311E-01
  5.02694677794828654E-02  8.46117591784904949E-02 -3.36351342845047988E-02 -4.75051540426775165E-01 -4.13233429085672690E-02  2.13942086341804533E-01  1.04978019758100602E-01  1.60387135735218733E-01 -5.92235655128768926E-02 -8.01140685092090327E-02 -6.22950761174619783E-01  4.28023469967824977E-01  4.48042393859562460E-01  1.25780392214298153E-01  3.48412190577522152E-01  2.47272072680111754E-01 -2.05038048630882763E-01 -1.34479210113037290E-01 -1.01222808363367514E-01  4.43887451612521577E-01  2.28567082972454011E-01 -3.02604237872618309E-01  1.36579502410038994E-01  1.12701809708507916E-02 -5.37872105815432655E-01  1.44281930760000121E-01 -3.82188811167542497E-01  2.74071299632732968E-01 -6.51769229474963296E-02  1.52011661836291029E-01  2.32637581418159822E-01 -2.67146577684232556E-01 -2.82367718444427984E-01  2.19575596724752714E-01  3.13267642401682603E-02  1.96951861268967576E-01  3.93168555190866520E-01  1.24365434832370877E-01 -2.34775973609981925E-01  9.59940482601131934E-02 -1.08492976776877748E-01
  6.63600364183410951E-02 -1.43259656043854683E-01  2.49198666234323324E-01 -3.39147098494115895E-01 -2.26596684395438952E-01  2.37710823246097991E-01  1.01605859621771794E-01  3.47217468541160881E-02  1.33470304760659429E-02  9.57960222663928468E-02 -2.01755731289665841E-01  2.37632918311482116E-01  3.82399363870353226E-01  2.34792418783979079E-01  1.47459047987281350E-01  2.41960099580594112E-01 -1.98610023775041972E-01  1.90151071021966267E-01  3.18812924472944466E-03  2.26786983572730250E-01 -1.36503271372929197E-01 -3.49660810602637206E-01 -1.60539232429454781E-01 -3.21527919537283532E-02 -2.73816376333803568E-01  1.06832357679073939E-01  7.89116698798167926E-02  1.82433559396143641E-01 -1.66839198140059125E-01  2.72610687000777341E-01 -5.51884236801017322E-02 -1.02073184105797909E-01 -1.68228497941606159E-01  1.46917247757069103E-01 -6.33330306439193608E-02 -2.68838162534920599E-01  2.84330982469002513E-01 -6.50552558365710548E-02 -1.61194946726256505E-01 -1.47893428481280370E-01 -1.49672714574818178E-01
  3.42505832784981709E-03 -8.65875982009058492E-02  2.45028297711185235E-02  1.11253097191407135E-01  2.60947852277400749E-01  9.57031331611631897E-02 -3.54677511375837029E-01 -6.86804557568286133E-03 -1.51590513454210485E-01  1.85163992690198398E-01 -8.68824265818990832E-02  5.17262930568061288E-02  5.38859708653538425E-02 -1.46945661910789449E-01 -6.91904561376302518E-02  2.27324559776590690E-01  1.05506031743052685E-02  1.22112894368830632E-01  1.95179938728919394E-01 -1.49065611423550137E-02  1.51642676533518178E-01  3.15303390918211870E-02  1.02841272906173481E-01 -1.02006677125200118E-01  1.85958680327636350E-01 -1.04034114122929136E-01 -6.14167974080240542E-02 -6.13610194660629740E-03  1.72760441469512957E-02 -1.78954491391522585E-01 -4.38960358798652708E-02  3.28480573632919659E-02 -1.43035433873878903E-01  2.41322593415034342E-01 -3.19668022938563279E-01  9.10068070519400897E-03 -1.66389299343392610E-01  2.72051013991458868E-01  4.93625146246317037E-02 -6.12194738018838336E-02  6.81937461236704900E-02
 -1.32069685606465648E-01  1.15122779804996654E-02 -4.84616351734881365E-02  2.61523853696876529E-01 -1.94826026397461466E-02 -3.82031404430201475E-04  2.00225322170485498E-01  6.46785628512303701E-01  3.03746899200369902E-01 -5.92056276196992415E-01  3.50025170947700248E-01  8.48220659905726676E-02 -3.11347695215369147E-01  5.34852147628709709E-02  1.87660356490676417E-01  1.60759089549956741E-01  2.09515323587832675E-01 -4.04638782446367432E-02 -1.61565813002258835E-01  3.41922003111097050E-01  2.11195208143863972E-01 -1.37163502058100017E-01 -4.31003371929975565E-01  6.16613655107131953E-01 -5.49009222499670768E-01  7.09557197450827737E-02  4.61612707153906121E-01 -1.31374831309098827E-01 -6.94002428450830877E-02 -3.49603280531268878E-01 -1.51522766370641437E-01  2.04544820652331760E-03  1.34483104281444138E-01 -2.19567896565436987E-02  7.03345163217867220E-02  4.96523634851953541E-02 -2.59431089015826621E-01  2.30587709726273016E-01 -2.74705699174927487E-01  2.39296128858830781E-01 -2.20778995008620388E-01
 -1.03246753110366199E-01  1.57997815391761720E-01 -3.72614491307639017E-01 -1.63892148391609899E-01  6.93190687100946196E-02 -1.49652829565335207E-03  3.65804595902341434E-01  1.68203346728172554E-01 -1.73594272703211816E-01 -1.12811027317302220E-01  5.68098705409308749E-02 -7.76986045955792431E-02  1.18593340094294258E-01  1.30181008846014135E-01  3.46131896386623950E-01 -2.03686270391364166E-02 -1.37872881484786158E-01  5.50115226856091821E-01  1.11107425833656570E-01 -4.98006839091312409E-02 -6.48831358258767157E-03 -3.22392807425918249E-01  1.01511565435752751E-01  4.86867436158427591E-01 -3.66127044039092631E-01 -2.70275152853796052E-01  4.23476165218441905E-02  1.26299343676881615E-01 -1.53310848801401167E-01  7.95597295500218571E-02 -3.39603476843763907E-01 -8.36405051177565861E-02  1.28894350996677232E-01  1.10959860022550857E-01  1.19310140737463585E-01  1.51268675083200632E-01 -1.12950907988673702E-01  2.06885528027102472E-01 -2.53472521309521748E-01  1.16030012963557472E-01 -4.57594750462385208E-02
  1.65713368915496768E-02  2.38707269751854412E-01 -3.07457478419732533E-01  4.60744758388356573E-02  2.91194873699055556E-01  1.79545047132831093E-01 -8.57464712892296033E-02 -3.00761009066028706E-01 -2.44310514994423369E-02  2.63394556054650231E-01 -2.47138692263053850E-01 -2.38765283100843217E-01 -1.81453616571974036E-01  5.83925158528974947E-02  6.07924035982195937E-02 -2.19060317911431816E-02  1.22943435918072524E-01  3.35374730073445121E-02  1.54472948716005809E-01  2.49259286197476476E-01  3.80890006286648986E-01  6.56874376821665468E-02  1.63717357920620421E-01  3.60305594469942161E-02  2.69441911667002466E-02 -1.39883585727792026E-01  1.21424433655461465E-02 -2.12551662563694732E-02  2.09197390216454039E-02 -3.92460354376302722E-01  1.87959834389699668E-02 -1.29380778437061694E-01  1.83638634245611027E-01  7.23486161180864340E-02 -3.69968447974454301E-02 -1.09286977570657959E-01 -2.43288990640296368E-02 -3.13194068648701904E-02 -2.18348346046074365E-01 -9.86544428227214415E-02 -7.25328113370669360E-03
 -1.84849074542952463E-01 -2.84781423458566774E-01  2.80500841740511431E-01  9.90835050474873913E-02 -3.82212050347111865E-02 -9.45607365206033307E-02  7.70298824486154166E-02  5.03849130959331815E-01 -1.96650588210235157E-02 -2.55095976973666039E-01  6.03771831661979036E-02  1.36772533132746316E-01 -3.42589112676947027E-01 -8.87097122580173675E-02 -4.29487283743699266E-01 -2.90755368366631614E-02 -3.32881058489560344E-01  1.09414354731498464E-01  8.82545742408706070E-03 -3.36915971939384551E-01  6.72426679270811123E-02 -3.51152222461109734E-02 -3.80783174448937500E-01  2.63125172362883242E-01 -2.61140482341145730E-01 -2.37574312695691375E-01  2.34751737101408842E-01 -3.57952193771091318E-02  6.23061356009637635E-02  1.68233697987405673E-01  2.01162737535711678E-01  1.06391883733005177E-01 -2.09599737760594013E-01 -1.64416089326403003E-01 -3.01760910233584867E-01 -1.71780241036717574E-01  1.74832093585856663E-01  7.07132084340772460E-02 -2.21412648786020461E-01 -6.93394877913877522E-02  2.37031482588131726E-02
  5.94428286764543679E-03  5.37012311289989178E-02  5.02252730047962337E-02  1.71178118564990461E-01 -2.02153479654830270E-01 -1.87547664761589766E-01 -1.24725843368113085E-01 -2.38561392050670673E-01  3.44950818750744195E-02 -5.59380221449767012E-02 -1.63247048560218599E-01 -2.04817647564853267E-01  3.87307074185130745E-02 -7.87593257167581717E-02  9.52969880798396340E-02 -5.94361632101933143E-02  1.12176309622764592E-01 -5.10712470960508425E-01  3.52972536202513648E-03  1.17844756565045117E-01  9.36509364345116807E-02 -1.97598147438752154E-02  3.89641339181725721E-01  6.53559147588801542E-02 -1.28190723758118214E-01  9.75617283255808404E-02 -1.43219322892117140E-01  1.36941489460846388E-01  1.29522685232662388E-01 -8.86543476862354796E-02  3.01896352702126849E-02  2.20654724627169146E-01  6.24573707689910843E-02 -4.92100549084929839E-01 -4.26269784968207541E-02  9.91127390976140332E-02 -1.91673245534695696E-01  6.36331442559121691E-02 -1.15744213747863270E-01  3.27313652069518901E-01 -1.26724340557290593E-01
 -1.55392360172957322E-02  5.57074978526664929E-03 -1.24228961109916783E-01  8.61646444877100792E-02  1.44409684302909874E-01 -6.49142877314404232E-02  9.72922628316877786E-02 -1.42613844065572620E-01 -3.15278036811988904E-01 -3.00036571125461560E-01  1.29269175293551947E-01  3.48976064579327645E-04 -1.33264965774596185E-02  1.31361041548868462E-01  1.37368356431925215E-01  1.33406740791150474E-01 -1.74457066155960711E-01 -1.33068889532044227E-02 -1.14719954005799735E-01  2.44192500594121245E-02 -8.30395743275408466E-02 -1.34357138803120918E-01 -8.11927699400930569E-02 -1.85218790218713042E-01  1.46169071786921734E-01 -4.98258144172401343E-02 -9.28482390133480127E-03 -8.19157530133091810E-03 -5.59049603012562457E-02 -1.40176627086553207E-01  5.44589594495025198E-02  8.35278038116064464E-02  2.58346226195342518E-02 -3.49825801904602440E-01 -1.55895191753882084E-01  4.47222696742721332E-02 -4.95861062794538364E-03  1.37500715283550401E-01  3.87385141680118006E-02 -1.39804328066635508E-01 -1.64068300732807731E-01
  1.96856511456766185E-02  1.61004303032164620E-01 -2.32112470471904975E-01 -6.77650071957203587E-02  1.74372089945840414E-01 -3.09091211526339622E-02 -1.54929761950765826E-01  1.34511326703230932E-01  7.39723608768184382E-02 -3.40770082469672927E-02  1.56438241708455501E-02 -3.20337506697973839E-01 -2.26862768355255429E-01  2.43961082203512009E-01 -3.33017308778289778E-02  3.63347314351084999E-02  2.29047195997987008E-01  2.69404396607348627E-02 -4.73840614930030792E-03 -1.04045526375130919E-02  1.66525357319493583E-01 -5.13017960904158226E-03 -3.39039369507034560E-01 -1.88593664295971852E-01 -1.12907997466361348E-01  7.11796239247769746E-02 -1.02552422528538287E-01  1.16459636397675342E-01 -2.83972380058754303E-02  1.28543507218599667E-01 -1.79839650675632859E-02 -4.60944235507111527E-02 -9.56306289229846423E-02  2.98157776436197008E-01 -1.46149310261531273E-01  1.58867868096758569E-01 -9.25512676308682669E-02  1.24839167612929250E-01  3.18635431990991211E-03 -9.55234229870821072E-02 -1.10112352401441085E-01
 -2.78215326603458712E-02 -2.58693133276758691E-01 -3.30348380406358735E-02  1.73422677038502310E-01 -5.40087786713414689E-02  2.88352700292479225E-01  1.66165601991984879E-01 -1.42021834054781110E-01 -2.39874461375859327E-01 -2.69267522101784562E-01 -7.17837362745901153E-02 -6.99206886852722365E-02 -1.06483461346277480E-01 -6.10160215502520351E-02 -2.11594698849003809E-01 -1.38710957252759809E-01  5.56171688638310777E-02 -3.77030375272667806E-02 -4.22210973018366173E-03  1.03231367123168521E-01  1.59362820073070621E-01 -4.42259841162375711E-01 -3.57190413022471287E-01 -8.26212936517519009E-02 -8.27893028396759906E-02  2.21821076349939056E-01  1.32050776733048575E-01 -7.60165355931159969E-02 -3.54400874500826191E-02 -5.98939851312730656E-02 -2.54903729014560876E-01  1.74266606288113468E-01  2.27178202803899165E-01  1.08126656122761206E-01 -2.59362795830852810E-01 -1.44688351419028569E-02 -1.71444050479331006E-01 -3.58410912863803485E-02 -9.73008797163348454E-02  5.13130604977634838E-02  2.40207469120518879E-02
 -5.09634794489317866E-02 -9.41668858220111871E-02 -2.66171957776308796E-02  7.47887342600804944E-02  6.67540810845037719E-02  5.61636547088671233E-03 -2.37619036975250969E-01 -2.70337263153569263E-01  1.01541735767088248E-01  1.44699887325802024E-01 -8.79891293526251922E-02  1.72383269726176985E-01 -2.37211698349686084E-01  1.49409874025322797E-01  2.06261056234619475E-02 -1.12102442512713563E-01 -2.32221398638033129E-02  8.66374490550611137E-02  1.67514731696049218E-01 -1.00621226688208165E-01 -3.67777024338662939E-01  2.64735111615590435E-01 -1.93688780200818200E-01 -1.55525717354374399E-01  3.26970620806516732E-01  1.69448530807981418E-01  1.92649407733911676E-01  1.42319978072213360E-01  7.36983735952935343E-02 -2.70068933257579191E-01 -1.70090194414189766E-01  5.60336818995378627E-02 -2.27629350624621751E-01 -1.19788043161915530E-02 -3.60365808615900132E-02 -2.15507657372197792E-01 -1.48844044275047327E-01 -1.28191336051827059E-01  1.48176228284160494E-01  3.49526415496658749E-02 -1.17769116674928218E-01
 -2.47902569393853925E-02 -1.61119198642977079E-01  2.16809854489027204E-01 -2.25981233991337294E-01  2.79478322919495710E-02 -7.03377290408366412E-02  7.64707262323523901E-02  3.93464724909207364E-01  3.87225137132242159E-01  2.38727310144731808E-03  1.15435511960205767E-01  1.07916713300940242E-01 -2.95673666904022026E-01  4.10501244886769118E-02 -2.18720785345309227E-01 -3.20135878893808012E-02 -2.38889146045847850E-01 -2.95151305883449670E-02  1.48390355835083393E-02 -1.14980581559539177E-01 -1.95370281109997962E-01 -6.97902407677607611E-02 -3.58828848626844277E-01  1.11993610793823292E-01 -5.64048430110323726E-02 -2.32583802098250886E-01  3.42587539384682782E-01 -1.35410681976422184E-02 -5.20279316069893472E-02  3.89563565561826031E-01 -2.77114464627634283E-01 -1.25603086575849371E-01 -7.44993051965881087E-02  1.97943913973987806E-01 -3.07183912246162427E-01 -2.51931381589617365E-01  1.47549748480270387E-01 -2.85553213207942580E-01  3.07742020580168751E-01 -7.64746273214011139E-03 -6.72929141071229864E-02
  8.11325014519464205E-02  3.03290395018927239E-01 -1.51607709311438354E-01 -1.62635408941199044E-01 -1.88044644059591370E-01  1.62593404547413889E-01  1.58110524697753885E-01  1.79658729041354326E-01 -2.50861169095890763E-02 -1.13729041210247128E-01 -1.29205185822829499E-01 -8.01960020185119443E-02  6.19291877216653908E-02 -5.17930113212187598E-02  1.97679214426570195E-02 -1.22839415077817066E-01 -5.37029129934179297E-02  1.92269596889394628E-01 -1.55581157658103986E-01 -1.26737415396271008E-01  8.77508837865358243E-02  2.16907739125890425E-02 -2.36284543626526233E-01 -2.33319486093531453E-01 -4.54016741845487459E-01  2.39754225173661267E-01 -1.90970919010560819E-01  1.60037617704504531E-01  2.14452430643423467E-02 -1.94786373475677815E-01  4.50294723218710835E-01  2.34718253467877447E-01 -1.11162541046670824E-01  4.05337102958680473E-01  6.15720158899862244E-02 -1.70584036874938672E-01  2.41333267589134398E-01  6.40623105568366713E-02  2.88658143267039348E-02  1.58628536661374497E-01 -2.53884013133581672E-02
  1.17032794419948905E-01  4.39169136624709633E-01 -2.46716782179640624E-02  4.66462040424073313E-02 -1.81744546271095292E-01  2.05250130366634170E-02  5.47180401519518078E-02 -1.06295342377549548E-01 -6.42837226624940750E-02  7.73596017409211162E-02 -4.00721323691013431E-01 -4.85617083591738524E-02  2.84818797643846877E-01 -2.11657754268751615E-02  2.38394052214921853E-01  1.86563827165612317E-01 -7.19944486546724854E-02 -3.73523489685922194E-01 -5.65878181695047972E-02  8.85007136105590675E-01  1.32978114078958209E-01  1.34833177846016006E-01  8.12654819050398318E-03 -9.90929770472284838E-02  1.24978130819438080E-01 -8.64243714083673745E-03 -1.37635457588641513E-01  6.15362478377047481E-02 -2.27635139306611139E-01 -1.23314525559156007E-01 -2.90787509059343641E-01  4.29258021650230151E-02 -1.45829697056490654E-01 -3.26168165140343844E-02  2.20952465731395764E-01 -1.05765626433377460E-01  1.31733690451984603E-01  3.06215464642098034E-01 -2.18596796243674701E-01  8.64857670693643943E-02  1.30115315052666075E-01
  2.32717622526534773E-01 -3.83578709741934532E-01  2.67465112677027828E-01 -1.69176809332602512E-01  5.15920453678401156E-02  1.69341884287952410E-01 -5.49503158124028737E-02 -3.11109176674483401E-01  2.62567032582208926E-01  2.18084791476769096E-01 -1.42763465105390758E-01  9.05865971534373406E-03  2.66251660797269030E-01  5.75464738914311380E-02 -4.28109275686863799E-01  4.34804974850224249E-02 -4.62557726894432322E-02  1.37133271894539527E-01  6.04740240134911747E-02 -3.45118880392040694E-01 -9.55723968605874316E-03  1.25476227587966865E-01  3.94903501735242357E-01 -1.88904112735376495E-01 -1.97788584953904889E-01  5.41222034253138959E-02  1.93885063943971564E-01  1.18849179974115704E-01  1.26732590048484195E-01  2.29144459847743204E-01  2.50354915776877351E-01 -6.30549654963570710E-02  1.41337647381045539E-01 -1.58677031598147666E-01 -1.23463558784985463E-02 -2.76300416942484139E-01  1.20102110212798888E-01 -3.00779742691446805E-01  8.34900266063556551E-02  1.09118658386811104E-02 -2.53652340328277770E-01
  4.32524486804680489E-02  2.72138054711391963E-01  1.62704864181247050E-01  1.90532359981974986E-01 -4.56633758189665395E-02 -1.38874916119544667E-01 -5.03259784697246207E-02 -1.37122768324337924E-01  2.76263457378178978E-01  3.85691537833044162E-01 -2.73236885571493893E-01 -6.57253805818361070E-02  1.58251984447588839E-01  2.05474197851106787E-03  3.35696968695186004E-01  1.76044699478781680E-01  9.81013905761224901E-04  1.40354120132690829E-01 -7.33515777681745390E-02 -3.34482468414261047E-01 -1.53508300456312946E-01 -1.01194431015341563E-01 -2.55709413919139372E-01  6.42285984296959434E-02  1.68714391786392803E-01  3.57354739062129695E-02 -9.32640956872346147E-03 -1.78046666952878879E-01  2.25852200500607059E-01 -6.44820564195302953E-02  9.06256661977665606E-02  1.74811234427013663E-02  5.72823707547793215E-02  5.67553957286795335E-02  2.62201063707650062E-01 -2.19395502393226000E-01 -7.63197056043324606E-02  7.37501908147854685E-02  1.79141667668924268E-02 -1.45626546876924862E-01 -5.41719040477364050E-02
  2.57835721104822356E-02  2.97961126028728051E-03 -1.97644434366366695E-01 -1.80645481123528129E-01 -5.50383370620081882E-03 -6.69697996025498954E-02  3.55367392573614632E-02 -2.16003623691313901E-01  5.94156727043461744E-02 -1.52953960075708634E-01  1.61063987763018335E-01  2.48457687240485683E-02 -2.58475079651113993E-01  5.67302271314271064E-02  1.21680975724170297E-02  1.55459271558421513E-01 -2.10748981338713282E-01 -1.44519989524877962E-01  3.21483429697354883E-01  2.84077903053071379E-04 -3.38289909384754325E-02 -4.21630396194255866E-02 -2.00473249808259535E-01  2.04008806676577517E-02 -4.17230151209455391E-01  2.79442475058184925E-01 -2.11710897002265697E-01  1.65487052121720435E-01 -2.91545086567928727E-02 -2.50302662879471303E-02 -2.72591970825242155E-02 -1.62516178531814881E-01  6.85699820104399421E-02 -3.07809784360672856E-01 -1.24186080749772290E-01 -3.30813305654316077E-03  1.51125142440744140E-02 -3.87255038534259424E-02 -5.23174164308242082E-02 -3.52984603775010675E-01 -1.10291332371918932E-01
 -1.84830211130976446E-01 -1.96793800140550063E-01  1.50772850540554670E-01  1.91761097255843505E-01 -4.66552867293298423E-01 -1.29864535760395999E-01 -2.96781328558394397E-01  2.94539525748593212E-01  3.31751228522221886E-01  1.30437211948532111E-01  2.44688557808248275E-01 -7.97897478157285761E-02 -2.86166547673352756E-01 -2.52384674074745463E-01  3.74360482181566243E-02 -1.46949178719812668E-01 -7.87681023738954003E-03 -2.82729187117472525E-02  4.18543396948281854E-01  6.88538875843411613E-02  8.75250546035177268E-02  3.87976971911596191E-01 -4.07950821832187172E-01 -3.36627665603482507E-01 -1.18363294229780938E-01  2.22563514537101825E-01  9.97598599764795008E-02  6.10423251306763670E-02  2.43538829285081526E-01  1.95060176451043593E-01 -1.61922428596540449E-02  2.03321204430758740E-01  2.66854967952344480E-01  2.01472931856826493E-01 -7.30198720139817615E-03 -2.24856690154334737E-01  1.34717078380344857E-01 -7.01230579503118873E-02  6.81371125304892078E-02 -5.90161627776464512E-02 -1.25014130431435749E-01
  7.12300421203800049E-02 -5.94380940421210049E-02 -2.03621878687498009E-01 -1.15681422514173918E-01  7.25118393463375921E-02 -5.69105360900384535E-02  8.03419779328159306E-02  3.23257179573544218E-01  5.74124809944615844E-02  7.76110482270551613E-03  4.56571450885718613E-02 -2.32380533445640802E-01  1.57213170093560475E-03 -7.68719782182535616E-02 -4.57547308718624784E-02  6.97891312257797464E-02  7.85160164336873578E-02  1.74553289166533093E-01 -4.04740829869354724E-01 -7.68448753893171826E-02 -5.47859108254702826E-02  1.77506978561155104E-01 -5.32119689101812066E-02  1.66507545584865420E-02  1.03430364902814473E-01  2.47600041061732695E-01  3.26915784974434742E-02  3.55244675224930029E-01  4.37797662171599544E-02  1.56122041491756847E-01  8.33198385339158354E-02 -2.70445303876360593E-02 -2.88874635499904386E-01  1.40201069630584031E-02  8.38318280234494340E-02 -4.13848156177622703E-02 -1.69508209100100504E-01  1.46511093199906933E-01  1.29547923772138363E-01  7.65876154412431093E-02  2.02357040632830387E-01
  2.16947259224780746E-02  8.75779865333026486E-02 -2.32990716732408010E-01 -1.40638300785389636E-01  3.24399570904680246E-01 -3.18239779445488868E-02 -2.18070224004408092E-01 -4.86450752442143808E-02 -2.05176786283511992E-01  4.08683788560159578E-01  2.54692716969669684E-02  1.26521786673274184E-01  1.80322555486430641E-01  1.17308597794600081E-01 -3.80057452157118392E-01 -7.05555594165872685E-02 -7.94314221857762015E-02 -1.82254413504975649E-01 -1.57431449894543385E-01 -1.51102640767953100E-01  1.78006454930769858E-01 -2.90808644603714195E-01 -2.61426407621311807E-01 -9.66585378073873680E-02  2.40762312390216740E-02 -2.53976171809897233E-01 -1.35370380260023432E-01 -3.99271065690393751E-02 -7.70684816418479718E-02  6.00146421807401451E-02 -2.70874125187641646E-01  3.46090887955388046E-02 -1.80157608236505340E-01 -1.07838586179253473E-01 -3.42250320166739397E-01 -1.05267322666583590E-01  3.38291122417893608E-01 -1.94853795459355439E-02  2.37158684092998562E-01 -4.44453692301860492E-02  6.85317721952282688E-02
  1.18160062852416189E-01  3.58950709202106755E-01  1.47286389894222158E-01 -1.26559321624665044E-01 -2.37656348994713135E-01  1.69760180966952445E-01 -1.36119041557153958E-01  2.34541689888861267E-02 -4.91200293521388970E-02 -4.70815383077853700E-01  6.46189691212131490E-02  2.57922951419042534E-01 -1.43695545649040052E-01  3.78566638060659141E-02  5.19606064767531572E-01  1.64947133256911960E-01 -1.65151950749650056E-01 -2.63045183901393677E-02  1.69648842158435120E-01  3.31186663548821703E-01  2.17436965698157181E-01 -5.11295323296009387E-03  1.21417265445689163E-01  1.69674200763114368E-02 -1.82732003545950400E-01  1.66071610997048980E-01 -7.16720342892396972E-02  1.14596554233754838E-01  3.26966875357175349E-02 -2.39765196847567807E-02  1.22552959225228353E-01 -2.84109590652041610E-02 -9.72438298151527825E-02  1.16706533725107073E-01  3.99299942350074377E-01  1.47734112709460075E-01  2.96198437205029308E-01  2.06383033690785950E-01 -3.51543451267932627E-01 -2.83403321055731849E-01  4.14888918131070816E-01
  1.41978398343507953E-02 -1.97538554105927799E-01 -3.39783497562734182E-01  1.06686295286319621E-01 -1.32129831660036057E-01  3.59718310668447561E-01 -2.34022413028476928E-01 -9.77304215970056928E-02  6.26922201967495540E-02 -3.54734830702138515E-01  1.97464576923496449E-01 -2.17625082170223201E-02 -7.01005000171114889E-02  2.98018683685030705E-02 -1.73761457978795053E-01  2.95766116239824628E-01 -1.87461357765118297E-01  1.42156010557387524E-01  9.58010132869040743E-02  1.41047924872226421E-01 -3.73739841702050088E-02  1.09721016798236676E-01 -1.09996726852752635E-01 -1.13969170737754963E-01 -2.47848917443620309E-01  1.11785421914447597E-01 -5.07811428237167004E-02 -6.62257194640026997E-02  4.87461101216121184E-02 -1.36112678365968132E-01  1.14814727145878710E-02  4.85857545843467464E-02  5.29207370854714726E-02  1.51972249885048653E-02 -2.19440716057895446E-01  2.60440538621762252E-01 -4.01094378945871743E-01  6.14633451503312622E-03  5.63817741508466641E-02 -1.83307298084863762E-01 -5.04585080604396441E-01
  3.22302683718505123E-01  2.77982849400707444E-01 -3.49531530414879332E-01 -1.54046256758867212E-01  3.62315915737935479E-01  1.31749748823391688E-01  2.13910340964932090E-02 -2.98020358999122714E-01 -2.21609118829311280E-01  3.28328979927922704E-01 -4.00788035581984670E-01 -2.44412059208465871E-01  3.62014132043831163E-02 -1.21292138073878161E-01 -2.57722422176052568E-01  3.07191176165046653E-01  2.91135326709813402E-01  2.78444675230783284E-02  3.17806920471978560E-02  4.28007658611032960E-01  2.24088882086738911E-01  1.65008322796445173E-01  6.64346959177489205E-01 -3.12673671420023835E-01  4.25091542576848225E-01  1.36203561747983676E-01 -4.49403813910356886E-01  1.69681188615612433E-01 -2.02364514378689575E-01  1.02501378585808534E-02  2.17115116663791352E-01 -1.22506327055621673E-03  8.65515637550892843E-03  2.73693815623443415E-01  4.00689299945890254E-01  5.61965384204805574E-02  2.92753068118400517E-01  1.30271118147131992E-01 -1.45503510626500770E-01  3.44023543575998417E-02  6.03757957901483386E-02
  3.14769818579192853E-02 -3.93987654475306315E-01  3.75450075651079573E-01  1.36580389179656814E-01 -2.15672594023078257E-01  2.45638243714684040E-01  4.45793476010243939E-01  9.75863892646851583E-02  4.68271141144400369E-02 -2.98095189015529949E-01  2.00056152176138480E-01 -2.64456636633433662E-01 -1.91900088372813610E-01 -1.15571054155218636E-01  3.15985921530898439E-01  1.89982388618118669E-01  2.36829507231496983E-01 -2.47186636174653029E-02  1.37630328596929752E-01 -1.51038067812077098E-01 -1.22820164037502733E-01  7.59908536216323399E-02  2.64920608509068345E-01 -5.99684516271554377E-02  1.88718066631030357E-01  1.55150479382057699E-01  6.46113462014553247E-02 -2.64786744264483731E-01  1.33158187340598144E-01  4.13469401033635386E-02 -3.68850174998837863E-02  2.31684026343038918E-01  2.65332398113247936E-01  2.12798384272126412E-01  1.07257481379697622E-01 -1.21946155466945760E-01  3.57609258957546708E-02 -3.52271478739169364E-01 -1.54608165779579476E-01  1.44898971102565027E-01 -6.43178636304818779E-02
 -9.81409113695913028E-03 -1.46717001453822549E-01 -6.75495675869177276E-02 -1.22242201816440244E-01 -1.37833985139941023E-01 -7.31267627488585426E-02 -1.10626490294155236E-01  1.40803608658457369E-01  8.24822914714619243E-02  6.90875995012225907E-02 -8.72851150966106638E-03  8.22544849912418274E-02 -2.22827150593701950E-01  6.02800880089866126E-02  3.53600812564296499E-02  5.69248245086923094E-02  1.04364049897682803E-01 -1.68039346374100396E-01 -1.18829168529480222E-01 -3.60527352534095111E-02  2.03724358674911954E-01  2.19225040640051577E-02 -1.25894090408152151E-02  1.16078779731160500E-01 -1.88400191578320081E-01 -5.48058090662184097E-02 -1.50280076074787938E-01  5.26716121832490267E-02 -1.40691825621959227E-01 -1.58196702057817634E-01  1.17242999419358826E-01  1.45821513556765509E-01 -1.62593138276020899E-01 -1.36797187222583785E-02 -1.13941476993731167E-01 -3.79398303370375944E-01  2.26594665894989361E-01  2.37342160612037084E-01 -6.15740298448476178E-02  2.92889382853163856E-02 -2.06120036687201719E-01
 -1.52645725625317918E-01 -2.16414406576407349E-02 -8.98243354996563909E-02 -7.48917324689465369E-02  8.79177762842516253E-02 -3.54086135941689660E-03  2.38282470200050223E-01  4.47755089841040455E-01  1.09137051056634279E-01 -1.81958846231435017E-01  7.72423296993366652E-03  3.84473629151576915E-02  8.23887502704514080E-02  3.53488190947476690E-03 -2.17236459969514822E-01  1.06801641959943378E-01 -1.50912653586239065E-01  9.99515391743843046E-02  1.08861696759699700E-01 -3.18480415162894492E-01  2.53655610577714019E-01  1.35314234035450121E-01  1.93493789422034435E-01  5.11593292047408554E-01  4.72165558046220221E-02 -2.01971749467618963E-02 -3.84295092430861296E-01  3.24075945489351092E-01 -5.82775293521598445E-02 -6.80721726851200998E-02  1.19513826955551336E-01 -3.16718328430568019E-01  1.04839827145526851E-01  2.56870429944672185E-01  2.24839083741025896E-02 -5.31772539727830701E-02 -2.53111981146254994E-01 -2.45165477052552566E-01 -2.73709502472210021E-02 -1.51758367090794460E-01  6.28323678783057754E-02
 -2.75788009283386600E-02 -2.58112142277843015E-01  2.93939939049771524E-02 -2.54487501174395780E-01 -1.55893410874778249E-02 -5.96181375789010398E-02 -1.04636783709512932E-01 -1.49933065127339393E-01  1.35801697374750979E-01  1.24134097706459900E-03  2.11619141849405917E-01 -7.79814308824390984E-02 -1.54018478758515941E-02 -6.51803597999451312E-02 -2.70501299693414132E-01  1.49842846497647175E-01  8.88626934162924237E-02  4.67329201310212050E-02  9.79559009784885665E-02  5.83678666427077386E-02  2.79890971993703497E-01  3.41292117281178753E-01  1.87474137628030307E-01 -4.39574682578435239E-02 -1.09009066193914705E-01 -1.28891297523590700E-02  2.87169579638943795E-01  9.43310215093487586E-02 -4.59472928988328075E-02  1.27993047468955345E-01 -2.36275841805140968E-02  4.41952155541360914E-01 -1.07712732243329751E-01 -1.51545793380813594E-02  1.14759016967980201E-01 -7.34494186517372777E-02  1.60974157093002820E-02 -1.83465671150737697E-01 -3.07211928407263413E-01 -2.02343139878878864E-01  7.11970742073883694E-02
 -1.66196749033384245E-01  2.78145895543670807E-02  1.43635522407232680E-01  1.41505847101529442E-01 -8.01357876656537127E-02  5.04254367127313016E-02  1.10678301115907762E-01  3.54926352536268197E-01  1.28864610746782127E-01  7.34635270401114981E-02  3.31802009422779265E-01 -3.87937687949049337E-03 -2.29213116513140219E-01  3.65965161201064648E-01 -1.23341976367947789E-01 -2.37967763766038908E-03 -1.73995893768926602E-01  2.05037182941492813E-01 -1.40350520420328584E-01 -3.27828285746039672E-01  7.03213786428164983E-02 -2.35021991530082019E-01 -1.98233260562762859E-01  2.16669593292003942E-01 -2.97706545732484673E-01 -5.85300917117955510E-01  1.17491825835709260E-01 -4.46632163149948622E-02 -2.67034080524955530E-01  2.25879726883995935E-01 -1.57637471819614655E-01  1.33229174252770366E-01  1.15014263321255878E-02  2.07315334467512880E-01 -5.00598890264308538E-02  1.69439452764175685E-01  7.88766292291837590E-02 -3.30754868715484263E-01  5.88838296263616626E-02  1.18431542063112336E-02 -5.92430095799393458E-02
 -4.35298762344357437E-02  2.99859115397209603E-03 -1.51991072546745126E-01 -1.31334986418674859E-01  1.41618874293260061E-01  1.43462225365838497E-01 -3.92527847364879667E-01  1.51903333804704027E-01 -1.17958859752009260E-02  3.24113178203009444E-01 -6.51964610164489644E-02  1.96321433184512117E-01  2.97249331994990608E-03  1.79522746048939669E-01  1.42033205757233771E-01 -5.43443820307685344E-01 -1.45000584738860655E-01 -4.10212537298368485E-01  2.53314137657076943E-01  1.60053227495987410E-01  2.29538191707664430E-01 -1.64170834245870367E-01 -8.27518044492346477E-02  1.87027621172911912E-01 -5.17222038007141838E-02  3.35721421570614187E-02  7.15984751709017181E-02  2.43801640960844612E-01 -9.00193192212052629E-02  1.40234603505498840E-02  7.03408574481417109E-02 -3.69859377634319461E-02 -3.23541850441064149E-01 -1.61672807610367009E-01 -1.49386089464110944E-01  2.12416745887130838E-02 -1.51621683470383378E-01 -2.52636706504193731E-01  6.33720852398818868E-02  4.84100044328904869E-02  6.68307031278532054E-02
  9.66152958299923842E-02 -4.95080321621033242E-02  2.64198540615580402E-01 -2.78618298873178682E-01 -1.91555155185601428E-01  1.93401856311360171E-01  3.90447852407735718E-01  1.64717408959107019E-02  2.67954102470828293E-01 -7.73463481240840162E-02 -4.00602814440243482E-02  2.56023187669505402E-02 -2.16395105886315081E-01 -9.90792728568541496E-03  3.62318627976635776E-01  1.32001797628677031E-01  2.11852557949190501E-01  3.37351666396234262E-01  1.72247495860671437E-02  1.15254434068482903E-01  2.34449088830345903E-01 -1.10431847034877864E-02 -4.19436130622442491E-02  6.31039072411530150E-02  9.03019529046353575E-02  2.34746687187862624E-01  1.24113229538389477E-01  7.05029050046407368E-02 -6.13669659397817185E-03  2.26061336886032638E-01  9.89234713400864996E-02 -2.85476206261494579E-02 -8.10285041486037555E-02  1.99765868195555946E-01  2.65292075604357247E-01  7.55210415739265700E-02  1.99852511234568292E-01 -6.54149731100248377E-02 -9.06391549500600302E-02 -2.30686059041220887E-01 -1.74064580675693470E-01
 #l=           5
  2.95719921701283694E-01  6.79184531125628599E-01 -3.36916069822684239E-01  3.64438153412381505E-01  5.89383869451181708E-01 -1.00506407013214649E+00 -8.61060906118797709E-01  1.10171025605473552E-01 -2.87085178278425335E-01  2.09132084050920458E-01 -6.04969095602287621E-01  3.79421887249183687E-01  5.57013688439866095E-01 -1.09704444940400192E+00 -5.32745927797896202E-01  2.46693770021561454E-01 -5.66408996781012974E-01  1.81361959189021316E-01 -2.39096342831201764E-01 -2.48951835762740104E-01 -2.01853013153269478E-01  2.54716641967874580E-01 -9.02994826688537922E-01  3.32116698817097739E-02  2.64053553834411925E-01  8.81896439799041865E-01  5.65388213588145949E-01 -1.06293609183781598E-01 -1.40975979841833299E+00  1.81194087432472381E-02  1.23626037080487847E-01 -3.27064564381828529E-02 -1.87908205080388635E-01  1.23892239824826378E+00  6.38635516529376668E-01 -2.04286013818176654E-01 -7.75908232331412734E-02 -1.85429503788911598E-01 -5.05107462634336257E-01 -2.67118959904401876E-01  1.69536957829366425E-01
  9.43482433987636801E-03  5.75035211113180331E-02  1.79517171243952722E-01 -4.70382336883075954E-03 -2.39686685259350094E-02 -5.61626633147728482E-02 -9.99871972492893807E-02 -2.97386344005963033E-01 -1.38360550571056062E-01 -2.41659375526314030E-01  1.94571768691284813E-01 -2.04195111996803180E-01 -1.01013369783880244E-01 -7.33703550236541359E-03  3.33242953358118335E-02 -6.68714586997249272E-03 -7.65248275813390955E-04  3.01299928747584489E-01  2.76848116917082724E-03 -1.69845830394454250E-01  1.59781156779920303E-03  3.06451665418578989E-01 -3.82575947460567570E-02 -1.64128757567304162E-01  6.79688900876588599E-03 -2.62352482569952507E-02 -1.48831264181848344E-03  1.57107088622351746E-03 -7.77653503361138733E-03 -6.64130069076357562E-04  4.33504042254394151E-01  1.21794547290806590E-01  3.25696404746999863E-03  3.69161095814905891E-03 -2.52178995684907203E-01 -8.48201897987750641E-03 -1.61163419857304334E-04  3.48627776364477254E-02  6.40622373957928839E-03 -1.27030526873691013E-01  2.14395068067224998E-01
 -2.60901442598775901E-01 -3.52633618291091841E-02 -9.14375760436633017E-02 -1.39794499729131005E-02  8.04207586975373423E-02  5.04956275307362687E-02  1.25043981960755141E-01  1.46676121512281550E-02  3.41499960081160570E-01 -1.99768670720315733E-01  3.83407750735290029E-02  3.36325966894210959E-01 -2.66226651259707792E-01  1.36427209018620283E-02  9.07886299136273500E-02  3.46845732602844625E-01 -1.00486317214407012E-02 -9.62671159782502173E-02  1.20771914480509394E-02 -4.62607096594058020E-01  3.00038830509714166E-02  7.82688350645752290E-02 -3.14391320267419783E-01 -1.98791553430641199E-01  3.62983502468148256E-01 -3.18871562185717716E-01 -4.69743849021987611E-02  1.49411709377273490E-02  7.33855938859409862E-02 -1.23757135567088492E-02 -2.44971235097240676E-02 -2.39796886838969187E-01  3.73278642686611789E-02  3.13889988890351385E-02 -1.12224404887056095E-01 -1.73426068663840513E-02 -2.40201005806376551E-02  5.17486066675083151E-02 -9.21243565372112105E-02  1.88861579388024114E-01 -1.81456799123414725E-01
