# DNNF90 training history: one row per validation event
#  1:epoch  2:patience
#  3:cost_train    4:cost_val    5:cost_input   (per point;
#    the composite objective, Loss_term weights applied --
#    the same sum the optimizer descends)
#  6:cost_train_f  7:cost_train_df  8:cost_val_f  9:cost_val_df
# 10:cost_input_f 11:cost_input_df
# 12:rmse_train_f 13:rmse_train_df 14:rmse_val_f 15:rmse_val_df
# 16:rmse_input_f 17:rmse_input_df
# 18:mae_train_f  19:mae_train_df  20:mae_val_f  21:mae_val_df
# 22:mae_input_f  23:mae_input_df
# 24..: the same 21 metrics for each loss term in turn (2 terms: columns 24-44 are term 1, 45-65 term 2, ...)
1  0    0.79867E+00    0.75098E+00    0.79593E+00    0.79630E+00    0.23688E+00    0.74859E+00    0.23924E+00    0.79356E+00    0.23702E+00    0.13892E+01    0.68831E+00    0.13510E+01    0.69172E+00    0.13870E+01    0.68850E+00    0.84404E+00    0.63158E+00    0.84394E+00    0.63386E+00    0.84404E+00    0.63171E+00    0.57785E+01    0.53471E+01    0.57533E+01    0.57785E+01    0.00000E+00    0.53471E+01    0.00000E+00    0.57533E+01    0.00000E+00    0.33995E+01    0.00000E+00    0.32702E+01    0.00000E+00    0.33921E+01    0.00000E+00    0.24695E+01    0.00000E+00    0.24845E+01    0.00000E+00    0.24703E+01    0.00000E+00    0.27474E-02    0.27819E-02    0.27494E-02    0.00000E+00    0.27474E+00    0.00000E+00    0.27819E+00    0.00000E+00    0.27494E+00    0.62535E+00    0.74127E+00    0.61764E+00    0.74590E+00    0.62491E+00    0.74154E+00    0.58425E+00    0.73253E+00    0.57688E+00    0.73705E+00    0.58383E+00    0.73279E+00
100  0    0.10861E+00    0.93947E-01    0.10777E+00    0.10659E+00    0.20161E+00    0.91916E-01    0.20315E+00    0.10575E+00    0.20170E+00    0.53699E+00    0.63499E+00    0.50721E+00    0.63741E+00    0.53532E+00    0.63513E+00    0.34529E+00    0.58187E+00    0.36445E+00    0.58352E+00    0.34639E+00    0.58196E+00    0.77351E+00    0.65654E+00    0.76669E+00    0.77351E+00    0.00000E+00    0.65654E+00    0.00000E+00    0.76669E+00    0.00000E+00    0.12438E+01    0.00000E+00    0.11459E+01    0.00000E+00    0.12383E+01    0.00000E+00    0.88326E+00    0.00000E+00    0.10181E+01    0.00000E+00    0.89113E+00    0.00000E+00    0.23383E-02    0.23622E-02    0.23397E-02    0.00000E+00    0.23383E+00    0.00000E+00    0.23622E+00    0.00000E+00    0.23397E+00    0.29526E+00    0.68386E+00    0.29221E+00    0.68734E+00    0.29509E+00    0.68406E+00    0.25930E+00    0.67487E+00    0.25804E+00    0.67851E+00    0.25923E+00    0.67507E+00
200  1    0.11431E+00    0.10025E+00    0.11351E+00    0.11289E+00    0.14228E+00    0.98826E-01    0.14265E+00    0.11208E+00    0.14230E+00    0.56021E+00    0.53344E+00    0.52806E+00    0.53414E+00    0.55841E+00    0.53348E+00    0.34010E+00    0.49051E+00    0.33564E+00    0.49071E+00    0.33984E+00    0.49052E+00    0.81921E+00    0.70590E+00    0.81260E+00    0.81921E+00    0.00000E+00    0.70590E+00    0.00000E+00    0.81260E+00    0.00000E+00    0.12800E+01    0.00000E+00    0.11882E+01    0.00000E+00    0.12748E+01    0.00000E+00    0.78733E+00    0.00000E+00    0.79778E+00    0.00000E+00    0.78794E+00    0.00000E+00    0.16502E-02    0.16587E-02    0.16507E-02    0.00000E+00    0.16502E+00    0.00000E+00    0.16587E+00    0.00000E+00    0.16507E+00    0.31958E+00    0.57449E+00    0.30726E+00    0.57597E+00    0.31888E+00    0.57458E+00    0.26862E+00    0.56890E+00    0.26041E+00    0.57059E+00    0.26814E+00    0.56900E+00
300  2    0.11764E+00    0.98213E-01    0.11653E+00    0.11618E+00    0.14657E+00    0.96755E-01    0.14573E+00    0.11506E+00    0.14652E+00    0.57765E+00    0.54142E+00    0.53509E+00    0.53987E+00    0.57529E+00    0.54133E+00    0.34638E+00    0.49231E+00    0.33908E+00    0.49086E+00    0.34596E+00    0.49222E+00    0.84307E+00    0.69111E+00    0.83420E+00    0.84307E+00    0.00000E+00    0.69111E+00    0.00000E+00    0.83420E+00    0.00000E+00    0.12985E+01    0.00000E+00    0.11757E+01    0.00000E+00    0.12917E+01    0.00000E+00    0.72267E+00    0.00000E+00    0.72163E+00    0.00000E+00    0.72261E+00    0.00000E+00    0.16999E-02    0.16945E-02    0.16996E-02    0.00000E+00    0.16999E+00    0.00000E+00    0.16945E+00    0.00000E+00    0.16996E+00    0.34281E+00    0.58308E+00    0.32850E+00    0.58216E+00    0.34201E+00    0.58303E+00    0.28623E+00    0.57099E+00    0.27680E+00    0.57076E+00    0.28569E+00    0.57098E+00
400  2    0.96564E-01    0.71194E-01    0.95106E-01    0.94530E-01    0.20340E+00    0.69258E-01    0.19365E+00    0.93078E-01    0.20284E+00    0.53516E+00    0.63782E+00    0.47639E+00    0.62233E+00    0.53196E+00    0.63694E+00    0.33293E+00    0.54625E+00    0.31875E+00    0.53474E+00    0.33211E+00    0.54559E+00    0.68597E+00    0.49470E+00    0.67481E+00    0.68597E+00    0.00000E+00    0.49470E+00    0.00000E+00    0.67481E+00    0.00000E+00    0.11713E+01    0.00000E+00    0.99468E+00    0.00000E+00    0.11617E+01    0.00000E+00    0.66794E+00    0.00000E+00    0.61750E+00    0.00000E+00    0.66500E+00    0.00000E+00    0.23591E-02    0.22517E-02    0.23530E-02    0.00000E+00    0.23591E+00    0.00000E+00    0.22517E+00    0.00000E+00    0.23530E+00    0.33599E+00    0.68690E+00    0.32067E+00    0.67108E+00    0.33513E+00    0.68600E+00    0.27938E+00    0.63356E+00    0.27012E+00    0.62180E+00    0.27885E+00    0.63289E+00
500  2    0.94333E-01    0.64973E-01    0.92645E-01    0.92296E-01    0.20368E+00    0.63043E-01    0.19295E+00    0.90614E-01    0.20307E+00    0.51592E+00    0.63825E+00    0.44598E+00    0.62121E+00    0.51216E+00    0.63729E+00    0.31758E+00    0.55653E+00    0.30215E+00    0.54308E+00    0.31670E+00    0.55576E+00    0.66976E+00    0.45031E+00    0.65696E+00    0.66976E+00    0.00000E+00    0.45031E+00    0.00000E+00    0.65696E+00    0.00000E+00    0.11574E+01    0.00000E+00    0.94901E+00    0.00000E+00    0.11463E+01    0.00000E+00    0.69581E+00    0.00000E+00    0.65086E+00    0.00000E+00    0.69319E+00    0.00000E+00    0.23624E-02    0.22436E-02    0.23556E-02    0.00000E+00    0.23624E+00    0.00000E+00    0.22436E+00    0.00000E+00    0.23556E+00    0.30760E+00    0.68737E+00    0.29098E+00    0.66987E+00    0.30667E+00    0.68638E+00    0.25713E+00    0.64548E+00    0.24538E+00    0.63149E+00    0.25646E+00    0.64468E+00
600  2    0.97163E-01    0.62758E-01    0.95185E-01    0.93995E-01    0.31677E+00    0.59819E-01    0.29394E+00    0.92031E-01    0.31546E+00    0.51483E+00    0.79596E+00    0.43480E+00    0.76673E+00    0.51057E+00    0.79431E+00    0.31395E+00    0.61162E+00    0.29871E+00    0.59427E+00    0.31307E+00    0.61063E+00    0.68209E+00    0.42728E+00    0.66722E+00    0.68209E+00    0.00000E+00    0.42728E+00    0.00000E+00    0.66722E+00    0.00000E+00    0.11680E+01    0.00000E+00    0.92442E+00    0.00000E+00    0.11552E+01    0.00000E+00    0.68797E+00    0.00000E+00    0.62927E+00    0.00000E+00    0.68455E+00    0.00000E+00    0.36740E-02    0.34179E-02    0.36594E-02    0.00000E+00    0.36740E+00    0.00000E+00    0.34179E+00    0.00000E+00    0.36594E+00    0.29896E+00    0.85721E+00    0.28409E+00    0.82678E+00    0.29813E+00    0.85549E+00    0.25417E+00    0.70938E+00    0.24490E+00    0.69102E+00    0.25364E+00    0.70833E+00
700  2    0.84642E-01    0.58359E-01    0.83131E-01    0.81811E-01    0.28305E+00    0.55779E-01    0.25793E+00    0.80315E-01    0.28161E+00    0.49904E+00    0.75240E+00    0.43260E+00    0.71823E+00    0.49546E+00    0.75047E+00    0.30736E+00    0.59275E+00    0.28943E+00    0.56981E+00    0.30633E+00    0.59143E+00    0.59367E+00    0.39842E+00    0.58228E+00    0.59367E+00    0.00000E+00    0.39842E+00    0.00000E+00    0.58228E+00    0.00000E+00    0.10897E+01    0.00000E+00    0.89266E+00    0.00000E+00    0.10792E+01    0.00000E+00    0.61366E+00    0.00000E+00    0.55245E+00    0.00000E+00    0.61008E+00    0.00000E+00    0.32829E-02    0.29991E-02    0.32666E-02    0.00000E+00    0.32829E+00    0.00000E+00    0.29991E+00    0.00000E+00    0.32666E+00    0.31475E+00    0.81030E+00    0.29646E+00    0.77449E+00    0.31373E+00    0.80829E+00    0.25841E+00    0.68749E+00    0.24661E+00    0.66257E+00    0.25773E+00    0.68606E+00
800  3    0.86654E-01    0.65090E-01    0.85415E-01    0.83758E-01    0.28963E+00    0.62453E-01    0.26367E+00    0.82533E-01    0.28813E+00    0.49548E+00    0.76109E+00    0.43958E+00    0.72619E+00    0.49244E+00    0.75912E+00    0.29860E+00    0.60666E+00    0.28550E+00    0.58233E+00    0.29784E+00    0.60526E+00    0.60780E+00    0.44609E+00    0.59837E+00    0.60780E+00    0.00000E+00    0.44609E+00    0.00000E+00    0.59837E+00    0.00000E+00    0.11025E+01    0.00000E+00    0.94456E+00    0.00000E+00    0.10940E+01    0.00000E+00    0.62696E+00    0.00000E+00    0.61095E+00    0.00000E+00    0.62603E+00    0.00000E+00    0.33592E-02    0.30660E-02    0.33424E-02    0.00000E+00    0.33592E+00    0.00000E+00    0.30660E+00    0.00000E+00    0.33424E+00    0.30075E+00    0.81965E+00    0.28186E+00    0.78307E+00    0.29970E+00    0.81760E+00    0.24611E+00    0.70362E+00    0.23252E+00    0.67713E+00    0.24533E+00    0.70210E+00
900  4    0.96221E-01    0.73647E-01    0.94924E-01    0.93200E-01    0.30207E+00    0.70900E-01    0.27468E+00    0.91919E-01    0.30050E+00    0.50607E+00    0.77727E+00    0.45133E+00    0.74119E+00    0.50309E+00    0.77524E+00    0.29088E+00    0.60973E+00    0.27894E+00    0.58700E+00    0.29020E+00    0.60842E+00    0.67632E+00    0.50643E+00    0.66641E+00    0.67632E+00    0.00000E+00    0.50643E+00    0.00000E+00    0.66641E+00    0.00000E+00    0.11630E+01    0.00000E+00    0.10064E+01    0.00000E+00    0.11545E+01    0.00000E+00    0.63185E+00    0.00000E+00    0.61340E+00    0.00000E+00    0.63077E+00    0.00000E+00    0.35035E-02    0.31940E-02    0.34858E-02    0.00000E+00    0.35035E+00    0.00000E+00    0.31940E+00    0.00000E+00    0.34858E+00    0.28434E+00    0.83708E+00    0.26828E+00    0.79925E+00    0.28344E+00    0.83496E+00    0.23639E+00    0.70718E+00    0.22450E+00    0.68256E+00    0.23571E+00    0.70577E+00
1000  4    0.82247E-01    0.52353E-01    0.80529E-01    0.79769E-01    0.24773E+00    0.50136E-01    0.22168E+00    0.78066E-01    0.24623E+00    0.48086E+00    0.70389E+00    0.40421E+00    0.66585E+00    0.47679E+00    0.70176E+00    0.28539E+00    0.55739E+00    0.26806E+00    0.53478E+00    0.28440E+00    0.55609E+00    0.57886E+00    0.35812E+00    0.56598E+00    0.57886E+00    0.00000E+00    0.35812E+00    0.00000E+00    0.56598E+00    0.00000E+00    0.10760E+01    0.00000E+00    0.84630E+00    0.00000E+00    0.10639E+01    0.00000E+00    0.57705E+00    0.00000E+00    0.52042E+00    0.00000E+00    0.57374E+00    0.00000E+00    0.28732E-02    0.25776E-02    0.28563E-02    0.00000E+00    0.28732E+00    0.00000E+00    0.25776E+00    0.00000E+00    0.28563E+00    0.28836E+00    0.75805E+00    0.27091E+00    0.71800E+00    0.28739E+00    0.75582E+00    0.23878E+00    0.64648E+00    0.22698E+00    0.62183E+00    0.23810E+00    0.64507E+00
1100  5    0.85397E-01    0.56473E-01    0.83735E-01    0.82871E-01    0.25261E+00    0.54210E-01    0.22627E+00    0.81224E-01    0.25109E+00    0.47789E+00    0.71078E+00    0.40482E+00    0.67271E+00    0.47399E+00    0.70865E+00    0.27608E+00    0.56790E+00    0.26425E+00    0.54636E+00    0.27540E+00    0.56667E+00    0.60137E+00    0.38722E+00    0.58887E+00    0.60137E+00    0.00000E+00    0.38722E+00    0.00000E+00    0.58887E+00    0.00000E+00    0.10967E+01    0.00000E+00    0.88002E+00    0.00000E+00    0.10852E+01    0.00000E+00    0.59468E+00    0.00000E+00    0.57360E+00    0.00000E+00    0.59345E+00    0.00000E+00    0.29298E-02    0.26310E-02    0.29127E-02    0.00000E+00    0.29298E+00    0.00000E+00    0.26310E+00    0.00000E+00    0.29127E+00    0.26952E+00    0.76548E+00    0.25393E+00    0.72540E+00    0.26865E+00    0.76324E+00    0.22515E+00    0.65867E+00    0.21390E+00    0.63531E+00    0.22451E+00    0.65733E+00
1200  5    0.79889E-01    0.50876E-01    0.78221E-01    0.77687E-01    0.22014E+00    0.48920E-01    0.19568E+00    0.76034E-01    0.21874E+00    0.46877E+00    0.66354E+00    0.39315E+00    0.62558E+00    0.46476E+00    0.66142E+00    0.26458E+00    0.52796E+00    0.25094E+00    0.50818E+00    0.26380E+00    0.52682E+00    0.56375E+00    0.34943E+00    0.55125E+00    0.56375E+00    0.00000E+00    0.34943E+00    0.00000E+00    0.55125E+00    0.00000E+00    0.10618E+01    0.00000E+00    0.83597E+00    0.00000E+00    0.10500E+01    0.00000E+00    0.51104E+00    0.00000E+00    0.47125E+00    0.00000E+00    0.50872E+00    0.00000E+00    0.25533E-02    0.22753E-02    0.25374E-02    0.00000E+00    0.25533E+00    0.00000E+00    0.22753E+00    0.00000E+00    0.25374E+00    0.27324E+00    0.71460E+00    0.25684E+00    0.67458E+00    0.27232E+00    0.71237E+00    0.22519E+00    0.61234E+00    0.21508E+00    0.59091E+00    0.22461E+00    0.61111E+00
1300  5    0.78726E-01    0.49309E-01    0.77035E-01    0.76441E-01    0.22854E+00    0.47254E-01    0.20544E+00    0.74763E-01    0.22721E+00    0.46820E+00    0.67608E+00    0.39132E+00    0.64101E+00    0.46413E+00    0.67411E+00    0.27267E+00    0.51255E+00    0.25585E+00    0.49210E+00    0.27170E+00    0.51137E+00    0.55470E+00    0.33753E+00    0.54203E+00    0.55470E+00    0.00000E+00    0.33753E+00    0.00000E+00    0.54203E+00    0.00000E+00    0.10533E+01    0.00000E+00    0.82162E+00    0.00000E+00    0.10412E+01    0.00000E+00    0.51708E+00    0.00000E+00    0.45258E+00    0.00000E+00    0.51332E+00    0.00000E+00    0.26507E-02    0.23889E-02    0.26357E-02    0.00000E+00    0.26507E+00    0.00000E+00    0.23889E+00    0.00000E+00    0.26357E+00    0.27737E+00    0.72811E+00    0.26108E+00    0.69122E+00    0.27646E+00    0.72604E+00    0.23360E+00    0.59447E+00    0.22382E+00    0.57221E+00    0.23304E+00    0.59319E+00
1400  6    0.97996E-01    0.61549E-01    0.95901E-01    0.96110E-01    0.18862E+00    0.59886E-01    0.16629E+00    0.94028E-01    0.18734E+00    0.50817E+00    0.61420E+00    0.42244E+00    0.57669E+00    0.50364E+00    0.61211E+00    0.27806E+00    0.47413E+00    0.26050E+00    0.45485E+00    0.27705E+00    0.47302E+00    0.69743E+00    0.42776E+00    0.68170E+00    0.69743E+00    0.00000E+00    0.42776E+00    0.00000E+00    0.68170E+00    0.00000E+00    0.11810E+01    0.00000E+00    0.92494E+00    0.00000E+00    0.11676E+01    0.00000E+00    0.55135E+00    0.00000E+00    0.48790E+00    0.00000E+00    0.54764E+00    0.00000E+00    0.21877E-02    0.19336E-02    0.21731E-02    0.00000E+00    0.21877E+00    0.00000E+00    0.19336E+00    0.00000E+00    0.21731E+00    0.27671E+00    0.66147E+00    0.26123E+00    0.62186E+00    0.27585E+00    0.65926E+00    0.23438E+00    0.54991E+00    0.22348E+00    0.52889E+00    0.23375E+00    0.54870E+00
1500  7    0.86591E-01    0.62698E-01    0.85218E-01    0.84625E-01    0.19665E+00    0.60880E-01    0.18174E+00    0.83260E-01    0.19579E+00    0.48692E+00    0.62713E+00    0.42524E+00    0.60290E+00    0.48359E+00    0.62577E+00    0.27406E+00    0.50060E+00    0.26376E+00    0.48846E+00    0.27347E+00    0.49991E+00    0.61409E+00    0.43486E+00    0.60364E+00    0.61409E+00    0.00000E+00    0.43486E+00    0.00000E+00    0.60364E+00    0.00000E+00    0.11082E+01    0.00000E+00    0.93259E+00    0.00000E+00    0.10988E+01    0.00000E+00    0.53366E+00    0.00000E+00    0.52862E+00    0.00000E+00    0.53337E+00    0.00000E+00    0.22808E-02    0.21133E-02    0.22712E-02    0.00000E+00    0.22808E+00    0.00000E+00    0.21133E+00    0.00000E+00    0.22712E+00    0.28050E+00    0.67539E+00    0.26208E+00    0.65012E+00    0.27948E+00    0.67397E+00    0.23257E+00    0.58061E+00    0.22065E+00    0.56797E+00    0.23189E+00    0.57989E+00
1600  8    0.93006E-01    0.71796E-01    0.91788E-01    0.90824E-01    0.21825E+00    0.69720E-01    0.20769E+00    0.89611E-01    0.21764E+00    0.49505E+00    0.66068E+00    0.44138E+00    0.64450E+00    0.49213E+00    0.65976E+00    0.26618E+00    0.54750E+00    0.25489E+00    0.54153E+00    0.26554E+00    0.54716E+00    0.65908E+00    0.49800E+00    0.64968E+00    0.65908E+00    0.00000E+00    0.49800E+00    0.00000E+00    0.64968E+00    0.00000E+00    0.11481E+01    0.00000E+00    0.99799E+00    0.00000E+00    0.11399E+01    0.00000E+00    0.54794E+00    0.00000E+00    0.53455E+00    0.00000E+00    0.54716E+00    0.00000E+00    0.25314E-02    0.24150E-02    0.25247E-02    0.00000E+00    0.25314E+00    0.00000E+00    0.24150E+00    0.00000E+00    0.25247E+00    0.27124E+00    0.71153E+00    0.25375E+00    0.69498E+00    0.27026E+00    0.71059E+00    0.22115E+00    0.63501E+00    0.20937E+00    0.62968E+00    0.22047E+00    0.63470E+00
1700  9    0.10091E+00    0.80263E-01    0.99723E-01    0.98679E-01    0.22306E+00    0.78240E-01    0.20228E+00    0.97504E-01    0.22187E+00    0.50902E+00    0.66793E+00    0.45851E+00    0.63605E+00    0.50625E+00    0.66614E+00    0.25962E+00    0.52392E+00    0.25071E+00    0.50603E+00    0.25910E+00    0.52289E+00    0.71608E+00    0.55886E+00    0.70691E+00    0.71608E+00    0.00000E+00    0.55886E+00    0.00000E+00    0.70691E+00    0.00000E+00    0.11967E+01    0.00000E+00    0.10572E+01    0.00000E+00    0.11890E+01    0.00000E+00    0.51309E+00    0.00000E+00    0.50676E+00    0.00000E+00    0.51272E+00    0.00000E+00    0.25871E-02    0.23521E-02    0.25737E-02    0.00000E+00    0.25871E+00    0.00000E+00    0.23521E+00    0.00000E+00    0.25737E+00    0.26760E+00    0.71933E+00    0.25000E+00    0.68587E+00    0.26662E+00    0.71745E+00    0.21910E+00    0.60765E+00    0.20902E+00    0.58841E+00    0.21853E+00    0.60655E+00
1800  10    0.75520E-01    0.51082E-01    0.74115E-01    0.73399E-01    0.21213E+00    0.49194E-01    0.18875E+00    0.72008E-01    0.21079E+00    0.45298E+00    0.65135E+00    0.38684E+00    0.61442E+00    0.44944E+00    0.64929E+00    0.25183E+00    0.50760E+00    0.24400E+00    0.48757E+00    0.25138E+00    0.50644E+00    0.53263E+00    0.35139E+00    0.52205E+00    0.53263E+00    0.00000E+00    0.35139E+00    0.00000E+00    0.52205E+00    0.00000E+00    0.10321E+01    0.00000E+00    0.83832E+00    0.00000E+00    0.10218E+01    0.00000E+00    0.49400E+00    0.00000E+00    0.49353E+00    0.00000E+00    0.49397E+00    0.00000E+00    0.24603E-02    0.21948E-02    0.24451E-02    0.00000E+00    0.24603E+00    0.00000E+00    0.21948E+00    0.00000E+00    0.24451E+00    0.26024E+00    0.70148E+00    0.24413E+00    0.66254E+00    0.25935E+00    0.69930E+00    0.21312E+00    0.58872E+00    0.20338E+00    0.56694E+00    0.21256E+00    0.58748E+00
1900  11    0.77554E-01    0.53152E-01    0.76151E-01    0.75085E-01    0.24682E+00    0.51013E-01    0.21391E+00    0.73702E-01    0.24493E+00    0.45775E+00    0.70259E+00    0.39253E+00    0.65408E+00    0.45426E+00    0.69989E+00    0.25658E+00    0.53859E+00    0.24180E+00    0.50782E+00    0.25573E+00    0.53682E+00    0.54487E+00    0.36438E+00    0.53434E+00    0.54487E+00    0.00000E+00    0.36438E+00    0.00000E+00    0.53434E+00    0.00000E+00    0.10439E+01    0.00000E+00    0.85368E+00    0.00000E+00    0.10338E+01    0.00000E+00    0.51407E+00    0.00000E+00    0.47916E+00    0.00000E+00    0.51204E+00    0.00000E+00    0.28626E-02    0.24873E-02    0.28411E-02    0.00000E+00    0.28626E+00    0.00000E+00    0.24873E+00    0.00000E+00    0.28411E+00    0.26240E+00    0.75666E+00    0.24602E+00    0.70531E+00    0.26149E+00    0.75381E+00    0.21543E+00    0.62467E+00    0.20316E+00    0.59048E+00    0.21473E+00    0.62271E+00
2000  11    0.77284E-01    0.48778E-01    0.75646E-01    0.74920E-01    0.23641E+00    0.46734E-01    0.20439E+00    0.73300E-01    0.23457E+00    0.45468E+00    0.68762E+00    0.37835E+00    0.63937E+00    0.45065E+00    0.68494E+00    0.24786E+00    0.53350E+00    0.23533E+00    0.50357E+00    0.24714E+00    0.53178E+00    0.54367E+00    0.33381E+00    0.53143E+00    0.54367E+00    0.00000E+00    0.33381E+00    0.00000E+00    0.53143E+00    0.00000E+00    0.10428E+01    0.00000E+00    0.81709E+00    0.00000E+00    0.10309E+01    0.00000E+00    0.47868E+00    0.00000E+00    0.44480E+00    0.00000E+00    0.47671E+00    0.00000E+00    0.27419E-02    0.23767E-02    0.27210E-02    0.00000E+00    0.27419E+00    0.00000E+00    0.23767E+00    0.00000E+00    0.27210E+00    0.25689E+00    0.74053E+00    0.24036E+00    0.68945E+00    0.25597E+00    0.73770E+00    0.21097E+00    0.61877E+00    0.20124E+00    0.58554E+00    0.21041E+00    0.61687E+00
