# DNNF90 training history: one row per validation event
#  1:epoch  2:patience
#  3:cost_train    4:cost_val    5:cost_input   (per point;
#    the composite objective, Loss_term weights applied --
#    the same sum the optimizer descends)
#  6:cost_train_f  7:cost_train_df  8:cost_val_f  9:cost_val_df
# 10:cost_input_f 11:cost_input_df
# 12:rmse_train_f 13:rmse_train_df 14:rmse_val_f 15:rmse_val_df
# 16:rmse_input_f 17:rmse_input_df
# 18:mae_train_f  19:mae_train_df  20:mae_val_f  21:mae_val_df
# 22:mae_input_f  23:mae_input_df
# 24..: the same 21 metrics for each loss term in turn (2 terms: columns 24-44 are term 1, 45-65 term 2, ...)
19401  0    0.38608E-03    0.35685E-03    0.38440E-03    0.19939E-03    0.18669E-01    0.22242E-03    0.13443E-01    0.20071E-03    0.18369E-01    0.21759E-01    0.19323E+00    0.22551E-01    0.16397E+00    0.21805E-01    0.19167E+00    0.11291E-01    0.10717E+00    0.10754E-01    0.95466E-01    0.11260E-01    0.10649E+00    0.14469E-02    0.15887E-02    0.14552E-02    0.14469E-02    0.00000E+00    0.15887E-02    0.00000E+00    0.14552E-02    0.00000E+00    0.53794E-01    0.00000E+00    0.56369E-01    0.00000E+00    0.53947E-01    0.00000E+00    0.30447E-01    0.00000E+00    0.28553E-01    0.00000E+00    0.30337E-01    0.00000E+00    0.21653E-03    0.15631E-03    0.21308E-03    0.00000E+00    0.21653E-01    0.00000E+00    0.15631E-01    0.00000E+00    0.21308E-01    0.93064E-02    0.20810E+00    0.86056E-02    0.17681E+00    0.92676E-02    0.20643E+00    0.82292E-02    0.12429E+00    0.78571E-02    0.11101E+00    0.82078E-02    0.12353E+00
19500  0    0.10838E-03    0.84896E-04    0.10703E-03    0.22449E-04    0.85927E-02    0.12127E-04    0.72768E-02    0.21856E-04    0.85171E-02    0.10141E-01    0.13109E+00    0.96496E-02    0.12064E+00    0.10114E-01    0.13052E+00    0.77728E-02    0.93116E-01    0.80087E-02    0.91002E-01    0.77864E-02    0.92994E-01    0.16291E-03    0.86624E-04    0.15846E-03    0.16291E-03    0.00000E+00    0.86624E-04    0.00000E+00    0.15846E-03    0.00000E+00    0.18050E-01    0.00000E+00    0.13162E-01    0.00000E+00    0.17802E-01    0.00000E+00    0.12166E-01    0.00000E+00    0.93083E-02    0.00000E+00    0.11999E-01    0.00000E+00    0.99661E-04    0.84615E-04    0.98798E-04    0.00000E+00    0.99661E-02    0.00000E+00    0.84615E-02    0.00000E+00    0.98798E-02    0.81981E-02    0.14118E+00    0.89482E-02    0.13009E+00    0.82430E-02    0.14057E+00    0.70707E-02    0.10800E+00    0.77972E-02    0.10582E+00    0.71124E-02    0.10787E+00
19600  0    0.79412E-04    0.65355E-04    0.78604E-04    0.18600E-04    0.60812E-02    0.91894E-05    0.56166E-02    0.18059E-04    0.60545E-02    0.94492E-02    0.11028E+00    0.87900E-02    0.10599E+00    0.94125E-02    0.11004E+00    0.73208E-02    0.81755E-01    0.72306E-02    0.80669E-01    0.73156E-02    0.81693E-01    0.13497E-03    0.65638E-04    0.13093E-03    0.13497E-03    0.00000E+00    0.65638E-04    0.00000E+00    0.13093E-03    0.00000E+00    0.16430E-01    0.00000E+00    0.11458E-01    0.00000E+00    0.16182E-01    0.00000E+00    0.11160E-01    0.00000E+00    0.76178E-02    0.00000E+00    0.10953E-01    0.00000E+00    0.70532E-04    0.65309E-04    0.70232E-04    0.00000E+00    0.70532E-02    0.00000E+00    0.65309E-02    0.00000E+00    0.70232E-02    0.77725E-02    0.11877E+00    0.82748E-02    0.11429E+00    0.78022E-02    0.11852E+00    0.67071E-02    0.94822E-01    0.71676E-02    0.93801E-01    0.67335E-02    0.94763E-01
19700  0    0.68513E-04    0.56116E-04    0.67801E-04    0.15901E-04    0.52612E-02    0.88026E-05    0.47313E-02    0.15493E-04    0.52308E-02    0.85900E-02    0.10258E+00    0.81785E-02    0.97276E-01    0.85669E-02    0.10228E+00    0.69152E-02    0.75348E-01    0.70634E-02    0.73080E-01    0.69238E-02    0.75217E-01    0.11539E-03    0.62876E-04    0.11232E-03    0.11539E-03    0.00000E+00    0.62876E-04    0.00000E+00    0.11232E-03    0.00000E+00    0.15191E-01    0.00000E+00    0.11214E-01    0.00000E+00    0.14988E-01    0.00000E+00    0.11097E-01    0.00000E+00    0.87126E-02    0.00000E+00    0.10958E-01    0.00000E+00    0.61021E-04    0.55016E-04    0.60677E-04    0.00000E+00    0.61021E-02    0.00000E+00    0.55016E-02    0.00000E+00    0.60677E-02    0.69783E-02    0.11047E+00    0.75700E-02    0.10490E+00    0.70136E-02    0.11016E+00    0.62469E-02    0.87390E-01    0.67949E-02    0.84976E-01    0.62783E-02    0.87252E-01
19800  0    0.56220E-04    0.45164E-04    0.55585E-04    0.11172E-04    0.45048E-02    0.64705E-05    0.38694E-02    0.10902E-04    0.44683E-02    0.76490E-02    0.94919E-01    0.73272E-02    0.87970E-01    0.76309E-02    0.94533E-01    0.62764E-02    0.68744E-01    0.63324E-02    0.65601E-01    0.62796E-02    0.68563E-01    0.81074E-04    0.46218E-04    0.79041E-04    0.81074E-04    0.00000E+00    0.46218E-04    0.00000E+00    0.79041E-04    0.00000E+00    0.12734E-01    0.00000E+00    0.96143E-02    0.00000E+00    0.12573E-01    0.00000E+00    0.92896E-02    0.00000E+00    0.69668E-02    0.00000E+00    0.91541E-02    0.00000E+00    0.52248E-04    0.44993E-04    0.51832E-04    0.00000E+00    0.52248E-02    0.00000E+00    0.44993E-02    0.00000E+00    0.51832E-02    0.64763E-02    0.10222E+00    0.68833E-02    0.94861E-01    0.65003E-02    0.10182E+00    0.57948E-02    0.79731E-01    0.62292E-02    0.76280E-01    0.58197E-02    0.79533E-01
