19800
func 0
Activation_out 0
5
2
40
40
40
3
 #l=           2
 -1.38388406183584250E-01  6.24047567669638939E-02  3.56345947258388807E-02
  1.06481439632658034E-01  1.53672945311310677E-01  5.28249063503701488E-01
 -3.33340455159405580E-01 -1.72984319007302934E-01 -7.88710448464953306E-01
 -1.54745230124591959E-01  1.14019250944356207E-01  3.19465677714077967E-01
  5.00047631249849189E-01  1.29473083184827364E-01 -4.01132741190167952E-01
 -5.31145670402339509E-01  9.89465956388337481E-02  4.82453051054680782E-01
 -3.41047620260638007E-01  4.45054058455545576E-01  4.30412600806354184E-01
 -2.74250723666540741E-01  2.09391763246364604E-01  5.33853586993699447E-01
  1.51834007886275185E-01 -1.45311763819251483E-01 -3.25597195243992110E-01
  1.17641012686963600E-01  5.18060439977811871E-02  1.33798226349844729E-01
  2.03052395204284086E-01 -4.79151435069666495E-02 -3.56733795173937773E-01
 -7.35219359194174554E-02  3.11515435529268470E-01  2.01766825910634190E-01
  2.87521222976289903E-01  8.46703646137666188E-02 -1.80215502935666544E-01
 -9.65667303134825072E-02 -6.57645089237602010E-01 -2.60357354198726243E-01
 -2.17786178287903073E-02  1.16225840138260136E-01 -1.58822901021572968E-02
  3.60963135244729783E-01  5.06006451816085279E-01 -2.36680832555907578E-01
  5.15023708950298365E-01  6.16801163320892742E-01  8.71260272361097488E-01
 -7.19526059737242846E-02  1.83466717749947543E-02  8.43175477195703404E-02
  2.92440901091163385E-01  2.52368778597797418E-02 -3.58199401635563741E-01
  8.18717458110341106E-02  1.50157607770998791E-01 -2.25813128947285502E-01
 -4.18537854155327654E-02 -2.88455451138353636E-01 -7.62818112140794646E-01
 -4.17124978191938875E-03  1.15586912904844907E-01 -4.60374624590705050E-02
  1.25647970988570390E-01  1.27497686877539068E-01 -2.82633469848502628E-01
 -7.30272613184834024E-02 -3.68618343469540293E-03  2.21477233609913754E-01
  8.98981665002322877E-02 -1.63273291438284118E-01 -2.66767503950791685E-01
  3.77975976269809999E-01 -2.94988865126170507E-01  6.75581344493141556E-01
  3.64137112919932088E-02  6.62320231759770117E-02 -6.06093930523778010E-02
 -2.03345666302759520E-01  3.35524731087932793E-01  5.73728796882350567E-01
  8.67398113228472489E-02  1.07837702629885748E-01 -1.26284372359238367E-01
  1.96652857203115476E-02 -2.49859572042408495E-01 -1.63918034714958888E-01
  4.81405927399683269E-04  2.05117225346007001E-02  5.78086027975317773E-02
 -4.45529754351317725E-02 -6.67070486794656553E-02 -2.35664347065155766E-01
  4.10231254721336452E-02  9.32481212229200468E-02  2.56846846231503834E-01
  2.21228299612187984E-01  2.86175239257300651E-01 -3.83242847359569816E-01
 -9.92644376076236984E-02 -3.32400732927924547E-01  9.85582673176426810E-02
  2.07533950916727161E-01  5.52628090282056283E-01 -1.40791859784284962E-01
  2.77062519217900517E-02  1.36048818769246127E-01 -1.08119767005080455E-01
 -1.31621025794722152E-01  2.61359467282931635E-01 -1.19369509543376595E+00
  2.85039142707124334E-02  1.40890464582375058E-01  6.53631396086104960E-02
  5.08349868199940783E-02 -3.17982730220420229E-01  8.64352611333221166E-01
 #l=           3
  3.28219781721447945E-01 -3.45951607965635621E-01  7.80024074024108505E-02  4.17645787692449699E-02 -2.37740096105218679E-01  6.33876123160479366E-01 -4.71837201546703444E-01 -1.01017716796235779E-01  4.11017501243438818E-02 -1.61276372028685083E-01  1.85095634311549767E-01  2.22145916862543619E-01  8.25014593794465290E-02  4.17747799007721743E-01 -3.97151436815103009E-01  1.33472473684101978E-01  1.24354440941899647E+00  9.65129293435108837E-02 -3.42186710207969425E-01  6.07948716854674998E-01  2.93368912266731563E-01  5.63677738242627027E-03  2.73136314689827464E-01  2.79127830336463323E-01 -1.25210343342439506E-02 -2.19566771232554692E-01  1.36552553979092439E-01  3.67300248973021826E-01 -1.12598438385549532E-01  4.33380841500594249E-01 -2.23386186215796895E-01  4.43625116787650861E-02 -7.29313043819067863E-02 -1.18583068304741711E-02  5.48815259964710922E-01 -6.40271367365507382E-01  9.29689282683210161E-01  2.61167585247693679E-01  6.18109781145894099E-02  2.09623797217282859E-01 -4.24883362927300640E-02
  5.42140096165529203E-02  1.07309884334665748E-01  3.39313278621706307E-02  7.51379284533115338E-02  5.99318428208111820E-02 -1.51289636689498352E-01 -7.15217693324297632E-02 -1.87178697961850160E-01 -7.57577691122800628E-02 -1.57856591504312277E-01 -3.27494655553860134E-02 -2.82567675591588907E-01 -1.70719859739693475E-01  2.48917513784308736E-01  3.22372230701820084E-01 -2.20391595948491656E-02 -7.23311504140478623E-01  2.47994608117045684E-01 -6.05093440161653881E-02 -2.23921770588055347E-01 -6.08569121878536415E-02 -1.68934882613733850E-01 -1.81985417931005700E-01  3.52520256144366120E-02  1.54092243362511112E-02 -1.37519475395459778E-01 -1.07405431050531838E-01 -3.35474903370082178E-01 -7.97048812109796417E-02  6.75676553439178845E-02  2.57312288883389695E-01 -5.51532802243486081E-02  1.53925886274444614E-02  2.80075005026431567E-01 -2.31741667870533019E-01  1.06635214095356146E-01 -3.71819692251254719E-01  2.06533606593268977E-02 -2.28492573271082706E-03 -2.11095554895768284E-01  2.79515202593730305E-01
 -3.63616935317916251E-02  1.03403967762437030E-01  1.54495801837297043E-02 -8.16813860252865905E-03  1.34935123755052150E-01 -2.42934770783390042E-01  3.18876203196967911E-01  9.71848152527134967E-02  9.19740022514890232E-02  1.88008939765353378E-01 -3.63186970254787602E-03 -1.54487816978539222E-01  1.47159484066218788E-01 -3.79380318312821097E-02 -6.68560955812001756E-02 -2.67077437656071837E-01 -8.64444021560053788E-02  2.02029167823773587E-02  8.13746463538157355E-02  1.61903379307758805E-01 -1.80750927252999849E-01  1.53575251673225527E-01  2.09571127131549323E-01 -1.21600441233924977E-02  7.96945339986952633E-02  2.14656983801771763E-02 -1.54267885254186943E-01  2.67336430009517782E-02 -4.94631940423337982E-02  3.60844082399824240E-01 -2.37064267887961644E-01  1.48241704195392704E-01 -1.94547909663664864E-01 -4.56034115968358827E-02 -1.65311932811624429E-01  2.48555409709055319E-01  1.08337352739474854E-01  8.59646129043396129E-03  1.76959399977731136E-01 -7.99315414981438405E-02  7.17904726629001039E-02
 -9.06245229552946063E-02  6.48309895843277584E-02 -1.64443061274145499E-02  1.04539381830751010E-01 -1.08671958343086447E-01  2.16790831959263047E-01  1.70405451841386196E-01  4.24447152302294232E-03  3.43323480903144213E-02  8.82184694560066013E-02 -7.49815792319967200E-02  1.70429612535110298E-01  4.01025366349713752E-02 -1.50080125527908281E-01 -2.23466055925895246E-01 -8.64047561460916380E-02  3.58032010127340650E-01 -2.79356115871924715E-01 -1.51868194340919443E-01  4.76909224975728185E-01  5.43431520740431884E-01  1.76658447392374324E-01  1.69296618248272468E-01  3.11457424712383912E-01 -1.99506400924707256E-01  9.28626959349265237E-03 -1.83609135577061877E-01 -1.19666073773323001E-01 -1.36769305306851968E-01  2.69197122497091212E-01  7.57072724126766766E-02 -1.00580197242169031E-01  2.09459918843009518E-01  1.14273775666417526E-01  2.85734715152270613E-01 -2.28540020221550816E-01  7.46398433550541501E-02  1.40921870954627271E-01  5.06952768714725166E-01 -7.22432724297388945E-02 -1.36805992394994719E-01
  4.37181971848207840E-02  1.17088371758476598E-01 -6.12098480650549587E-02 -1.42700802426060397E-01 -1.91919893718219797E-01  2.47023233390712936E-02  8.83540137509453011E-02 -7.21932694347665466E-02 -2.79151073024737038E-02 -1.87267359643851383E-01  1.90468777919758914E-01  5.36377404792543547E-02 -2.32120328640308848E-01  1.69189397538745817E-01 -4.38257407837398319E-02 -2.16333698930120444E-01 -8.58392215475860809E-02  2.62559038382777388E-01  8.74397911436110425E-02  2.27399712948450350E-01 -4.37928467071378169E-02 -2.30471449669723605E-01  9.83647648531272558E-04 -2.28293228190575959E-01  1.19460714626583933E-01 -2.28015913026493711E-01  1.34347696792679688E-01  1.28114217064366348E-01  5.97028609782957673E-02  2.83561017649902741E-02 -1.40611449096048252E-01  1.41179168072590976E-02 -1.09093187390412252E-01  7.30701175625784183E-02  6.27235080746183782E-02  7.16380336648498595E-02  4.18489905964377906E-02  6.69158896173097373E-02  5.10059976268194409E-02  1.99634074729353711E-01 -1.06425728166454542E-01
  6.51549387642541278E-02 -2.97679457215217547E-01  2.52571870488350114E-01 -4.65684812338257870E-01  8.33632073595152873E-02 -4.64084257670105207E-02  1.05449892865034020E-02 -1.17424899611057523E-01  2.65320804410329514E-01 -7.86467546766684428E-02  2.80829195742709758E-01 -1.95842031910705677E-01  6.82198836171840073E-02 -1.26659782084599049E-01 -9.29311763733286916E-02 -1.00056720467751423E-01 -2.81444322851668871E-01  1.44955208203257330E-01  3.56831365836019695E-02  5.75907764727417379E-02 -4.18077547684416906E-01  4.06538638359761964E-02 -2.22612179859485476E-01 -4.33895394999462947E-01  9.39333661641277157E-02 -7.53522494143297888E-02  4.95320405391779073E-01 -1.17695393377726498E-01 -2.47918439909888683E-02  4.18015869966660361E-02 -2.08174576439507097E-01 -9.53475655320232957E-02 -1.62186750254355971E-01 -1.69678224900107338E-02 -2.02136691464299634E-01 -2.51797220360907535E-02 -3.59016699636620418E-01 -5.32423954583233772E-01 -4.14802049550021090E-01 -1.59293041128373031E-01  5.00331556970290081E-01
 -5.96384329922146073E-02  6.57361870215969063E-02  1.35869408976976469E-01  6.07244971366552519E-02 -1.92356947264992251E-01  3.00700874324868972E-01 -2.26435636078779673E-01 -1.68999212777739771E-01 -2.66953782741150383E-04  8.79440034048214747E-02  9.06555515289876740E-02  3.07468175607221506E-01 -1.35831989551162616E-02  7.26606023663588785E-02  3.09842075024626074E-01  1.96928457304523352E-01  1.77700013266132301E-01 -4.11751830953313788E-02 -3.94111638153506368E-03  2.67039462281017992E-01  3.99298302639075675E-01 -2.71508070144785785E-01  1.42057044615981176E-01  4.14897837780641265E-01 -5.09805936166891072E-02  3.49187796752187252E-01 -5.65290451779341951E-02 -1.29169342330968773E-01 -6.97909881149686162E-02  2.15428355123053250E-01  1.50458754617729312E-01  2.03697800101278366E-03  6.62638106654783038E-02 -2.48320302060721892E-01  1.66815517375453304E-01  1.05420022703918814E-01  1.65915389231067606E-01  2.08636805650794621E-01 -2.77509766748562148E-01 -3.03232596851089942E-01  9.48528847080601506E-02
 -5.12107037484595407E-02 -2.43708095711265144E-01  2.94800321856284020E-01  5.97104839621127800E-02  7.89727110499435364E-02 -1.50983034059895715E-01  1.43242932658721789E-01  3.67950900988229135E-01 -1.10622661630370558E-01  1.83061867432762621E-01 -1.76760418190192947E-01 -3.33793216374939361E-02 -1.59314606104266787E-01 -1.80170953753512608E-01  3.34056178327765019E-01 -4.79454175758906101E-02 -2.46941422403602784E-01 -2.19916120212295431E-02 -3.53895468499964491E-02  3.49322388091569472E-02  1.39357231936091036E-01 -1.55461796316506778E-01  6.74938577058655786E-02 -1.44391027524505250E-01  2.05386873055677793E-01  1.43279631737590035E-01 -6.74791913782099295E-02  6.85406798351453905E-02  2.76314536652125242E-01  9.85330903643041045E-02  2.48283042011118796E-02  1.55137006905853525E-01  4.13140572420157073E-02  3.66501111710477501E-01 -2.17056194754844750E-01  2.50119368584669037E-02 -1.78682184762737450E-01 -1.36786688789254596E-01 -1.04721633043798584E-01  1.08538874467895476E-02  3.34434356442028513E-01
 -1.25971245217967209E-01  4.19015537324882115E-01 -6.33279104850035357E-01  5.24444742791564722E-01 -1.27693840003432924E-01 -1.66257274172277120E-01  3.90329228864497446E-01 -9.65313623734440213E-02  9.68008937004362080E-02  1.24224998004433110E-01  1.91275256430416159E-02  2.02140419077869671E-01 -2.49399807411284063E-01 -1.86375100177086084E-01  5.00271360104831767E-02  3.54089087100578348E-01  2.87170493533384585E-01 -5.54485033235665337E-01  2.65929779570098612E-01  3.02616470410631277E-01  1.25275722304386605E-01  4.98835132100127976E-01  8.84193537270089730E-02  2.72691050108712751E-01 -2.00815767582138621E-01 -1.35714842711071974E-02 -5.03739615847929700E-01 -1.53455360753341846E-01  3.07025796104215499E-03 -2.12912361482178070E-01 -4.22849988130561821E-02 -8.63798486071170046E-02  4.26898263017392698E-01 -5.47520439358340494E-01  4.33606236437060477E-01  1.88999907742375461E-01 -3.44226120802206201E-02  2.11202822609615870E-01  1.14318507636499112E+00 -4.88551569064841831E-02 -5.78546137870551203E-01
 -2.56237225244489664E-01  3.69040661238990986E-01 -8.82874264461626646E-02 -4.42809430848384381E-02  5.13092516563386947E-01 -1.38562678960410302E+00  1.10421871350602485E+00  1.38522792191640265E-01  2.17834920072557253E-01 -6.89162136389885882E-01 -1.31017249317021273E-01 -5.61708376297392120E-01  6.05777608572556029E-03 -1.79055067288903608E-01 -1.26866184648249447E-01  3.93102178502258634E-02 -3.43826837602793922E-01  1.24554958010288569E-01  2.01290130331744033E-01 -5.37702437830227642E-01 -8.15636910592943298E-01 -7.63456324173384659E-02 -8.74587295779499924E-02 -4.07252557737039500E-01  2.24692832658260372E-01 -1.31405250906707183E-01  1.24124774253006942E-01 -2.85547458564670287E-01  5.78799909915304833E-01 -9.43865821079489936E-02  5.74236560642640559E-02  4.80993705262010365E-02 -8.60137505495172233E-02  2.32422863442365672E-02 -6.13998516793599181E-01  3.16634653251604781E-01 -3.45481684856151494E-01 -1.27841994907341688E-01  1.05414319417194036E-01 -5.35080178176531862E-02  1.73170754554584305E-01
 -2.02836544042594678E-02  9.51899720193933041E-02 -2.22653043782914506E-01 -1.34738355673726662E-01 -3.02762951776447409E-01 -1.96801087877817221E-01 -7.31123739517686028E-02 -1.00368329550480057E-01 -6.52208463158698848E-02  1.10633534530048830E-01 -6.02659911155014605E-02  3.77443886413068697E-01 -1.95735731409959313E-01  2.09221827187172860E-01  5.82780998317956045E-02 -5.58473647178027513E-02  3.35830923618666635E-02 -1.46876354540310117E-01 -1.21531958602059939E-01  1.20651791145456544E-01  3.25152465363754306E-01  2.47819445591769716E-01 -4.05748465175176029E-02  3.95320818339137237E-01 -1.62321780323068307E-02  2.57932199349679495E-02 -2.36979107992285783E-03  3.62932094255390469E-01 -1.33643135976884125E-01 -3.70199506925536104E-01  1.01952521811928681E-01 -2.04490015302270345E-01  4.09337516766574760E-01 -3.54555418785133802E-01  6.91995824652403557E-02  2.58406427237733057E-02  1.04359301593650894E-01  2.39402208141926628E-02  1.86915353874049728E-01  2.49735836798422706E-01 -5.75297230252985459E-02
  3.13824086272965708E-01 -2.38566234175782016E-01  1.43998964691913450E-01 -1.17842162127871963E-01 -3.56643365047351779E-01  1.33418331310853100E+00 -8.15149662754463211E-01 -3.01695094747519099E-01 -2.10047335778781735E-01  6.03589228836425407E-01  1.10402704707409885E-01  2.85068388258869765E-01  5.27818476238979817E-02  6.43979665907110976E-01 -3.46575058746659836E-01  6.03138400443928389E-03  4.75366799429461973E-01  3.88936260852019655E-01 -3.40123783231139010E-01  5.74480702637314100E-01  5.92496446028848711E-02  2.39839544689153632E-02  1.87805865122955377E-02  2.34718482860520689E-01  1.40417703238853747E-01  1.68067508715423530E-01  1.76499371009673445E-01  3.21548850513415155E-02 -2.22661198279112821E-02  3.78260228142397015E-01  2.58073071108668173E-02  2.44966787702860039E-01 -7.94977619893827425E-02  2.50303156752853417E-01  1.35854513978437508E-01 -1.03862957540620665E-01  3.46052821494361618E-01 -2.09072505224867033E-01  2.33410638513818908E-01  2.20982869598857323E-01  2.59521543467537419E-01
 -5.40606145474279501E-02  3.33630663484798362E-01 -4.76383486184661573E-02 -2.35085597608008290E-01  1.59118545739451631E-03  1.31891654692959381E-01 -1.71371936815117226E-01  9.20518485925197055E-02 -1.06964220681276881E-02  7.77059818955035259E-02  1.96855096436941920E-02 -4.79783759372479010E-02  5.40046977139184078E-03 -4.92534435520254332E-02  1.50479529342189833E-01  2.60867826393589963E-01 -8.91640036299358972E-03 -2.04875598940664011E-01  1.56344373318003965E-01  3.50892501014320957E-01 -2.17921194336489571E-01  8.71710290468081794E-02  6.44929767272222065E-02  1.09386892911025976E-01 -1.99876973406514447E-01 -1.40862311994512240E-01  2.07249540622347544E-01  1.31650582574627029E-01 -1.79624305119438950E-02 -2.02777337469391444E-01 -1.28334030061474202E-01  3.16665485084890896E-01  1.53510361486926289E-01  2.75141516830745558E-01 -2.85813669745671245E-03  2.37925164923369153E-01 -1.40971656906451349E-02 -1.96484518719231976E-01  6.38332529054471826E-02  2.60254499708610310E-01 -6.70668719293290028E-02
  3.41091438779545786E-01 -7.97861591543801207E-01  4.57176073636811064E-01 -1.36139621282855905E+00  3.01396271557271722E-01  4.02209726825098979E-01 -2.97301818342139423E-01 -1.55724784979370479E-01  8.71352157286579554E-02 -3.38226407670589035E-02  6.71546991605819654E-01  1.59355789508829171E-01  4.09291862536661291E-02  4.41802591595025940E-01 -3.89582867056022242E-01 -2.73077358589887464E-01  4.38493808093564988E-02  9.33750935691306738E-01 -3.36843963319769235E-01  1.55132025550094838E-01 -2.26857716173236607E-01 -2.67102140702488333E-01 -2.08842092686305353E-01 -1.04199962720390255E-01 -6.25317075903149555E-02 -3.49591031392222570E-02  1.40636387742411761E+00 -8.23009452374944342E-03  9.26715632187197630E-02 -4.13119549907771944E-02 -2.48524021868747863E-01  3.65244770149515841E-01 -5.09233349837219906E-01  5.45769652116085413E-01 -5.74712844086563979E-02  2.49513234021375874E-01  1.53758025864394153E-02 -8.03690141372433511E-03 -7.58666231272014047E-01  4.23297449281010041E-01  6.49560631467197003E-01
 -3.47283360475162881E-02 -2.95727684510919062E-02  4.55668159451120269E-01 -6.58729769659311681E-02  4.17710988698771699E-02  5.16119875257817995E-01 -2.79623323665023071E-01  4.05254597115971213E-02 -1.53179539873874337E-01 -4.56262508298823297E-02 -8.49457965114867875E-03 -8.52892751275486326E-03 -9.74758050855176750E-02 -2.01885168574471613E-01  9.95464076776993306E-02  1.50851871589815500E-01 -1.78381260960570262E-02 -1.08920055935304239E-01 -1.08084261628690580E-02  2.10699931224792936E-03  1.83026507097498625E-01  9.97928316049323250E-02  6.99893878642391665E-02  4.89777404386884524E-02  1.59395706774218521E-01  8.27991325376683934E-02  5.89102020685009289E-02 -5.71913226455722234E-02  1.61255656214381010E-01  3.87310616504857264E-01  1.57110319291433043E-01 -3.94019038126321719E-02  1.40445906772394963E-01 -1.96260622407929020E-01 -1.71750170462352691E-01 -1.92513614826186619E-01 -6.50961812560985759E-02  1.45041926793945813E-01  3.48460310490319586E-02 -2.10677404152071840E-01  1.76137758064808386E-01
 -8.18390765748802235E-02 -1.01264897410616849E-02 -3.95263240734206323E-02 -3.05807265350225635E-02 -2.18324738632511506E-01 -3.92896423474641404E-02 -1.07710654899427619E-01 -3.38505555963393157E-02  2.41135991699532315E-01 -2.92164974047090823E-03 -1.10429606699178298E-01  8.61327740355757043E-02  2.61684938364976673E-02  2.54712926273864770E-01  2.21018237738678403E-01  3.45135481164589655E-02  7.33310550037264419E-02  3.68214525112350588E-02  6.30830238761253131E-02  3.93533467571451565E-02  1.99035918755831286E-02 -1.89505341690194951E-01 -3.00650166315150520E-02  1.34116344408756805E-01  1.18869932633462183E-02 -1.22712977430071257E-01 -2.54048838926628939E-01 -5.70510419953565162E-02  1.69220448978382565E-01  5.36533057408726255E-02 -9.73170189743425597E-03  5.35015566564669698E-02 -4.19884992096249271E-02 -2.10515710691526775E-01  1.95711685664542528E-01  1.13950863224546034E-02 -1.22205008676098528E-01 -1.08050173624135895E-01 -1.34292084708753284E-01  2.67807899469820698E-01  7.29512766590402761E-02
  3.52043072710064991E-02  9.52470430016379016E-02 -1.08982423020102831E-01 -6.81116568189626403E-02 -2.08602911643532729E-01  3.83631511353088539E-01 -3.26403607704177423E-01  2.08081600652828574E-01  8.88465495619284069E-03  2.82194432719224675E-01  9.49177981871942994E-02 -5.06490427850358263E-02 -1.79223204037308514E-01 -5.03276990778256106E-02  1.56500728128052713E-01 -1.00273452215835293E-03  1.72141350264645970E-01 -8.59958860021725752E-02 -9.44998949059351057E-02  7.19245117014069291E-02 -4.93533376917975773E-04  2.77804186130991594E-02 -1.41967051660397636E-01 -3.17560227750620511E-02  1.94298141698554416E-01  2.46492556213720376E-01  6.87891263771300554E-02  4.61889401638370667E-02  2.71136567365134418E-01  1.22483739220774577E-02  1.77111531872467948E-01  1.33515342552513155E-01  2.56366955674961705E-01  1.09042097114738099E-01  1.07387252858932390E-02 -3.30812746123377799E-01 -3.85210235480718602E-02  2.92000186423586848E-02 -3.29695118864393122E-01  1.43155434899581047E-01 -1.94065754185248462E-01
 -2.44110505096453330E-02 -7.51494477913642461E-03 -1.46491178230459984E-01 -6.29255382925579948E-02 -1.99474813144238816E-01 -2.22207315394482713E-01  1.91355534405107330E-01  1.09195219796695848E-02  2.35721159366915171E-02 -1.27441642129525440E-01  4.64560420604418420E-02 -1.02216719478912255E-01  3.86812279542363344E-02 -1.99678015426311972E-01 -2.78250364204024880E-01 -9.97861274776012386E-02  1.54975474177608402E-01 -9.07885179469968689E-02 -1.39093805648178637E-01 -1.25252814585966099E-01  1.75864820224842566E-01  9.21881979600535501E-02 -1.25753255752287685E-01 -1.04998655263470853E-01 -1.72591800176208870E-01 -2.56142247442827042E-01 -3.45350949911712030E-02 -2.75821628119598983E-01 -3.42660968882313455E-02  2.36168686795342864E-01 -2.04198508717271965E-01  2.14175708304459644E-01  7.89309328161163087E-02  2.65050714318076502E-02 -1.73015214145231605E-01  2.14821019066114179E-02 -6.27698910164268126E-02 -2.79636987335555753E-01 -7.12497518271760777E-02  5.98999058606074983E-02 -2.88022101615719520E-02
  2.72889496123509045E-01 -4.38193141296980337E-01  1.97411079291998331E-01  1.45310989676190605E-01  9.31704298365982481E-02  7.58916073884510101E-01 -2.12330869964579561E-01  1.92777299288184933E-01 -1.67692680785754694E-01 -2.89045753270182559E-01 -5.03927553032391257E-02  7.31282368178083064E-02  4.07461395184066599E-01  3.16823467355047683E-01 -6.40004312092058436E-01  3.14961758855839824E-01  3.99446268534597526E-01  4.88084943933018378E-01 -1.70018172289197578E-01  1.06650035790539555E-01  4.81471878206718829E-01 -2.92968331077259614E-01  4.11995633043729492E-01  2.77567245334343571E-01 -1.57967168639986555E-01 -3.97537942026767843E-01  2.01103047704307619E-01  6.58754902895397620E-01  6.12993980867398008E-02  4.97822245882257930E-01 -4.86210734289717783E-01  1.56840671790597658E-01 -4.00636264252960450E-01  2.24456412409538286E-01  3.57999025865317844E-01 -5.90626443022192582E-01  6.91985637983820512E-01  1.84379553754591086E-01  2.05353852681502053E-01  5.35273096975692031E-01  9.14814064142730268E-03
  2.69048514272754516E-02  4.05961576054452211E-01  3.04022803051481272E-01  1.32731182155129052E-01  8.38191053622909660E-02  8.83353141624783483E-02 -1.09942740346628903E-01 -3.09194270280804193E-02 -1.58800071001017451E-01 -3.81288568516753839E-03 -2.02001980730316721E-01  8.79030415655966263E-02  2.88683242387735399E-03 -7.81170397375355041E-02 -2.07161527792872786E-02 -1.59426099734866183E-01  1.11926775115514590E-01  1.72451438435320153E-01  2.33420130667690330E-02  2.94940582117368288E-01  6.45200315236274802E-02  1.22976623701164300E-01  6.37000358151070534E-02 -1.06753246103558214E-01  4.30498588020429007E-02  8.47179612525667536E-02 -1.30127866381063328E-01 -1.51698774763049521E-01  4.21605965179603429E-02  1.64133516317468253E-01  5.05974081612164048E-02 -8.32927155985743184E-02  1.91875801883577084E-03  3.03187140026710156E-01  3.88858402334794420E-02 -1.79858293314351519E-01  1.29301960468776622E-01 -2.96008441784877188E-02 -1.25307999062578557E-01  1.96464061171608806E-01  1.24485616551349113E-01
 -9.56005435361519523E-02  2.01692042881879141E-01  9.67723403957829048E-02 -1.58047291155015424E-01  1.04043704577944221E-01 -2.08528610511104967E-01  1.74811604541713156E-01  6.83651612503024392E-02  2.22782109282413349E-01 -2.44061486075690143E-01  5.31299560410626332E-03 -4.95868142442528470E-01 -1.24015530411019140E-03 -1.11722947340548884E-01  5.02499797478540774E-02  1.40889754516137639E-01 -2.03603321343353683E-01 -1.27138440570071454E-01  2.59801741696728872E-01 -9.43260631216734716E-03 -8.81803665721706820E-02  5.75276463561913681E-04  9.55674897009252677E-02 -2.28000235710558691E-01 -3.17345394519328139E-01 -1.93734008820339754E-01 -2.18474356093076194E-01  2.41259017607890841E-01  1.26858808607795082E-01 -2.56428768942824015E-01  2.87293477649149601E-02 -1.79872991471618726E-01 -6.76702987145578888E-02  6.83913710566858013E-02 -1.53529458693448834E-01  2.79414929733674995E-02 -1.04759234655921712E-01 -1.60229291721944361E-01  1.60422860751466195E-01 -8.75162289711665584E-03  1.55372655147203359E-01
 -8.67836519885883811E-02  1.27149329806992006E-01  3.78291493957230773E-01 -6.17246064530555638E-01 -3.55786493585912300E-02 -7.55605124979586318E-01  3.32120622033270918E-01  1.15733279890762986E-01  3.26368830595441695E-01 -3.52733172039753407E-01 -7.51808657650266665E-02 -5.43346862144332809E-01  3.59758550687128975E-01  6.82362982564024001E-02 -1.46486941265019821E-01  9.65846709120743024E-02 -4.33503943607790210E-01  3.63668863027056699E-01  4.18516732515493983E-02 -6.74286172120273752E-01 -1.61167218976263987E-01 -6.70793659446398016E-01 -2.58609254054427071E-02 -4.68916833157261237E-01  3.03374344916536864E-01 -2.17858230038235401E-01  2.07252789774527685E-01  4.29433651026853505E-02  2.88718782997589019E-01  9.02585236581501804E-02 -3.04743966169419123E-01  7.64025647719038387E-02 -1.23246384558701544E-01 -1.69577385726544683E-01 -3.78186985479968041E-01  4.99674947735071318E-01 -3.30006980183474921E-02 -3.04570348612287697E-02 -3.55894042462819971E-01 -7.39443677340302086E-02  2.99552777037117468E-01
 -4.43508169965863789E-03  1.97135953800427477E-01  2.55362107219696599E-01  3.06760318099894402E-01  1.24741469031047270E-01  1.80081031826876264E-02  2.30728819748285859E-02 -4.01558868834218860E-02 -2.22430849267078864E-03  7.93802319446788307E-02  1.23299189181543631E-01 -2.55898305784105495E-02  1.91057924858434702E-01 -1.51858944872522744E-01 -2.21543685486461472E-01  1.89224140402839441E-01  2.53697842459865763E-01 -7.72913325021401254E-02  4.96267702474442518E-01  8.44595946800937580E-02  2.74462303422268072E-01  8.91939614258986796E-02 -8.95912806293540226E-02  1.00918336554132685E-02 -1.28321520646164311E-01 -1.99591987564406888E-02 -2.96903230067905977E-01  6.50497086062949703E-02  9.57121849481735315E-02  1.48755364164423864E-01 -5.51789223556112957E-03  7.33036151960501647E-02 -1.33608110888158244E-01  1.60599363253476450E-02 -2.73905749187371816E-01 -6.82999149131865574E-02  3.89642011665678398E-02  1.66515420771147643E-01 -2.45302300329557271E-01  1.17104663338154918E-01  1.12622829720389200E-01
 -2.78550345220206663E-01  3.64038958670421797E-01 -1.17755858845011524E-01  2.77623788489088696E-01  6.30768851798576669E-01 -2.02517107421126008E+00  2.16048185501204593E+00  1.02641117786832270E+00  2.16149404265194883E-01 -3.59323900820296249E-01 -9.57149326311758225E-02 -4.56761398953805631E-01  8.30469120236223546E-02 -6.23545439032290871E-01  4.73917261654258140E-02  1.82294611575563974E-02 -5.43078127210021133E-01  3.01613391844773107E-02  7.92425870313491987E-01 -8.96551480517327026E-01 -3.54018229780964977E-01 -3.17275863960517490E-01 -2.20177242009072377E-01 -4.60500279432712989E-01  2.62226734740643674E-01 -2.66564099865183257E-01 -5.19572995245608404E-01 -3.63535076296206461E-01  3.93118939001964762E-01 -1.51984265452924594E-01 -3.08744647689711382E-01  3.96016792234540720E-03 -4.53966930439545641E-02  3.24154464761868155E-01 -9.02008903827436898E-02  1.32587471528699763E-01 -6.12678808885992396E-02  1.22502323588980180E-01  1.56447519979467153E-01 -3.05645251399724524E-02 -3.90040790973234908E-01
  3.48692214842306891E-02 -2.96844515523578656E-01 -1.05803219577309468E-02  2.15320244497719838E-02  2.74816576099527143E-01  1.32398542392720003E-01  1.42332689394098405E-01 -9.11758880675886257E-02  1.97405689406214696E-01 -1.10923737713842681E-02  8.41523947883867363E-02 -1.36252315200353583E-02  1.97779204016403393E-01 -1.07438814291475004E-01  6.70667644152200398E-02 -1.95010479832300687E-01  4.85781902578273084E-02  7.98410470139769707E-02  1.50725353111431093E-01 -1.71645171038707217E-01 -3.38898478664369895E-01  2.06306006048506234E-02 -4.53164996561001149E-02 -3.75933103931487328E-03  2.47940070678896035E-01 -1.64119030075029426E-01  2.40208695499944003E-01  3.79129130241598777E-01 -6.13899134179267739E-02  2.81892483462594434E-01 -2.40690534351688801E-02  1.30071954056730665E-01 -3.57936929375876400E-01 -1.61453265576287530E-01 -1.04187488620287205E-01  5.17025736379256445E-02 -1.69941125604513465E-01 -1.96018930275862951E-01  9.81604877793322041E-03  1.01854680314171109E-01  7.93431285890809287E-03
 -8.93853284159127487E-02  1.29976944045087695E-01 -2.36218354109146225E-02  3.49352036893532582E-03 -5.57187986074870467E-02 -2.05320294311807615E-02  7.39731234007022231E-02  9.91532375071316335E-02  1.81906233945169499E-02 -3.16749867315588018E-02 -7.03258035978889667E-02  1.18008070136383140E-03  5.92153249013649685E-02 -4.04792201851641942E-01 -1.63452693502735835E-01 -2.78120045416977192E-02 -1.27725834911412307E-02 -1.13092780459662756E-01 -3.52193489105650737E-01 -7.27378682134519200E-02  7.18509082496187473E-02  2.40038086146916463E-02  1.74893552904764771E-01  2.16409937869579239E-01 -1.19897229668886247E-03 -2.51366836651376435E-01 -8.24017898709922952E-02  1.03676748969615581E-01 -5.57253081236111364E-02 -2.69864613119316310E-01 -2.11880859240760298E-02 -3.24298588379575592E-01  2.64779881495598002E-01 -3.65047897447850045E-01 -1.82596541403962614E-01 -6.77826167148566638E-02  2.19518464385658030E-01  1.32306878823070295E-01 -3.72473453866148552E-01  1.04130103673425636E-01  1.51484903862995679E-01
  3.03046656431944852E-02 -1.84300854107255857E-01 -1.18618636032757477E-01  4.19524198648107804E-01 -4.40246883570413403E-02  1.26657949543323533E-03  8.71062686017554655E-02  9.97632709779219529E-02 -9.85771891214917706E-02 -2.71241840769784019E-02  4.84209632828353029E-03  1.81068800578207123E-01  5.29223998391236017E-01  7.31966718314656095E-02 -1.37603160364885881E-02  2.57322953794325682E-01  4.78826379519247045E-02  9.09256458682810992E-02  2.55099777259388483E-01  2.56656650609300874E-01  1.35557136950526874E-01 -8.41773163410104719E-03 -3.87123415634701724E-03 -9.30847683968959345E-03  1.73225845385187677E-01 -6.88150129865015142E-02  1.07249632628052677E-01 -1.54328273935736476E-01 -1.03956954260191900E-01  3.21901906073335034E-02  1.11848804902431972E-01  1.20733786610929872E-01  1.38645305245743422E-01  4.19976888238066809E-03 -7.55400059689019104E-02 -1.18887196888493342E-02 -9.56975233091433564E-02 -6.58438281665669894E-02 -1.05747665898198354E-01  2.23684856503547740E-02  1.47071519924483446E-01
 -1.20645578921865036E-02  2.65217765905673530E-01 -8.75873316746044600E-02 -9.01043607314032380E-02 -2.00634104741033104E-01 -3.85400979475096939E-01  2.10171446405940765E-01 -8.28048921813594463E-02 -5.00822474019509412E-02 -5.29200256124450485E-02 -1.95921856910852787E-01 -1.56052568737584468E-01 -2.16487215686776355E-02 -9.64369366625786179E-02  8.43295905751536568E-02 -1.13950798542717557E-01 -1.67212621222374541E-01  1.82090888744712798E-01  3.92505469092831946E-02  1.54684776518532935E-01  1.61341360517987115E-02 -1.26392365679393825E-01 -1.49302427182323727E-01 -9.33190376531822657E-02  2.01701299941081019E-01 -8.24297521260159566E-02 -2.02125584042008068E-02  2.05216320429659205E-01 -4.47105102035727439E-02  4.16505933697400785E-02 -1.23151658832780356E-01  5.81027207265946213E-02 -3.09168137178299218E-01  3.26116292193738069E-02 -6.88296881248371267E-02 -1.29657744862353624E-01 -1.10142362778107905E-01 -1.83018980436299890E-02  2.78614583681431882E-01  1.21014848191904029E-01  2.20253393410568432E-01
  1.88676396385733837E-02 -6.07584942487161134E-02  2.25615142820270592E-01  1.08832365114053919E-01 -1.45801092768019308E-01  2.56138143968086297E-02 -5.33121674845285151E-02  3.90170105493573768E-02 -2.45824379197745080E-01 -2.44160839079106493E-03  1.95256195692616846E-01 -1.67201814297346305E-02  3.50719465978504397E-01 -2.76871514488106728E-02  5.78159987481292714E-01 -1.97637579541621200E-01 -2.87021556515383580E-01  2.82462314436078936E-02  9.20318931182348698E-02  4.28270637835092560E-01  6.56863062501765321E-02  3.70211188946109326E-02  3.86631516900382069E-02  8.01207733433344227E-02 -4.69897836753472090E-02  2.74045046752485644E-01  2.04785583342219184E-03  1.13815239773884788E-01 -4.57338229610600722E-01  5.99422620300714068E-03  1.18987105950872224E-01 -2.53077760170100884E-02 -1.21961919586460327E-01  2.06397109370827281E-01  1.24114192931083861E-01 -5.67064677760552791E-02 -2.60445296204846799E-01  2.07948233395151172E-01 -1.58875329044379454E-01 -5.13283132168468881E-02  2.90202039945932522E-01
  4.61580616640766619E-02 -7.19812055021006036E-02 -2.57444423205789696E-01 -7.08940942219441622E-02 -4.52186307283503341E-01  3.14845398394428932E-01 -1.61792410113419938E-01 -9.20419173887642855E-02 -2.92475231475913033E-01 -6.48615652427952157E-03 -7.97025336065694673E-02 -2.71855275603072842E-02 -1.28468032343342892E-01  4.05488856268212405E-01  6.54661587962585695E-02 -1.52332112730585861E-02  4.16131694428856364E-02  1.63673487252633892E-01 -6.12272374851281082E-02  6.70480626571366423E-02 -2.60740220405324463E-01  1.11704974901440904E-03  2.15029592950961509E-02 -2.39539765427389424E-02 -2.94213820524391656E-01  1.38491337562470757E-01  2.78130641045126026E-01 -3.69670637582800304E-02 -5.08291227573820503E-02  1.83143290572410217E-02  6.99408126516294915E-02 -7.59547661376611810E-02 -2.64990150788081691E-01 -5.58894099685886964E-02  9.40784677385372026E-02  1.71715544038723096E-03  2.56579821096095395E-02  1.51595525028538430E-01 -9.63926698180199160E-02  6.84936017191694335E-02  4.51764184235528762E-02
  1.61945716801917168E-02 -2.54602507515229136E-02 -2.62244536335063845E-02 -7.07748436572799844E-03  3.72414433659086164E-01 -2.77347508240089968E-01  2.22345322255064454E-01 -4.29548634856251610E-02  2.54556954465846697E-01  8.30665057852353755E-02  3.71444958341712594E-02  5.43508751416768993E-02 -2.90521343792125575E-01 -3.78802317962781743E-01 -3.12231001981852045E-02 -1.62966381884291994E-01  1.50922447319338016E-01 -4.58398987541225739E-02  1.14725802788629566E-01 -2.62109794639746541E-01 -1.03830111441008788E-01 -2.85231348902257320E-01  1.32790167350682609E-01  8.76699895443951577E-02  9.28111020922050139E-02  5.72786488296007836E-03 -4.93021405933030954E-02 -1.30234030828966285E-01  5.74629354915056761E-02 -2.47173235403300440E-01  2.39925754728796042E-01  1.56068246052174370E-01 -2.41272350458153817E-01  6.01500533653398090E-02 -1.19536877368706884E-01 -1.40194319228175684E-01 -1.07776145575716482E-02 -5.57659945138176878E-04  1.04625374007246419E-01 -6.00246102394438874E-02  2.14170694239591924E-01
  1.85069690381016380E-02  1.46999059159459711E-01 -1.03756004759086584E-02  1.00253441575680044E-01  2.34838315075629106E-01 -2.48572220872843502E-01 -1.12664143249860543E-01 -1.51385243209756437E-01 -8.91274109328836633E-02  4.65352349105571453E-02 -1.17008843322071676E-01  2.67352600583734168E-01  2.10214246661747955E-01  5.55708664378724779E-02 -5.40718620524433882E-02 -7.73370985466214772E-02  3.20629457987937072E-02 -4.59181768874275739E-02  1.82995162502101627E-01 -4.36305542879187769E-01 -2.29391279194623710E-02 -7.28317149461056718E-02 -5.32773144159009310E-02  8.86489621889113427E-02 -2.08635930123811292E-01 -9.97645716452632558E-02  2.68616293816873464E-02 -3.39212919345311045E-02  2.07980048537745044E-02 -2.53170116661023681E-01 -1.87371430491689306E-01 -4.36071469082415231E-02  5.47210908042764441E-02 -1.73764704376634660E-02 -3.80032552252573125E-02 -1.21276685758430383E-01 -3.97469770286116783E-02 -2.48201674444622072E-01 -2.33737694020228509E-01 -1.12523427009036558E-01  5.75922111157874950E-02
  2.45716328084739644E-01 -7.19952904030242424E-02 -1.51869057826464621E-01 -1.86650249006795221E-01 -3.00257999729548364E-01  4.32448457326805702E-01 -9.14370097210523092E-01 -5.66248484151703257E-01 -1.06929055944617407E-01  2.62006521219476374E-01 -1.01351678578229715E-01  2.49517763918012642E-01 -5.72394990640508583E-01  1.36453064537662844E-01  1.89462417641767217E-01 -1.41440114514826548E-01  1.48872177102890052E-01  5.71790566263259414E-02 -2.37501903906646633E-01  1.94904867157782380E-01  4.82408107051230522E-02 -3.26999507128999223E-01 -8.25685085075017061E-02  1.76366505725454564E-01 -2.68132914255727849E-02  4.55268899624690845E-02  3.40368387798380898E-02  1.24506817042477680E-01 -5.00367527266324733E-02  1.71442364675648495E-01  1.25804967950359947E-01 -1.75426633075408483E-01  7.91234399519517573E-02 -1.93463246209093387E-01  2.96760360907528775E-01 -2.80897192306369115E-01  3.86644880564052714E-03 -1.32607272912592666E-01 -2.55771657520116158E-01  5.22640825867891831E-02  2.96125575372807211E-02
 -8.08714691441005280E-03  1.62629140496158391E-02  3.03303766600309221E-01 -1.25613359270823094E-01  6.85345173039485361E-02 -1.77589278398171291E-01  1.10054577577004861E-01 -1.61465674551810767E-01 -3.11308611020020776E-01  1.36669047090530266E-01  1.73178915305777226E-01 -1.44864251104822012E-01  1.22834199157472443E-01 -5.90259928169189763E-02 -2.23567398698077513E-01  7.17536944286932821E-02  1.19182132175581296E-01  2.52218151260012236E-01 -9.88514306182300129E-02 -1.28836668855582148E-01 -1.05353449130040439E-01  2.42829924905538508E-02  5.55240340797562154E-02 -1.46664556285230979E-01  1.43438120605187708E-01  3.15170060156371411E-03  1.04996732031098411E-01 -5.11892466340029204E-02  1.23642165228196377E-01 -2.73065722695157165E-01 -2.43337528410105974E-01  3.38912917968554217E-01 -1.05079005038982626E-01  1.44308600904153567E-01 -5.03568015778914413E-01  5.93467509250466957E-02 -1.56965243943536420E-01  7.40754669094129820E-02  1.55214642175901002E-01  1.83421317605589024E-01  4.65961277506413418E-02
  7.31681671944718198E-02  2.26567370884281881E-02 -4.98320474555163651E-01 -1.44457602671472313E-01 -1.91242525345005299E-01  6.49941705398369485E-01 -8.12099241453424825E-01 -6.58845169941702946E-01 -4.98844080003539414E-01  3.66424694878353441E-01 -1.03837907604420077E-01  5.96981263274051321E-01 -2.27621214437515706E-01  2.94645026164263024E-01  2.48903270890644124E-01  3.36705312745460561E-02 -3.96588357596057844E-02 -8.74531650604469524E-02 -1.80030275279090379E-01  8.74346243427920888E-01  2.19595404056963345E-01  3.18991976075614414E-01 -1.27588431885012316E-01  3.84210693755293820E-01 -7.25518741408177209E-02  3.28732194881676099E-01  2.73599223238838347E-02  5.46394503725229699E-02 -5.06641230120159825E-01  1.20960435033831536E-02  2.40651252363230428E-01 -1.02408014564703206E-01 -5.30417538021231982E-02 -7.70544036219984220E-04  1.80238164184927906E-02 -9.78625246329107162E-02 -5.11130141845302088E-02  1.00795307137127987E-02 -3.63689597812679316E-02 -3.71103355692614545E-01 -4.98177611264104692E-03
  6.24078420448622162E-02 -1.93882974147945725E-01  2.49533172184370849E-01  1.54297860758957572E-01 -1.14020908216532824E-01  3.04970589891488730E-01 -2.09845570340728427E-01 -2.01232727184301102E-01 -2.01902691482180485E-01 -2.14315481356145456E-02  1.33964766318636103E-01  1.21876760195857775E-01 -1.84307453848524733E-01 -1.15837643158263337E-01  2.96811366228813045E-01 -3.05665412378434476E-01  2.02093310818308586E-01  1.84568592783508290E-01 -3.39494646103013664E-01  2.08766164766909013E-01  2.36923796226626127E-01 -3.40397423972993329E-01 -2.04024465291855778E-01  4.05033904703669512E-01 -7.48577514706694896E-02  1.69636700816982122E-01  1.21746113512404747E-01  1.11694223438080414E-01 -1.33518025175913074E-01  3.68376914775565764E-02 -1.67249384773618393E-01  5.66674955041377992E-02  2.71104884611157587E-02 -1.39736363568330302E-01 -2.03895821650243003E-01 -2.00338259186937956E-01 -7.95816280966320788E-02 -4.45525370057174713E-02 -1.07625464166887438E-02 -2.93658397036118402E-01  1.68756610465706225E-02
  4.89882865818748528E-02  2.60211697589471077E-03  1.02604951943343264E-01 -1.41285159444562242E-01  1.79782290167557236E-02  2.57450924991364904E-01  6.81042757455918302E-02  2.56008540462308254E-01 -2.38508126750418853E-01  2.31797078300153031E-01  8.52892202471962485E-02 -2.10487215749530499E-01 -2.50085574996498750E-01 -1.25799771444023878E-01  3.21976866315235755E-01  1.43388011767963536E-02  1.84291755866561935E-01  7.04227920575589833E-02 -9.80267475072454375E-02  1.02926827632000575E-01  1.07366467407610452E-02  1.81046697305398574E-01  4.76523937006246984E-02  1.18445170479079889E-01  1.73768274530717031E-03 -3.08198336484141501E-02  1.73912002890586448E-01 -8.18590526240851879E-02  8.85082392933490281E-02  1.22457617292473619E-01 -3.72610133447997816E-01  9.42479217943442554E-02 -1.84716009567611528E-01 -2.48103497177976562E-03 -2.59700460196389982E-01 -1.04778111939720059E-01  3.06315795867973917E-01 -4.32896942187205383E-02  3.22258941067223359E-01  7.46243630102279148E-02 -1.92989188081566648E-01
  4.04919075100271530E-02  2.64509052562933791E-02  6.77231194515817148E-02  1.01337123030073931E-01  3.29931170446848221E-01 -4.90065711339802215E-02 -3.04347802796710379E-02 -4.85570367528188884E-01  5.54010707763242446E-02  1.72957334212864522E-01 -1.81636204421183695E-01  1.44099343438999633E-02 -1.75876404051913404E-02 -3.67630403768312186E-01  1.42461325950531265E-01 -3.05364300659726917E-01 -3.97012549631902911E-01 -4.85323701118499928E-01 -2.85894799395158931E-02 -9.33751855122480351E-02 -3.86556843419566143E-01  3.27021224639664321E-01 -2.39365609788908945E-01 -1.77821170772761522E-01 -9.48988960137028548E-02 -8.57343544015058551E-02  1.19687581339845583E-01 -2.59117225039174282E-01  6.63049638124792867E-02 -3.34784004932934032E-01  2.30582185456064626E-01  6.23870028620951700E-02  1.61282276325367513E-01  3.88475326067060853E-02 -8.44165187883814949E-02  3.53154539645311905E-01 -3.46954604797127752E-01  7.75583025909960394E-02  3.56559259128331307E-01  9.80576719752241366E-02 -1.66905545850919018E-01
 -1.27222484319020945E-01  6.85043664233391247E-01 -2.24282985587132250E-01 -1.42418938327242811E-01  1.83427918199648571E-01 -1.39725502757026693E-01  1.75329397525939817E-01 -1.91721341831005976E-02  1.15671605635710481E-01 -1.00584816326552834E-02  8.76897500478434899E-02  7.84030841451097554E-02  2.29828377254602922E-01 -4.38124765831962304E-02  5.83086596041385435E-02 -3.31266635555938327E-01 -8.93908325526593904E-03  1.44234130429025664E-01 -7.20955059441789024E-03  4.78712202950682467E-02 -1.59172187361334372E-01  5.40145994144846445E-02  3.02627695348647238E-02  1.94312090172269553E-01 -3.47034403171306016E-02 -1.76107504609078584E-02  1.90651615426472326E-01  8.01983006947135785E-02 -1.60641528447676762E-01 -6.69576868129024838E-02 -9.87607691650600333E-02  1.77770174106169160E-01  3.38334676668098411E-01 -6.73920060591289560E-02 -1.86661786773850785E-01 -1.11280032423910213E-01  1.73102963600644061E-01  6.93102018603422021E-02 -7.58319100015484859E-02  2.33184961435612542E-01 -1.29557044751441058E-01
  3.05424559368169118E-02  2.53617979280417877E-02 -4.38659348952870204E-02  2.70015201280926938E-02  1.64072417991138503E-01 -4.28103181413253958E-02 -1.26982767365060256E-01 -1.17456363692332501E-02 -2.43286476529127743E-01  1.08977219942820672E-03  8.41103574635880952E-02  8.02728324823970413E-02  8.96595814471833757E-02 -1.46424656391401682E-02 -8.04522127219414324E-02  1.57941235429573001E-01 -3.88273994559608163E-02  2.79401604140686266E-01  1.66225439246619172E-01  6.19917302831900704E-02  9.06420013934172882E-03 -2.15047054045057001E-01  1.11978064690345533E-01 -2.33400190300883159E-01  1.00335699508141987E-01 -1.03543829725846762E-01 -2.92477438785777477E-01  3.95980702226654491E-01  6.29365457051262872E-02 -1.93563133020124262E-01  1.57189759511543126E-01  1.89626532635459782E-01  1.71045882001916005E-01 -1.08921448119683566E-02 -1.45801309464790030E-01  1.57840563243000970E-01  4.56569781427128008E-02 -1.89099371648705716E-01  3.11135129459354287E-01 -6.18354211868466369E-02  8.64002511001772527E-02
 #l=           4
  3.67032867855124414E-02 -1.04748555984942093E-01  2.84486539940290883E-01 -1.36078657563884986E-01 -2.83988783281650843E-02 -3.63841732230076433E-04 -2.15829191946634823E-02 -2.37113074868814944E-01 -4.61392538249391845E-02 -1.29179618554184222E-02 -2.01634790016227639E-01  1.82231122881458506E-02 -3.12618907811055891E-01 -3.67672362180877510E-02 -7.91890556536581081E-02 -6.82397382787884865E-02 -3.29762831986923299E-01  1.54309463359733973E-01  3.01674170258504515E-01 -5.97780769538202236E-02  2.33750271256276537E-01  8.84417461160763446E-02  2.29174947657778488E-01 -2.45672293136811951E-02  1.16212224976921963E-01 -6.37193809773633629E-02  2.10962872215032723E-02 -1.33228283885626020E-01 -2.12980926300089905E-02  1.51672144416539117E-01  1.64981823867560190E-01  1.75699676198368765E-01  3.48476168119314755E-01 -2.32893182623545553E-01 -5.77954414560567786E-02  1.34717466753030951E-01 -4.54174820037530624E-02 -1.37651103483022508E-01  3.00977640453379713E-01 -3.47482955309978525E-01  6.40309311979139345E-02
 -8.72437291800262291E-03  2.13273479945399386E-01 -1.40907336162459734E-01 -4.36651133338681191E-02 -8.18046706985099265E-02 -2.04988828813836843E-01 -2.69374875056301588E-02  3.70470039806406304E-01  2.03117635720964120E-02 -2.24106273937049599E-01 -3.40565780737870305E-01  1.29245411565930030E-01  4.05841019599529895E-01  1.05582271835319944E-01  8.01111584251372050E-02 -1.46780067540064479E-02  1.44702139863315121E-01  2.50979314959170530E-01 -3.15334461474948258E-01  2.55518205035989876E-01 -6.82233893251552870E-02 -4.89658634686692462E-01 -7.52541729026723311E-05 -1.69681801172801641E-02 -1.61161378960507001E-01 -1.27320290089524085E-01  2.94212515260125380E-02 -6.19829644062970808E-02 -4.30794213887457811E-01  2.01795179677497744E-01  2.52497721740545411E-01 -3.07918894513688313E-01  2.05438312792896836E-02  4.36700867857900021E-01  1.23349583790285738E-01  3.74147003777242970E-01  1.45786804369836098E-01  2.06161503679816532E-01  1.95471671646514494E-02 -1.87794685180150411E-01  4.56206479350256336E-02
  9.51354239964040255E-02  5.05203750584195810E-02  1.78311820671422039E-01 -4.16603723249934794E-03 -2.89868484087350588E-02 -1.60914284483318154E-01  1.16799242476406551E-01 -5.60259515957106866E-02 -2.31073080313516505E-01  4.80319745577230603E-02 -2.38812793794121736E-01  1.00625025083239741E-02  1.35428766779789933E-01  2.81224931695189528E-02  6.67293043988915480E-02  1.27708795109454598E-01 -2.77400218236601492E-01  8.28010198158040805E-02 -5.80073135813882687E-02 -6.56761889356501094E-02  1.49934399965486603E-01  5.49408774730724483E-02 -7.18064684057189151E-02 -6.93207925613802817E-02  9.66656100469961421E-02  3.66638981796364796E-02 -1.15448359597867742E-01  1.38960110311459918E-02 -1.16607946254985523E-01  1.86947793633813475E-02 -1.35975349301534626E-01  2.61677231168595148E-01 -8.32765999811401758E-02 -1.00297019944527735E-01 -1.25316656096865847E-01 -3.83202150909122546E-02  2.10663414221140786E-02 -2.48661014624510304E-02  1.96976713566315076E-01 -7.02585829029559322E-02 -2.99120419723295838E-01
 -8.74030912549084681E-03 -9.16049538737053193E-02 -2.15278227260109339E-01 -1.50970649640152416E-01  8.79847958491436349E-02 -5.94364466743947523E-02 -3.44728310097502599E-01  2.98126073147567811E-02 -1.46665798113649992E-01 -6.84644788294582474E-02 -4.05540454047236681E-02  1.81774104067300379E-01 -9.07545684315460427E-02  1.90842335350047049E-01 -2.64478877084208600E-02  1.23603524948928040E-01  5.82294636853313979E-02 -2.93156042529959526E-01  8.94461964357188000E-02  2.01303624084851501E-01  9.05286579419401355E-02 -3.99402418447891358E-02  3.40949084472499886E-01  1.02598171518200096E-01 -9.54693164421228230E-02 -1.12807967152645572E-01 -3.25938934301260586E-01  2.35187584554438556E-01  1.25142339239839973E-01 -1.53078286887362247E-01 -2.11171788317955069E-03 -7.37071580018745440E-03 -1.03920509549896511E-01  1.39385233797022473E-01  2.15388973608807904E-01  1.56770592519228757E-01  1.67168495811707063E-01  9.04074602977996133E-02  1.77245913863222831E-01  1.05946858415351217E-01 -2.46533625405510520E-01
 -1.97989616496020218E-02  1.98310658342551183E-01 -1.40965542164311869E-01 -2.84621395209559480E-01 -6.82003673394273729E-02  2.39228937896935646E-03  3.00462299555443790E-01  4.22046463663929616E-01 -1.84258199282256313E-02 -1.82430952271069646E-01  4.75175948967503647E-01 -1.16991315230881049E-01 -1.30800537128680588E-01  2.24215074953622306E-02  1.29684485995963609E-02  9.62558212062737256E-02  3.52817970232316591E-01  1.01672833083108011E-01 -2.02761988247291969E-02  4.62677273220513163E-01  2.94660000032043012E-01  3.20974592681109172E-02 -3.05210694408143968E-01  3.83757488187809970E-01 -2.82173795645805470E-01  3.96436971845377725E-02  8.62966632359361135E-02  2.22090366811480588E-01 -1.30738638136801422E-01 -3.46122763446399750E-01  2.01113727329355174E-01 -1.02306075551626061E-01 -1.67972088769857725E-01  2.28055633508233713E-01 -1.07448286687532826E-01 -2.98389093504326408E-01 -7.53847258547455240E-02  3.36146167273133900E-02 -3.56433594750154792E-01 -5.95057426349287419E-02  2.67649829492093705E-01
 -1.35134813016379696E-01  8.83209222386528575E-02 -2.47227681743220823E-01  5.44784197870613884E-02  1.47311623609486686E-01 -1.28331019726048656E-01  2.35216696803894315E-01 -4.61384579428027741E-01  2.20763206011463375E-01 -6.78778780632837298E-03  3.84886673604204199E-01 -1.38804197909387583E-01 -1.63650165540659365E-01 -2.52131944092446270E-01 -8.37601354018278482E-02  5.94057632949218650E-01  2.15105634691034275E-01 -1.07255442448759952E-01  5.49647963857850669E-02  3.53552101188337242E-01  2.85996437144326182E-02  3.24954143001698836E-01  1.04213646034213292E-01 -6.33299600583024092E-02  2.68048635234253818E-01  9.43566946925116640E-02  1.83095260623544025E-02 -2.08535570708015122E-01  3.31799056916159019E-01  1.31391786252570211E-02  1.75481041491629408E-01  3.60630208664754370E-01  1.39170257405356601E-01 -2.41762967310455434E-01  2.05085775408241938E-01 -2.71013840109975590E-01 -8.82203318296611999E-02 -1.90612199470996502E-01 -1.46928401906392558E-01  1.21107323526027141E-01 -1.61206300199741664E-01
  2.75158031497644458E-02  3.03554775316410341E-01 -2.15192998677299047E-01  1.41224907554276996E-01 -1.27113281153326652E-01 -4.89556599384422045E-02 -4.99895587087204663E-01 -2.90829222878222993E-01 -2.29657565796195590E-01 -1.27784988999798926E-01 -4.29426280583900088E-01  4.32012790257645718E-01  2.76447517740709747E-01 -8.11921252917553182E-02  4.98612213325444545E-02 -6.14856462924921049E-02 -3.24758797220809858E-01 -6.89634673362049255E-02 -3.76255715794321322E-01 -1.13871758069422777E-01 -3.68069251949854404E-01 -3.92492972793503037E-01 -4.96299738589204564E-01  7.05801581118782467E-02 -2.81113356642850143E-01 -4.35331605828915114E-01 -9.57431933681845287E-02  2.92436700209678990E-01 -2.02679532975912735E-01  5.66298680667538315E-02  1.85937176469814114E-01 -1.67285087471405157E-02 -1.23686777154709909E-01  4.38450608557334545E-02 -1.93084398340470746E-02  2.50203607319737120E-01 -2.68212994666845381E-02  1.28748075110432902E-01  5.83012548631980723E-02 -3.91805888411270245E-02  1.05983246043846041E-02
 -1.32551023031026671E-01 -1.93898062160037604E-01 -1.35449365479752087E-01  4.42833323416960759E-02  8.81595101959937316E-02 -3.58500821974077177E-01 -4.49754637886220915E-02 -2.09495886985368279E-01  6.08402844164133635E-02  7.71096318494872424E-02 -9.31632079342880615E-02 -1.88908916835505397E-01 -7.37099032710833019E-02  1.17852425299590866E-02 -4.52963261895449165E-01  6.64359751741652321E-02 -2.38507984287258494E-02 -1.47416743061230843E-01 -1.03552103029900550E-02  1.13706780662118871E-02 -1.33571717251138505E-01  4.25171325632511699E-01 -1.84341574114718715E-01  2.34013226952403175E-01 -4.41714303576211526E-02 -2.42088822565836748E-01  2.53383707149992289E-02  8.80648180230125810E-02  1.55800158571765490E-01  2.75402226578743518E-02  1.51856232078166870E-01 -1.76109823179306041E-01 -2.00113563542711675E-01 -4.35969822194956336E-01 -7.54582761625958304E-02  2.05368956937546560E-01 -2.38325364999667805E-01 -5.54851245548029851E-02  1.16789854422080536E-01  2.14902788338020567E-01 -3.74492693632848428E-01
 -8.47697158060456771E-03 -7.86753358950408911E-03  2.54340086262066445E-01  1.18751763716690412E-01  4.14414259840300281E-02  3.18374654870575979E-02  1.83171800532730383E-01 -4.97299596559873547E-01  2.94872001970441118E-02 -2.89377675376999675E-02  2.28561967443129989E-02 -2.25418118214596092E-01 -8.05447756031791307E-02 -5.41456406173587562E-02 -1.90338888503680914E-01 -3.08393708188261728E-01  1.30564537826358323E-01 -3.42345008763829783E-01  2.84421387649759112E-02  5.35707972108050573E-02 -2.76671363136229698E-02  2.69044738798080753E-02  2.47825022439420450E-02  1.10028276136627079E-01  4.00020711134096152E-01  2.15512313340811806E-01 -2.71392128979677343E-02 -1.56055382835879053E-01  1.15300709110562789E-02 -1.15854573848608200E-01 -4.32363652179036995E-01  5.01422044455990777E-03  1.99340265544972750E-01 -4.86258981748314723E-01  3.61563302871302727E-01 -2.67862571345115485E-01  7.53243412706979809E-02  1.64182739243723841E-01 -1.06265412369505402E-01  1.12405065235653745E-01  1.25887017861519845E-01
  6.49649104734305177E-02  1.01390014411513976E-01 -2.64432545763850606E-02 -4.78194469598786531E-01 -5.48334547540768463E-02  2.21966045784489696E-01  1.19361118176877612E-01  1.60501432387848364E-01 -5.32919482710169229E-02 -9.47698067125024024E-02 -6.09936655033873287E-01  4.16612398933203121E-01  4.72393815393807703E-01  1.25261055815469036E-01  3.63069254870281910E-01  2.50238204577570067E-01 -2.03970881035630547E-01 -1.32241948114666080E-01 -1.02435037335916884E-01  4.63670186200798418E-01  2.33041381424685445E-01 -3.03040555622493712E-01  1.51162373424385266E-01  1.10703480098559379E-02 -5.51823373123339622E-01  1.51476094390362082E-01 -3.82544425469708405E-01  2.74254376860634530E-01 -6.44867917441230704E-02  1.53890885311338516E-01  2.38127964669422321E-01 -2.63188481114317918E-01 -2.79850817656248863E-01  2.31379685163142723E-01  4.03110067423929283E-02  1.86062806682331605E-01  3.98409193676067030E-01  1.24661988747346922E-01 -2.48157803009373679E-01  9.60141662865147544E-02 -1.09755784335839990E-01
  6.35385604183239389E-02 -1.31660835446824331E-01  2.49996791238566440E-01 -3.41834012405035803E-01 -2.30787841535623928E-01  2.36063282802413538E-01  1.06182287733029318E-01  3.71851937233310462E-02  1.49818107024320968E-02  9.14892490143903725E-02 -2.01819122549907498E-01  2.35535984000322329E-01  4.01485593897203896E-01  2.35255710568760795E-01  1.48540775879928144E-01  2.44211095130040717E-01 -1.99251325670607798E-01  1.92948465438861905E-01  2.92162105503456166E-03  2.40988863454387414E-01 -1.35522790499738338E-01 -3.52444940536203621E-01 -1.55024741026226431E-01 -3.13469237483502208E-02 -2.70541099006299746E-01  1.06712220098195545E-01  8.19899647273566179E-02  1.83111167485923487E-01 -1.69033277230219603E-01  2.70600698126174988E-01 -5.04633231871434162E-02 -1.02328369277712300E-01 -1.67379033082375617E-01  1.52339052302773503E-01 -6.29406328845025509E-02 -2.76164474053228359E-01  2.87090101783198992E-01 -6.72297459080813398E-02 -1.66210328116621009E-01 -1.48469769270466762E-01 -1.51114131583683420E-01
  1.09619474044334950E-02 -8.79674442850026106E-02  1.85699208716582631E-02  1.08942976303863640E-01  2.74373940621893297E-01  9.76347386542121415E-02 -3.71061128811795482E-01 -5.16455695160926084E-03 -1.55470289031959363E-01  2.02465901041920110E-01 -8.56802844433561250E-02  5.04966444046320503E-02  6.12844643959935820E-02 -1.46565071045090062E-01 -6.79531519435103704E-02  2.28848491983537627E-01  1.04306987970098700E-02  1.24610556532455813E-01  1.93594019160603870E-01 -1.96193985598846488E-02  1.53780142451957119E-01  2.85304983817094189E-02  1.18254857399030147E-01 -1.01361302420446733E-01  1.88007944261542159E-01 -1.05885225085530707E-01 -6.40051346789693998E-02 -6.69329477371834788E-03  1.47160997019046280E-02 -1.84354000826538772E-01 -4.06843154405486032E-02  3.04225839013302427E-02 -1.45403105642682051E-01  2.45989361342061258E-01 -3.20512917116163143E-01  7.48812701405146639E-03 -1.63095914720890883E-01  2.75805452692606257E-01  5.33171901310182245E-02 -6.29055912602551615E-02  6.93604711125660189E-02
 -1.22308495910806517E-01  3.08721465919421824E-02 -4.47353735952572690E-02  2.59689775798709999E-01 -1.45171164878752229E-02 -1.28303590849037936E-03  2.01747434684906496E-01  6.50957017915006708E-01  2.97561975034649595E-01 -5.84774834427196022E-01  3.51720509564543371E-01  9.50493642577866643E-02 -3.15852098261599379E-01  5.61576428581341755E-02  2.12637199002406158E-01  1.62731209158300250E-01  2.09456166994244131E-01 -3.82172021431293890E-02 -1.65007858085574000E-01  3.46240733043293891E-01  2.10068393667106695E-01 -1.41435691076181091E-01 -4.64680435907252942E-01  6.12299287758550248E-01 -5.71438666332887757E-01  6.90118292760579788E-02  4.55772726980862131E-01 -1.30992725120001818E-01 -7.17550338911388114E-02 -3.39548257694856581E-01 -1.50034378795320139E-01 -3.87881987003557607E-03  1.32042816692325982E-01 -1.92543729121191151E-02  6.37592405024942632E-02  4.69529858555755228E-02 -2.56702546775154583E-01  2.33365898619004003E-01 -2.60332166514289864E-01  2.35615284198774422E-01 -2.21893827782736586E-01
 -9.39856720200136220E-02  1.86411710403641850E-01 -3.75721884315747434E-01 -1.65306689823924630E-01  6.64032948671779422E-02  1.96252501213217906E-03  3.68981919167535588E-01  1.68563370012566743E-01 -1.73635002085306384E-01 -1.16875844170750462E-01  6.64513143821990199E-02 -8.17978205479632375E-02  1.31932057778727824E-01  1.29772639922671185E-01  3.38157761484587871E-01 -1.91781233429568453E-02 -1.37605988199660412E-01  5.51890762015065817E-01  1.11242687680628269E-01 -3.57404676234375773E-02 -2.87544547265457771E-03 -3.23425594373746017E-01  1.04756870130493202E-01  4.89380723744036294E-01 -3.81081741625553527E-01 -2.68482568006870037E-01  4.21166692570218576E-02  1.27130539482916249E-01 -1.54551459432472144E-01  7.69048117326726621E-02 -3.37827602369198399E-01 -8.29128234573810741E-02  1.28817331062731050E-01  1.14912363735210410E-01  1.21750931777329152E-01  1.44480528540450376E-01 -1.11734305547058571E-01  2.09590970246307212E-01 -2.61052544877334924E-01  1.15847863678760793E-01 -4.62915057820813755E-02
  9.52058374280195623E-03  2.56508914110879838E-01 -3.04476508656344846E-01  4.72288918627732715E-02  2.75543431726335497E-01  1.83153147720085674E-01 -6.38645665593563505E-02 -2.98106186135887519E-01 -2.30420919948639523E-02  2.36889290913414569E-01 -2.67803256955347679E-01 -2.44794834260037036E-01 -1.72496019135614603E-01  5.59057397934409617E-02  8.50322382513280517E-02 -2.27312306218362924E-02  1.24807652751662349E-01  3.34049659214382816E-02  1.57016983156005985E-01  2.88897339347077398E-01  3.85078654739203829E-01  6.33111474659349138E-02  1.67214841235996614E-01  4.19846939949847925E-02  5.59869285967780957E-03 -1.38362107898328035E-01  1.84558423414603046E-02 -2.00158611173151570E-02  2.07191953856166976E-02 -3.98149773263266171E-01  1.83563173773557166E-02 -1.29187147252025514E-01  1.85537074398976154E-01  7.66542670785235886E-02 -3.16544213334149366E-02 -1.01959217776889891E-01 -2.60803244881219719E-02 -3.22416069634137506E-02 -2.43826106232571671E-01 -9.37514705010598359E-02 -6.27797828383255124E-03
 -1.80221696394263192E-01 -2.72439106215507099E-01  2.78423647643368077E-01  9.85163566617102832E-02 -3.89179801759393026E-02 -9.38332444935972287E-02  8.12652043623835058E-02  5.05085790399821377E-01 -2.28621748537693563E-02 -2.72131750768708214E-01  5.92925825835323161E-02  1.38373315620840320E-01 -3.41574395313185841E-01 -8.88028476152669666E-02 -4.46274616079441355E-01 -2.84192117044676784E-02 -3.32230214358018527E-01  1.10740962264223072E-01  8.23299467300568112E-03 -3.30052422539576229E-01  6.86482970734020037E-02 -3.69892115349293865E-02 -3.95599693312137068E-01  2.64280225662513968E-01 -2.66561589543568567E-01 -2.39185343541439610E-01  2.33311942953005003E-01 -3.51379207078363481E-02  6.05955699480555318E-02  1.66998437408199418E-01  2.01465325121192446E-01  1.04032335494934416E-01 -2.11208037191532999E-01 -1.64940299294004056E-01 -3.03242207560638133E-01 -1.72169397879786107E-01  1.75301678412538048E-01  7.29098578444833528E-02 -2.25340458907692026E-01 -7.03349888807408286E-02  2.43919255053953316E-02
  1.18389694644528420E-02  5.39675726795272592E-02  4.28925721214928335E-02  1.69342234411653275E-01 -2.00197294740367820E-01 -1.82941829901667935E-01 -1.25480859132704597E-01 -2.34055272395849390E-01  3.06571955288928201E-02 -5.26379931144320343E-02 -1.63769005173648952E-01 -2.06384952901891294E-01  4.37686667855049574E-02 -8.07132280034654342E-02  9.81975109694701864E-02 -5.89142736826404750E-02  1.12655504809943172E-01 -5.09214417031658817E-01  2.23994843887881422E-03  1.22576259044009359E-01  9.78257717004039767E-02 -2.50538261695920535E-02  3.87601583007617823E-01  6.74690986081358940E-02 -1.37044465317088332E-01  9.58081278393901337E-02 -1.44800194870412346E-01  1.37505234342796573E-01  1.28021738301129923E-01 -9.37379718414876467E-02  3.47449045987120106E-02  2.17748763421810820E-01  6.08555059128196713E-02 -4.84349580596752094E-01 -4.04745575451548462E-02  1.27720585024238359E-01 -1.87421385324594569E-01  6.63807239984116615E-02 -1.27597645068282584E-01  3.27205299060680299E-01 -1.23163992655329665E-01
 -1.54219093275238129E-02  6.11613159885050252E-03 -1.23354336809663623E-01  8.69568975080462908E-02  1.44391862049560588E-01 -6.51858255864391500E-02  9.83033695444543720E-02 -1.42646455852085796E-01 -3.16364408389701424E-01 -3.02670082441824251E-01  1.27772999020708433E-01  2.29880437887175233E-03 -1.67239678798486863E-02  1.31322431744610529E-01  1.32614393781075812E-01  1.32946515752435601E-01 -1.73989499529970171E-01 -1.37671486693792481E-02 -1.14729423614844242E-01  2.23430131198531258E-02 -8.31897728224773314E-02 -1.34142813984099191E-01 -8.78780540098837992E-02 -1.84740666114784596E-01  1.41329567131933370E-01 -5.08568094488966518E-02 -1.00439501491495758E-02 -7.95788182761308568E-03 -5.57200250344025289E-02 -1.39515541647990626E-01  5.30372913755586539E-02  8.25677107028678775E-02  2.50186772982167599E-02 -3.50139182979565478E-01 -1.57195704013836673E-01  4.30074241817945263E-02 -5.81651445447545212E-03  1.38349956482714698E-01  4.00258423044219380E-02 -1.39805642626149335E-01 -1.63489822078992847E-01
  3.27297663835719108E-02  1.59775638158191430E-01 -2.21518758180099334E-01 -7.08191455836825745E-02  1.76622842651284945E-01 -2.84690536423208920E-02 -1.55436348898432525E-01  1.36796740130500416E-01  7.41621784100719716E-02 -4.84767051136990798E-02  2.61559717457548989E-02 -3.16277840738330873E-01 -2.19807661179670044E-01  2.46285895916419834E-01 -2.42587691249822983E-02  3.93157690616031466E-02  2.28203154218051402E-01  2.87003526208100095E-02 -8.89694501832195145E-03 -2.02622351658236811E-02  1.66430811218638536E-01 -7.88194176848953931E-03 -3.57439044431193065E-01 -1.94305223950388573E-01 -1.11504409404420357E-01  7.31998583118679130E-02 -1.08445587991844533E-01  1.15848209530048069E-01 -2.84397859088598298E-02  1.38786276450417467E-01 -1.32607412402523418E-02 -4.88087165575483636E-02 -9.63032111753313047E-02  3.04387540036615611E-01 -1.46353443879464279E-01  1.62463760009084024E-01 -8.67122434127204356E-02  1.26414891354452413E-01  1.10137200619284080E-02 -9.85917212161244033E-02 -1.11250721831913285E-01
 -2.78469427623499570E-02 -2.55762054092024627E-01 -3.52124428711535695E-02  1.74503086910743843E-01 -5.45440410038083370E-02  2.88653354675347806E-01  1.68100183260776970E-01 -1.42807365245788964E-01 -2.41019812328307215E-01 -2.72099984008328633E-01 -7.30631735999006382E-02 -6.93766888607082466E-02 -1.08682195801566989E-01 -6.14181624246080554E-02 -2.15696806158936549E-01 -1.39458934745140095E-01  5.60485459833806113E-02 -3.82239181300768754E-02 -3.37457964242742674E-03  1.03752150557454167E-01  1.59923070529586209E-01 -4.41539743275114194E-01 -3.62105689481499626E-01 -8.08734769162257894E-02 -8.69864204680273201E-02  2.21328927356834487E-01  1.32316965313964113E-01 -7.56977565143241715E-02 -3.53222128553854139E-02 -6.14514884233833408E-02 -2.56910502970182586E-01  1.74114059572004709E-01  2.26734008767978834E-01  1.06461967901895896E-01 -2.59740204454575518E-01 -1.83055672801461268E-02 -1.73230008334925023E-01 -3.47185693630507677E-02 -9.91297497372781999E-02  5.19509435155896954E-02  2.44483660055286565E-02
 -5.14824415048017667E-02 -1.11050120245098402E-01 -1.01014736250828463E-02  7.62918386374372981E-02  6.52897969127893552E-02  6.40197506274884070E-03 -2.36528719160921885E-01 -2.74011629512089572E-01  1.06180319539290885E-01  1.47792067597034782E-01 -9.04515091925215259E-02  1.72810566502711260E-01 -2.53050829120424814E-01  1.48540067473695719E-01  2.56383741391826431E-02 -1.13397776249745882E-01 -2.44055171359697370E-02  8.33050252763006122E-02  1.67697571778058774E-01 -1.00437154199449763E-01 -3.71303002511559288E-01  2.67698332329876887E-01 -1.94707046454107191E-01 -1.59521872744610993E-01  3.30762959294954695E-01  1.70134373965543012E-01  1.90050238215594886E-01  1.40777950204482638E-01  7.73846634450576082E-02 -2.71427245908605230E-01 -1.70613436159948895E-01  5.77209834125867877E-02 -2.26674701268779089E-01 -1.66313576755583864E-02 -3.45860602490173918E-02 -2.12909023808775438E-01 -1.48943125787142694E-01 -1.32974205211859542E-01  1.48255174727247002E-01  3.32265993961207567E-02 -1.14409721942229217E-01
 -1.21105731017056035E-02 -1.49874480654182490E-01  2.25207873066710362E-01 -2.24501670243110102E-01  1.88676475463919191E-02 -6.64264264769623691E-02  8.78555857220287145E-02  3.87229357991599132E-01  3.92597150381218118E-01 -2.22542426367557666E-02  1.26989560520453154E-01  1.01495071795428923E-01 -3.02942347341395191E-01  4.12052859370592994E-02 -2.23776138304319860E-01 -3.19484338144537319E-02 -2.39403402146010774E-01 -3.15656002512843606E-02  1.60411140017737638E-02 -1.20335180531553926E-01 -1.96578482825096323E-01 -6.45294606838238693E-02 -3.61147186631455230E-01  1.09796661282016303E-01 -4.95785467784850553E-02 -2.26754647852279834E-01  3.40146282856403692E-01 -1.38966770252575249E-02 -4.94862180268836674E-02  3.88778753970193403E-01 -2.79711651452993593E-01 -1.20804214564995488E-01 -7.22998410529478303E-02  1.87664697462665564E-01 -3.02446850514849708E-01 -2.59892911028330564E-01  1.45064712170633242E-01 -2.87061135339180540E-01  3.07203121911375332E-01 -9.07913857688973612E-03 -6.79986650999595127E-02
  9.44487320121136370E-02  3.04978165008904900E-01 -1.57365855710942054E-01 -1.63611401425443975E-01 -1.99416426016876480E-01  1.70097092813386586E-01  1.70744131611253791E-01  1.76039268796758686E-01 -2.03537843878452245E-02 -1.27955111603906380E-01 -1.14596202920774881E-01 -9.16663984770217238E-02  7.47734947780959169E-02 -5.21890299199439869E-02  3.22318749770177035E-02 -1.21108462509515444E-01 -5.24060245369190186E-02  1.93018948634735593E-01 -1.54876071823802169E-01 -1.24426129039282449E-01  9.19552682008590999E-02  2.48911048053868170E-02 -2.23461842271994587E-01 -2.31388172354352828E-01 -4.44201425193260446E-01  2.47647564305880918E-01 -1.90161118601684664E-01  1.60207470366305671E-01  2.24642441214433879E-02 -1.94905773829224416E-01  4.51137711035417388E-01  2.40566615628767966E-01 -1.08422774858342147E-01  4.05828152447903712E-01  7.03668649029978305E-02 -1.83968070788248866E-01  2.42110588575114555E-01  6.57874925324957033E-02  2.27026308661088874E-02  1.60046920249363678E-01 -2.76413302913117234E-02
  8.27936862485796066E-02  4.32396160464313672E-01 -3.31669112393291401E-02  5.15211500280369911E-02 -1.78472077339966173E-01  1.03960934055271868E-02  4.89790626467421567E-02 -1.04770722696703886E-01 -6.55638868743971676E-02  8.84668977167093057E-02 -4.09375819221750148E-01 -4.56250803344207118E-02  2.81617512345341436E-01 -2.22467975393592782E-02  2.37109180652773865E-01  1.82191581607200004E-01 -6.94782139664067017E-02 -3.75614576908531672E-01 -5.22349605794614619E-02  8.62306473717251221E-01  1.30560287584411350E-01  1.35894889445743822E-01  1.60346828387052318E-02 -9.12550808851709666E-02  1.19733646416672501E-01 -1.58864774897769026E-02 -1.27309224109068642E-01  6.28189308121177153E-02 -2.27764924836902499E-01 -1.29484928172184849E-01 -2.98759080532561672E-01  4.16304458356719920E-02 -1.46415464390985378E-01 -3.36097146191317933E-02  2.15215096963280894E-01 -9.77449855808049245E-02  1.23297335019173115E-01  3.03757970458584603E-01 -2.14267519192369582E-01  9.27607132106008370E-02  1.30009546135495369E-01
  2.32477075179912229E-01 -3.66126109850523573E-01  2.66925256426370161E-01 -1.71815180802203538E-01  5.48600347276833461E-02  1.67968168610481305E-01 -6.22978969906117161E-02 -3.07158452017275430E-01  2.59729596135085505E-01  2.30414649812437811E-01 -1.43875879522274264E-01  1.48285293804693713E-02  2.75032274117029962E-01  5.88576329585723881E-02 -4.09135211658374298E-01  4.58433500039430314E-02 -4.66060995820914911E-02  1.40295988150347190E-01  5.87361703460098708E-02 -3.23126966706015539E-01 -8.68247006920427195E-03  1.20596503554161794E-01  3.93499962918489599E-01 -1.89801199138508903E-01 -1.69669517134403453E-01  5.28886726163456666E-02  1.93940784042593711E-01  1.19607056411888138E-01  1.23736051417448686E-01  2.32779051681748811E-01  2.53712565034598714E-01 -6.66320300385382092E-02  1.40557129724477592E-01 -1.61574583701291352E-01 -1.49361989360290645E-02 -2.55878948229004533E-01  1.22606186656831484E-01 -2.99922899565492895E-01  8.38665056974694373E-02  9.82868370539544123E-03 -2.55383840091734593E-01
  4.13546085773644143E-02  2.67245232215914175E-01  1.65920849445664847E-01  1.87720342526952327E-01 -4.58746634959282668E-02 -1.39146714849850528E-01 -5.28044910272700563E-02 -1.34141266621985278E-01  2.78287616304515761E-01  3.93170043215244680E-01 -2.75690053138175906E-01 -6.77970635695798463E-02  1.64760362174494024E-01  2.50322652218653782E-03  3.51070738370117708E-01  1.77666513573673857E-01  1.26402662230685803E-04  1.41940248331918289E-01 -7.50223996522024761E-02 -3.30534596733024710E-01 -1.53972380003230408E-01 -1.04148618298899209E-01 -2.40623221287110223E-01  6.11032611757848926E-02  1.75593035485218846E-01  3.65018264597050460E-02 -8.85506047863346933E-03 -1.78775019849816863E-01  2.25124876254589268E-01 -6.28422718903933614E-02  9.60072973618839864E-02  1.73662762392470839E-02  5.84676555942826096E-02  6.22618554330513913E-02  2.63632069562108995E-01 -2.08245645873201879E-01 -7.18052163813711619E-02  7.09147261840278598E-02  1.76860050792762465E-02 -1.46501103461061433E-01 -5.47511945781221157E-02
  2.56222999515247733E-02  4.03193075007240737E-03 -1.98442280584684855E-01 -1.79918331318806191E-01 -5.55457657442457852E-03 -6.69762594192094829E-02  3.60576868173978979E-02 -2.16603396208951388E-01  5.89367634613056635E-02 -1.54219939617252888E-01  1.60932665254409052E-01  2.53930138783639812E-02 -2.60151780681072753E-01  5.65635943346960088E-02  9.69875579616078648E-03  1.54992842843640427E-01 -2.10513409375527483E-01 -1.44937051082481366E-01  3.21953211764570923E-01  1.84569741182441012E-04 -3.36944679028319538E-02 -4.15291030552863774E-02 -2.03398881150804844E-01  2.12702408794420185E-02 -4.18646283790196139E-01  2.79144173802345519E-01 -2.11628265179468950E-01  1.65661990527723180E-01 -2.89908985896815130E-02 -2.55930234241709166E-02 -2.85913609130689708E-02 -1.62545976912530143E-01  6.83013695286882327E-02 -3.09170916753911729E-01 -1.24549061290937763E-01 -5.20416955642356849E-03  1.39465098536387180E-02 -3.81339814695017959E-02 -5.26082620873678727E-02 -3.52647753413841414E-01 -1.10081701744505739E-01
 -1.82632559836345798E-01 -1.90510105764981591E-01  1.66233558667249565E-01  1.93879060616902049E-01 -4.64402383912173256E-01 -1.28531864932974110E-01 -2.95972525937127973E-01  2.91046551678718735E-01  3.35958551118933579E-01  1.18176282616060946E-01  2.59059811933414375E-01 -7.97696250708162247E-02 -2.89887402696773600E-01 -2.52147442255863052E-01  3.82562896659656426E-02 -1.48562245243707369E-01 -8.15575172719990894E-03 -3.26222540707585065E-02  4.18099625626807525E-01  7.31900278408892380E-02  8.56076868207820973E-02  3.93450176534381413E-01 -4.24725672434652479E-01 -3.40577967363193235E-01 -1.41732994286527553E-01  2.25841630002342753E-01  9.66951632864552768E-02  6.05266439524985503E-02  2.48843823966863081E-01  2.05539233287069800E-01 -1.81809695476746191E-02  2.06449349141064081E-01  2.67957433150890378E-01  2.09770191164409342E-01 -5.19480544476982973E-03 -2.35402363347312904E-01  1.34567810060504639E-01 -7.03588864703018901E-02  6.72379310184612750E-02 -5.82515379531438893E-02 -1.24967415715481367E-01
  7.20987263202054474E-02 -5.96467737804901726E-02 -2.03085501920461264E-01 -1.15840855709039736E-01  7.23206072106914871E-02 -5.66818489030292347E-02  8.03504437277746675E-02  3.23216660755218765E-01  5.77445625177830796E-02  7.33738465381769851E-03  4.65443634923654384E-02 -2.32764727092171470E-01  2.24589871884914001E-03 -7.67404777826672796E-02 -4.51309020471878583E-02  6.99982326669209842E-02  7.85346356740242446E-02  1.74667318304522479E-01 -4.04889075758851247E-01 -7.76189206882493821E-02 -5.47643329803692638E-02  1.77537666438939562E-01 -5.23544463788506234E-02  1.64364728794355458E-02  1.04587627750962989E-01  2.47959790701125310E-01  3.25141912212738304E-02  3.55218055463294879E-01  4.38095429530019412E-02  1.56539483581198902E-01  8.35173388361086094E-02 -2.69082936741725752E-02 -2.88783634400968436E-01  1.41082716509562615E-02  8.40780194969454331E-02 -4.10479571086273740E-02 -1.69288440632948817E-01  1.46524208708749187E-01  1.30396100450466096E-01  7.64735823743674936E-02  2.02168973774772637E-01
  2.13733472303779919E-02  9.28386643022038327E-02 -2.31759426043368216E-01 -1.41779604804953219E-01  3.24866423133173821E-01 -3.50657851140735444E-02 -2.08534168471496389E-01 -4.74835695885589687E-02 -2.06602937678549814E-01  4.06178026852994700E-01  2.64378160308533956E-02  1.28230023287323414E-01  1.80325494210436199E-01  1.18643236190287923E-01 -3.83491480357635139E-01 -6.96670623641895137E-02 -8.04264542193939419E-02 -1.81129703362217731E-01 -1.58116338210302132E-01 -1.53414679239428503E-01  1.76162342862592525E-01 -2.91885482537765861E-01 -2.61103206646017161E-01 -9.86522450319839012E-02  2.48182948830689906E-02 -2.53967105582244834E-01 -1.35289838082668756E-01 -3.91873148767181642E-02 -7.82311431860578527E-02  6.37997773348948360E-02 -2.69534609679853876E-01  3.38966428917766502E-02 -1.79487068560784252E-01 -1.07248653333781627E-01 -3.45073626009417156E-01 -1.01648398135059506E-01  3.39126043956020806E-01 -2.08580739024835198E-02  2.47024998814190377E-01 -4.58520823944612507E-02  6.58940133874125339E-02
  1.31466189561624314E-01  3.63001186099100315E-01  1.48313408683452136E-01 -1.30063408343271014E-01 -2.35953702118323588E-01  1.72314229844215488E-01 -1.37342855232587158E-01  2.64853215947312010E-02 -5.13468937678860510E-02 -4.69454790386616250E-01  6.09226547363632132E-02  2.60288231502768641E-01 -1.38038381637217739E-01  3.89132892366313016E-02  5.19132373810408887E-01  1.67687462502474960E-01 -1.66055670728704974E-01 -2.34867365543896985E-02  1.66450144517501564E-01  3.37611117362999869E-01  2.18961351847361207E-01 -9.05879081125300113E-03  1.17332710622081005E-01  1.38673495800472665E-02 -1.85160051206006260E-01  1.66570602060415768E-01 -7.62764970997260316E-02  1.14520171452190608E-01  3.07261016221113438E-02 -2.00257361571147818E-02  1.27924474927200382E-01 -3.10434478856142539E-02 -9.83566822017038489E-02  1.21436382999076609E-01  3.98721590054787745E-01  1.52021503024140303E-01  3.01682625603711008E-01  2.08594152463582483E-01 -3.49135649900146561E-01 -2.86662585540063741E-01  4.14605365571370232E-01
  1.35546173379731336E-02 -1.95272786407997084E-01 -3.41768165747672159E-01  1.07743696752050047E-01 -1.31834395927942022E-01  3.59574696986553088E-01 -2.33266954634535312E-01 -9.83670321752092430E-02  6.14038821739662372E-02 -3.56644557492292014E-01  1.96233458107412606E-01 -2.07676648004424223E-02 -7.25762916059726759E-02  2.94989356501349394E-02 -1.78369064178172110E-01  2.95025177794211502E-01 -1.87051108345516803E-01  1.41669903024356586E-01  9.65319360893251016E-02  1.41516669034926740E-01 -3.70563885686892788E-02  1.10379241768859035E-01 -1.15014769280756893E-01 -1.12424576109783875E-01 -2.51638665839536479E-01  1.10979749641797257E-01 -5.05631393444518559E-02 -6.59261041626664906E-02  4.87673354903704129E-02 -1.37351122853245855E-01  9.47657318377099177E-03  4.82474833417071425E-02  5.23418619634359594E-02  1.35064591618770536E-02 -2.20261651064723285E-01  2.56730061561211753E-01 -4.02852363958950743E-01  7.22035777888753970E-03  5.52346120943954799E-02 -1.82764075335259624E-01 -5.04189068487725933E-01
  3.09769394567662448E-01  2.46087140491505929E-01 -3.51361031152555847E-01 -1.59683754210915990E-01  3.71055965539561550E-01  1.21736826421114733E-01  2.92817842627476682E-03 -2.86260276578096440E-01 -2.24217402611469052E-01  3.70029878306569915E-01 -4.12028321912536410E-01 -2.38538630513367850E-01  5.41404800456742816E-02 -1.18402052500695992E-01 -2.78359537539883906E-01  3.11038269218225916E-01  2.91796896511449633E-01  3.39203877697289713E-02  2.56572814265164130E-02  4.08077906371327903E-01  2.21811243745272502E-01  1.56222067320762575E-01  6.89307846651908251E-01 -3.16419200837023851E-01  4.17279157459826078E-01  1.28274287466242004E-01 -4.48988821892716383E-01  1.70222675355507114E-01 -2.07658569464941128E-01  2.18347500688489751E-02  2.25777960397611221E-01 -8.04666189544751831E-03  5.41203203221922793E-03  2.92680210049676759E-01  3.91454469479756706E-01  6.78808473969493426E-02  3.01595616412550838E-01  1.29467375163025561E-01 -1.26081218140920437E-01  3.17371145928828438E-02  5.80655024412293427E-02
  2.96825222385544360E-02 -4.01256130888008211E-01  3.78363467094957495E-01  1.37785413859599998E-01 -2.01865759178764453E-01  2.46694021066929253E-01  4.35344558237816981E-01  9.70189641077657816E-02  4.59947208211108072E-02 -3.01727241412903024E-01  2.01919091407155499E-01 -2.65079868305612809E-01 -1.94233570630470226E-01 -1.15636949496169469E-01  3.14717508745720131E-01  1.89439977782666524E-01  2.38526039220336411E-01 -2.49088540110476396E-02  1.37938629972673837E-01 -1.53859861706395262E-01 -1.22665569063395208E-01  7.67148460033314356E-02  2.43161091441499166E-01 -5.79063744091214624E-02  1.89175957010990714E-01  1.53287763686078993E-01  6.40380937449040039E-02 -2.65688873913529244E-01  1.33327991296102039E-01  3.70081507438519350E-02 -3.95593154804716463E-02  2.30009645928558992E-01  2.63344479723685743E-01  2.11139090008824026E-01  1.06995822445171224E-01 -1.26381145178361076E-01  3.38229093843132322E-02 -3.49985592503013587E-01 -1.49302051038394945E-01  1.45635874870859189E-01 -6.23204257694578365E-02
 -6.68316389989625798E-03 -1.44689193985934744E-01 -6.68249393330369451E-02 -1.21908630291251277E-01 -1.39455522330370896E-01 -7.23212380761583395E-02 -1.08163832062995416E-01  1.40149813026544084E-01  8.25345543902005208E-02  6.36921517076864396E-02 -8.02744429174324231E-03  8.23372669214552100E-02 -2.23619627411217048E-01  6.04642626618437373E-02  3.23693252398669293E-02  5.69718784804256403E-02  1.04620879854893670E-01 -1.68258723845938568E-01 -1.18873604386938309E-01 -3.75269962607300209E-02  2.03946556566722115E-01  2.26121787043835898E-02 -1.67447941741617999E-02  1.16110410981642390E-01 -1.90852397881092595E-01 -5.40946078401367270E-02 -1.51155868411627453E-01  5.28239936229670595E-02 -1.40292201228032404E-01 -1.56677065667919807E-01  1.16387574343397360E-01  1.45983039781797858E-01 -1.62692081475040856E-01 -1.41885671999477381E-02 -1.13759718107656616E-01 -3.82588908683615836E-01  2.26136237865783463E-01  2.38185546975057810E-01 -6.06859750266656450E-02  2.91469964903718487E-02 -2.06363792170426025E-01
 -1.50014350937149737E-01 -2.11112702462043604E-02 -8.96232014828029361E-02 -7.47793214419125024E-02  8.72476598136568415E-02 -2.71749920276557208E-03  2.39173508577960436E-01  4.47342063381641175E-01  1.09275512442616338E-01 -1.84439914600718013E-01  9.16673810399334411E-03  3.81496379010497003E-02  8.29887902271399663E-02  3.60950224916529267E-03 -2.18492997551959389E-01  1.06960511582494533E-01 -1.50701481930125808E-01  9.99810394772338712E-02  1.08823091593002380E-01 -3.20220972051441788E-01  2.54088753491843566E-01  1.35634313062605566E-01  1.92132819165843377E-01  5.11931906335720943E-01  4.76381772349480370E-02 -1.96983796709419533E-02 -3.84823214876364728E-01  3.24207581940060274E-01 -5.81976981463786375E-02 -6.79240446788046820E-02  1.19138737587552654E-01 -3.16620898528538142E-01  1.04715728325926183E-01  2.56362661724024554E-01  2.28165147314125065E-02 -5.39506188607127499E-02 -2.53312522204687363E-01 -2.44428692901039440E-01 -2.63326584577123074E-02 -1.51832504336414292E-01  6.27555267570588798E-02
 -2.92741818846420088E-02 -2.59305765345873629E-01  2.57288238843967065E-02 -2.53063478320135482E-01 -1.44771050953009777E-02 -5.95340638929426416E-02 -1.05477112618916347E-01 -1.51449618255450835E-01  1.34741438651193784E-01  3.58616741429572785E-03  2.12393469588840089E-01 -7.83950058853186971E-02 -1.82343129606460132E-02 -6.59277146891087962E-02 -2.74142615433594417E-01  1.48740238320480889E-01  8.92709375992975923E-02  4.58193142075315404E-02  9.92350522793266215E-02  6.01273967000864329E-02  2.80331913598495686E-01  3.42732910262039225E-01  1.86975407553577277E-01 -4.18120587691975382E-02 -1.09493956974955106E-01 -1.35461225619992118E-02  2.87999957985889676E-01  9.45589037481862210E-02 -4.56863303435202164E-02  1.24630850397290313E-01 -2.59776673957185476E-02  4.42521421186610198E-01 -1.08079305272753667E-01 -1.77030513731899798E-02  1.14658244021802858E-01 -7.76995341351853358E-02  1.38537803738029239E-02 -1.82589997497752649E-01 -3.09358635248613456E-01 -2.01377996101227974E-01  7.19543897566316398E-02
 -1.64687491264082830E-01  2.55291260566111768E-02  1.47330478452288777E-01  1.41884267734335712E-01 -8.35191511751026960E-02  5.09825258535278811E-02  1.16832713713209357E-01  3.55423565546920783E-01  1.29581736084718763E-01  6.22092180544708134E-02  3.37936471671582583E-01 -4.42611027092341177E-03 -2.27328312481999056E-01  3.66156951998222679E-01 -1.24843241437497851E-01 -1.88056512246080002E-03 -1.72621917422553423E-01  2.05281448656891213E-01 -1.40679752806746244E-01 -3.35188059475441003E-01  7.04232113044438723E-02 -2.35290222289764733E-01 -2.05384956754842224E-01  2.17600114103287029E-01 -3.06562463624280468E-01 -5.85627441352625233E-01  1.17124689628865311E-01 -4.40591751947373642E-02 -2.66971369331038266E-01  2.26159930073548759E-01 -1.58227417124964354E-01  1.32340783402850853E-01  1.09468666315372578E-02  2.08186730742323856E-01 -5.01468422024132082E-02  1.68980195358883867E-01  7.86342872909811946E-02 -3.30775359294093407E-01  6.27573308068402613E-02  1.16422364209461306E-02 -5.86206152491611995E-02
 -5.10581118312510573E-02 -2.88457617481155349E-03 -1.53288218457533126E-01 -1.28150384054690591E-01  1.36517586973895766E-01  1.43996007073655757E-01 -3.88832069037937988E-01  1.48037731967705810E-01 -8.91008146964663780E-03  3.13355712378069529E-01 -6.50120226725952599E-02  1.92713718048484306E-01 -3.82972152656712184E-03  1.77759655207932465E-01  1.35607298643691809E-01 -5.46025809474624646E-01 -1.44185158406370695E-01 -4.13267775526577397E-01  2.56199917433439284E-01  1.66559840330555486E-01  2.29316565809469103E-01 -1.59619860552471293E-01 -8.34010045947804757E-02  1.89404286143173811E-01 -5.16328770984980784E-02  3.46784044144678796E-02  7.46184877082153586E-02  2.43469770296292437E-01 -8.73392781558342129E-02  1.12025187838442342E-02  6.56941107820160491E-02 -3.33778956811930649E-02 -3.22246001385036285E-01 -1.66752806821822752E-01 -1.46383415902349490E-01  9.13931542222519259E-03 -1.56110356471015954E-01 -2.54075715731864549E-01  5.07419369139659390E-02  5.12731968368202659E-02  6.80534824208554046E-02
  9.82058574331705070E-02 -5.04582916772551709E-02  2.71603091837597177E-01 -2.76609557981076337E-01 -1.98211156921126452E-01  1.95789716722278406E-01  3.99056438575739525E-01  1.46018493040250795E-02  2.71333063930690732E-01 -7.57861505669733815E-02 -3.47080600548331716E-02  2.46042135207739585E-02 -2.16370058002513355E-01 -1.14471680890795950E-02  3.64847484708832770E-01  1.31270445786823398E-01  2.13610490942723108E-01  3.36333776679855090E-01  1.86625922382196233E-02  1.05757417140648582E-01  2.36059482854966918E-01 -9.67635504805923301E-03 -4.18170011748578985E-02  6.82818671268038274E-02  9.47628466622905952E-02  2.34307641429625596E-01  1.25195263162950265E-01  7.17732749299216932E-02 -5.38334006571779527E-03  2.17923679139556792E-01  9.65528391723897150E-02 -2.84430877099231226E-02 -8.13975166781835818E-02  1.97464341608594995E-01  2.66602326129558254E-01  7.97749706028243327E-02  1.97524037027084737E-01 -6.54509921950186119E-02 -8.11056889398707459E-02 -2.29551885528288202E-01 -1.71445465571556072E-01
 #l=           5
  2.86609148440808981E-01  6.91049597299229879E-01 -3.39935480303273196E-01  3.63410377703014265E-01  5.97555286040094558E-01 -1.02300908882325792E+00 -8.58208093157520224E-01  1.17635415922336284E-01 -2.99465493638987057E-01  2.19560626988766078E-01 -6.23021782028565507E-01  3.98806989883317420E-01  5.70267405444072284E-01 -1.12664324839692176E+00 -5.44769177859892650E-01  2.56146898117578070E-01 -5.91999451473196658E-01  1.87643043317182068E-01 -2.44279979825258203E-01 -2.54947254503168963E-01 -2.22412129924514562E-01  2.46215675869350115E-01 -9.09209402013475554E-01  3.66522268741203971E-02  2.39758832378875963E-01  8.68816911255167135E-01  5.69676698954911354E-01 -1.25630530777487676E-01 -1.41978347119163817E+00  1.50693053270757240E-02  1.29379801265847916E-01 -1.52763214611617865E-02 -2.00661032028346176E-01  1.25621312675525121E+00  6.43684862872880958E-01 -2.10190817466757357E-01 -8.16591113741471225E-02 -1.89146031836330553E-01 -5.14516086502610381E-01 -2.57440536549126908E-01  1.78912705700228186E-01
  2.86043156550494088E-02  8.14585239460662580E-02  2.24499993722958535E-01 -2.54790391753710217E-02 -2.36844577889194184E-02 -7.32851576159837398E-02 -1.15380016115347581E-01 -3.49885490948347588E-01 -1.49231717940013553E-01 -2.73038519298769267E-01  2.06568574268273519E-01 -2.43911955106181827E-01 -1.13529805036786280E-01 -1.39584398704458920E-02  2.56344393912831883E-02 -7.27245366938678115E-03 -2.56488308220212610E-02  3.18942881235675380E-01  9.74949778821015446E-03 -1.77193625688545714E-01  4.18070920059682779E-04  3.41016716744054815E-01 -2.70856450832274095E-02 -1.96995940668795888E-01  8.17119535709194371E-03 -6.12101103993744691E-02 -1.49302541380611962E-03 -7.39808808660689411E-04 -3.62596218433142506E-03 -3.55048549843170816E-03  4.56106707419648705E-01  1.63900465403054002E-01 -4.28728704559091199E-03 -8.45618285233678060E-03 -2.87542141511615057E-01 -1.87031978805050729E-02  1.55927556030971523E-04  5.65786932449528421E-02  3.50893729591194529E-03 -1.33478934746046107E-01  2.34168443466037074E-01
 -3.25515096343497567E-01 -4.29120899724930588E-02 -8.11709977297951774E-02 -2.92198068066681672E-02  9.47412870736611956E-02  7.32315457400234959E-02  1.22446951986027619E-01  2.87949819806816894E-02  3.76341974823593717E-01 -1.73251789124496208E-01  1.88481070665831724E-02  3.45000626935934140E-01 -2.64742365304177496E-01  3.26622374362847898E-02  7.44554432705208658E-02  4.13194745960894561E-01  1.91888409475581023E-03 -8.60806719723322122E-02  1.99679669421619788E-03 -4.63773396562574658E-01  5.63557137857879920E-02  8.93904843403050681E-02 -3.39232736556996428E-01 -2.10278746297630215E-01  3.59427786787731574E-01 -3.55577842588407633E-01 -7.14305413797658717E-02  2.72966588636818670E-02  6.79046809478910107E-02 -3.78708458735700151E-02 -2.89382392473582911E-02 -2.61522181057280423E-01  3.66756614875011142E-02  1.70317034099395637E-02 -1.20070810406883013E-01  1.46356638174210594E-03 -3.55951143174838835E-02  4.32643848133299896E-02 -1.10382003910428239E-01  2.07153948441660934E-01 -2.00176279461851958E-01
