   -4.9375000000E-01   -5.0000000000E-01    2.6031064698E+00    4.0351132339E-05   -7.9216389606E-01    2.6093765914E+00    3.0230741069E-17   -7.9504650646E-01
   -4.9375000000E-01    1.5000000000E+00    2.5894588856E+00   -1.4699769153E-03   -7.9577810294E-01    2.6093765914E+00   -9.0692223207E-17   -7.9504650646E-01
   -5.0000000000E-01   -4.9166666667E-01    2.5984424658E+00    1.3264151307E-02   -8.0891678695E-01    2.6168808094E+00    1.2997326400E-02   -8.1074196665E-01
    1.0000000000E+00   -4.9166666667E-01    1.3917184713E+00    3.6471174621E-03    4.3000697405E-01    1.3809405513E+00    3.0621976929E-03    4.2724286259E-01
   -4.8125000000E-01   -5.0000000000E-01    2.5841985514E+00    1.2495277270E-04   -7.6214682492E-01    2.5901051353E+00    2.9868743510E-17   -7.6421717070E-01
   -4.8125000000E-01    1.5000000000E+00    2.5732270443E+00   -1.3133855393E-03   -7.6595353660E-01    2.5901051353E+00   -8.9606230529E-17   -7.6421717070E-01
   -5.0000000000E-01   -4.7500000000E-01    2.5636754695E+00    3.9547706298E-02   -8.1146571900E-01    2.5991659249E+00    3.8849577772E-02   -8.1074196665E-01
    1.0000000000E+00   -4.7500000000E-01    1.3865281910E+00    1.0396047175E-02    4.2862841896E-01    1.3767668869E+00    9.1530430001E-03    4.2724286259E-01
   -4.6875000000E-01   -5.0000000000E-01    2.5653232635E+00    1.9845379256E-04   -7.3267450454E-01    2.5710644450E+00    2.9511080685E-17   -7.3412174521E-01
   -4.6875000000E-01    1.5000000000E+00    2.5568018512E+00   -1.1672138042E-03   -7.3656828471E-01    2.5710644450E+00   -8.8533242054E-17   -7.3412174521E-01
   -5.0000000000E-01   -4.5833333333E-01    2.5193445127E+00    6.5212264831E-02   -8.1332293248E-01    2.5639302438E+00    6.4276185041E-02   -8.1074196665E-01
    1.0000000000E+00   -4.5833333333E-01    1.3773566700E+00    1.6694718949E-02    4.2749011087E-01    1.3684652856E+00    1.5143605653E-02    4.2724286259E-01
   -4.5625000000E-01   -5.0000000000E-01    2.5465187200E+00    2.6137154742E-04   -7.0375965249E-01    2.5522517572E+00    2.9157700688E-17   -7.0474275885E-01
   -4.5625000000E-01    1.5000000000E+00    2.5402159472E+00   -1.0301869176E-03   -7.0765372918E-01    2.5522517572E+00   -8.7473102063E-17   -7.0474275885E-01
   -5.0000000000E-01   -4.4166666667E-01    2.4644911232E+00    8.9950323860E-02   -8.1455293095E-01    2.5115598158E+00    8.8998568976E-02   -8.1074196665E-01
    1.0000000000E+00   -4.4166666667E-01    1.3642627941E+00    2.2551553804E-02    4.2658187618E-01    1.3561267016E+00    2.0968251793E-02    4.2724286259E-01
   -4.4375000000E-01   -5.0000000000E-01    2.5278195035E+00    3.1429365183E-04   -6.7541192482E-01    2.5336643416E+00    2.8808552234E-17   -6.7606315635E-01
   -4.4375000000E-01    1.5000000000E+00    2.5235019304E+00   -9.0121012300E-04   -6.7923675820E-01    2.5336643416E+00   -8.6425656703E-17   -6.7606315635E-01
   -5.0000000000E-01   -4.2500000000E-01    2.3982737654E+00    1.1349197571E-01   -8.1524565342E-01    2.4426284221E+00    1.1274586596E-01   -8.1074196665E-01
    1.0000000000E+00   -4.2500000000E-01    1.3473415348E+00    2.7974849986E-02    4.2589037455E-01    1.3398863189E+00    2.6563165378E-02    4.2724286259E-01
   -4.3125000000E-01   -5.0000000000E-01    2.5092565602E+00    3.5785952047E-04   -6.4763815889E-01    2.5152995007E+00    2.8463584654E-17   -6.4806628848E-01
   -4.3125000000E-01    1.5000000000E+00    2.5066920389E+00   -7.7936542098E-04   -6.5133984804E-01    2.5152995007E+00   -8.5390753962E-17   -6.4806628848E-01
   -5.0000000000E-01   -4.0833333333E-01    2.3200124005E+00    1.3561086974E-01   -8.1550566092E-01    2.3578912895E+00    1.3525789565E-01   -8.1074196665E-01
    1.0000000000E+00   -4.0833333333E-01    1.3267254215E+00    3.2971139540E-02    4.2539966657E-01    1.3199220706E+00    3.1867047365E-02    4.2724286259E-01
   -4.1875000000E-01   -5.0000000000E-01    2.4908571665E+00    3.9274371578E-04   -6.2044261855E-01    2.4971545694E+00    2.8122747883E-17   -6.2073590234E-01
   -4.1875000000E-01    1.5000000000E+00    2.4898178423E+00   -6.6390539054E-04   -6.2398121368E-01    2.4971545694E+00   -8.4368243648E-17   -6.2073590234E-01
   -5.0000000000E-01   -3.9166666667E-01    2.2292323299E+00    1.5612365911E-01   -8.1544075257E-01    2.2582768158E+00    1.5628801153E-01   -8.1074196665E-01
    1.0000000000E+00   -3.9166666667E-01    1.3025866385E+00    3.7543790994E-02    4.2509170383E-01    1.2964526891E+00    3.6821787313E-02    4.2724286259E-01
   -4.0625000000E-01   -5.0000000000E-01    2.4726449591E+00    4.1964119457E-04   -5.9382723722E-01    2.4792269143E+00    2.7785992456E-17   -5.9405613195E-01
   -4.0625000000E-01    1.5000000000E+00    2.4729099524E+00   -5.5424437212E-04   -5.9717501598E-01    2.4792269143E+00   -8.3357977369E-17   -5.9405613195E-01
   -5.0000000000E-01   -3.7500000000E-01    2.1257079228E+00    1.7488376043E-01   -8.1515182972E-01    2.1448763980E+00    1.7560580325E-01   -8.1074196665E-01
    1.0000000000E+00   -3.7500000000E-01    1.2751392267E+00    4.1691916660E-02    4.2494674224E-01    1.2697353099E+00    4.1373100053E-02    4.2724286259E-01
   -3.9375000000E-01   -5.0000000000E-01    2.4546400227E+00    4.3925446894E-04   -5.6779185541E-01    2.4615139336E+00    2.7453269503E-17   -5.6801148902E-01
   -3.9375000000E-01    1.5000000000E+00    2.4559977567E+00   -4.4994732599E-04   -5.7093161304E-01    2.4615139336E+00   -8.2359808508E-17   -5.6801148902E-01
   -5.0000000000E-01   -3.5833333333E-01    2.0095062805E+00    1.9177117266E-01   -8.1472532298E-01    2.0189324748E+00    1.9299962104E-01   -8.1074196665E-01
    1.0000000000E+00   -3.5833333333E-01    1.2446408161E+00    4.5409635266E-02    4.2494369432E-01    1.2400626542E+00    4.5471120451E-02    4.2724286259E-01
   -3.8125000000E-01   -5.0000000000E-01    2.4368590233E+00    4.5228263517E-04   -5.4233444998E-01    2.4440130567E+00    2.7124530735E-17   -5.4258685398E-01
   -3.8125000000E-01    1.5000000000E+00    2.4391091812E+00   -3.5071672331E-04   -5.4525784378E-01    2.4440130567E+00   -8.1373592206E-17   -5.4258685398E-01
   -5.0000000000E-01   -3.4166666667E-01    1.8810290715E+00    2.0668059409E-01   -8.1422881944E-01    1.8818249141E+00    2.0827889459E-01   -8.1074196665E-01
    1.0000000000E+00   -3.4166666667E-01    1.2113933378E+00    4.8685736190E-02    4.2506044654E-01    1.2077598219E+00    4.9070949738E-02    4.2724286259E-01
   -3.6875000000E-01   -5.0000000000E-01    2.4193153826E+00    4.5941217706E-04   -5.1745135305E-01    2.4267217438E+00    2.6799728445E-17   -5.1776746717E-01
   -3.6875000000E-01    1.5000000000E+00    2.4222704862E+00   -2.5637785672E-04   -5.2015733260E-01    2.4267217438E+00   -8.0399185336E-17   -5.1776746717E-01
   -5.0000000000E-01   -3.2500000000E-01    1.7410481006E+00    2.1951014538E-01   -8.1370986687E-01    1.7350558952E+00    2.2127622099E-01   -8.1074196665E-01
    1.0000000000E+00   -3.2500000000E-01    1.1757422523E+00    5.1503786716E-02    4.2527417284E-01    1.1731807294E+00    5.2133147431E-02    4.2724286259E-01
   -3.5625000000E-01   -5.0000000000E-01    2.4020194802E+00    4.6130941830E-04   -4.9313745907E-01    2.4096374855E+00    2.6478815495E-17   -4.9353892030E-01
   -3.5625000000E-01    1.5000000000E+00    2.4055060964E+00   -1.6686297394E-04   -4.9563080531E-01    2.4096374855E+00   -7.9436446486E-17   -4.9353892030E-01
   -5.0000000000E-01   -3.0833333333E-01    1.5907275858E+00    2.3015274746E-01   -8.1319742212E-01    1.5802334501E+00    2.3184919881E-01   -8.1074196665E-01
    1.0000000000E+00   -3.0833333333E-01    1.1380739789E+00    5.3842713784E-02    4.2556167460E-01    1.1367042327E+00    5.4624163451E-02    4.2724286259E-01
   -3.4375000000E-01   -5.0000000000E-01    2.3849788799E+00    4.5861447705E-04   -4.6938641921E-01    2.3927578024E+00    2.6161745313E-17   -4.6988714809E-01
   -3.4375000000E-01    1.5000000000E+00    2.3888384678E+00   -8.2194640958E-05   -4.7167640784E-01    2.3927578024E+00   -7.8485235939E-17   -4.6988714809E-01
   -5.0000000000E-01   -2.9166666667E-01    1.4316248230E+00    2.3849172646E-01   -8.1270511862E-01    1.4190538459E+00    2.3988198829E-01   -8.1074196665E-01
    1.0000000000E+00   -2.9166666667E-01    1.0988113966E+00    5.5677872256E-02    4.2589977056E-01    1.0987299757E+00    5.6516705706E-02    4.2724286259E-01
   -3.3125000000E-01   -5.0000000000E-01    2.3681985694E+00    4.5193656648E-04   -4.4619082215E-01    2.3760802448E+00    2.5848471883E-17   -4.4679842009E-01
   -3.3125000000E-01    1.5000000000E+00    2.3722879902E+00   -2.4687320046E-06   -4.4829002063E-01    2.3760802448E+00   -7.7545415648E-17   -4.4679842009E-01
   -5.0000000000E-01   -2.7500000000E-01    1.2656620086E+00    2.4440159483E-01   -8.1223545649E-01    1.2532830000E+00    2.4528658051E-01   -8.1074196665E-01
    1.0000000000E+00   -2.7500000000E-01    1.0584074929E+00    5.6982579591E-02    4.2626574845E-01    1.0596740125E+00    5.7790039106E-02    4.2724286259E-01
   -3.1875000000E-01   -5.0000000000E-01    2.3516812083E+00    4.4185048251E-04   -4.2354236130E-01    2.3596023924E+00    2.5538949740E-17   -4.2425933269E-01
   -3.1875000000E-01    1.5000000000E+00    2.3558729257E+00    7.2162576304E-05   -4.2546556314E-01    2.3596023924E+00   -7.6616849221E-17   -4.2425933269E-01
   -5.0000000000E-01   -2.5833333333E-01    1.0950658740E+00    2.4775421759E-01   -8.1178412702E-01    1.0847371326E+00    2.4800376162E-01   -8.1074196665E-01
    1.0000000000E+00   -2.5833333333E-01    1.0173374233E+00    5.7730052161E-02    4.2663787511E-01    1.0199642483E+00    5.8430212744E-02    4.2724286259E-01
   -3.0625000000E-01   -5.0000000000E-01    2.3354273793E+00    4.2889412408E-04   -4.0143198811E-01    2.3433218538E+00    2.5233133966E-17   -4.0225680138E-01
   -3.0625000000E-01    1.5000000000E+00    2.3396093803E+00    1.4150745861E-04   -4.0319528419E-01    2.3433218538E+00   -7.5699401899E-17   -4.0225680138E-01
   -5.0000000000E-01   -2.4166666667E-01    9.2227781831E-01    2.4842973950E-01   -8.1134390111E-01    9.1526286742E-01    2.4800376162E-01   -8.1074196665E-01
    1.0000000000E+00   -2.4166666667E-01    9.7608939930E-01    5.7895625303E-02    4.2699594490E-01    9.8003575167E-01    5.8430212744E-02    4.2724286259E-01
   -2.9375000000E-01   -5.0000000000E-01    2.3194358352E+00    4.1356690002E-04   -3.7985005182E-01    2.3272362662E+00    2.4930980179E-17   -3.8077805314E-01
   -2.9375000000E-01    1.5000000000E+00    2.3235113071E+00    2.0535043002E-04   -3.8147003499E-01    2.3272362662E+00   -7.4792940537E-17   -3.8077805314E-01
   -5.0000000000E-01   -2.2500000000E-01    7.4984367487E-01    2.4633079091E-01   -8.1090775763E-01    7.4671700001E-01    2.4528658051E-01   -8.1074196665E-01
    1.0000000000E+00   -2.2500000000E-01    9.3515492049E-01    5.7459086434E-02    4.2732183213E-01    9.4032598749E-01    5.7790039106E-02    4.2724286259E-01
   -2.8125000000E-01   -5.0000000000E-01    2.3037037413E+00    3.9632888780E-04   -3.5878642578E-01    2.3113432953E+00    2.4632444527E-17   -3.5981061900E-01
   -2.8125000000E-01    1.5000000000E+00    2.3075905378E+00    2.6346739949E-04   -3.6027952291E-01    2.3113432953E+00   -7.3897333582E-17   -3.5981061900E-01
   -5.0000000000E-01   -2.0833333333E-01    5.8029693327E-01    2.4139775716E-01   -8.1047113254E-01    5.8094615415E-01    2.3988198829E-01   -8.1074196665E-01
    1.0000000000E+00   -2.0833333333E-01    8.9501890609E-01    5.6406910443E-02    4.2760000284E-01    9.0127002427E-01    5.6516705706E-02    4.2724286259E-01
   -2.6875000000E-01   -5.0000000000E-01    2.2882269064E+00    3.7760062217E-04   -3.3823062099E-01    2.2956406345E+00    2.4337483687E-17   -3.3934232683E-01
   -2.6875000000E-01    1.5000000000E+00    2.2918568400E+00    3.1563955920E-04   -3.3961254471E-01    2.2956406345E+00   -7.3012451060E-17   -3.3934232683E-01
   -5.0000000000E-01   -1.9166666667E-01    4.1605050741E-01    2.3362249344E-01   -8.1003329735E-01    4.1976654991E-01    2.3184919881E-01   -8.1074196665E-01
    1.0000000000E+00   -1.9166666667E-01    8.5615026792E-01    5.4734172113E-02    4.2781793856E-01    8.6329576734E-01    5.4624163451E-02    4.2724286259E-01
   -2.5625000000E-01   -5.0000000000E-01    2.2730000034E+00    3.5776340551E-04   -3.1817188717E-01    2.2801260049E+00    2.4046054850E-17   -3.1936129427E-01
   -2.5625000000E-01    1.5000000000E+00    2.2763179973E+00    3.6166592633E-04   -3.1945719888E-01    2.2801260049E+00   -7.2138164551E-17   -3.1936129427E-01
   -5.0000000000E-01   -1.7500000000E-01    2.5930966266E-01    2.2305797914E-01   -8.0959793141E-01    2.6494410478E-01    2.2127622099E-01   -8.1074196665E-01
    1.0000000000E+00   -1.7500000000E-01    8.1899340711E-01    5.2445931196E-02    4.2796643046E-01    8.2681927058E-01    5.2133147431E-02    4.2724286259E-01
   -2.4375000000E-01   -5.0000000000E-01    2.2580167741E+00    3.3716004472E-04   -2.9859930214E-01    2.2647971551E+00    2.3758115724E-17   -2.9985592182E-01
   -2.4375000000E-01    1.5000000000E+00    2.2609799075E+00    4.0137439695E-04   -2.9980107707E-01    2.2647971551E+00   -7.1274347172E-17   -2.9985592182E-01
   -5.0000000000E-01   -1.5833333333E-01    1.1201360343E-01    2.0982209518E-01   -8.0917297208E-01    1.1817508586E-01    2.0827889459E-01   -8.1074196665E-01
    1.0000000000E+00   -1.5833333333E-01    7.8396102450E-01    4.9557944483E-02    4.2803971496E-01    7.9224017813E-01    4.9070949738E-02    4.2724286259E-01
   -2.3125000000E-01   -5.0000000000E-01    2.2432702209E+00    3.1609593226E-04   -2.7950185011E-01    2.2496518604E+00    2.3473624520E-17   -2.8081488610E-01
   -2.3125000000E-01    1.5000000000E+00    2.2458466982E+00    4.3463121394E-04   -2.8063143512E-01    2.2496518604E+00   -7.0420873561E-17   -2.8081488610E-01
   -5.0000000000E-01   -1.4166666667E-01   -2.4192645566E-02    1.9409484376E-01   -8.0876984669E-01   -1.8932474770E-02    1.9299962104E-01   -8.1074196665E-01
    1.0000000000E+00   -1.4166666667E-01    7.5142851786E-01    4.6096648493E-02    4.2803544073E-01    7.5993734577E-01    4.5471120451E-02    4.2724286259E-01
   -2.1875000000E-01   -5.0000000000E-01    2.2287527814E+00    2.9484040066E-04   -2.6086848964E-01    2.2346879228E+00    2.3192539953E-17   -2.6222713333E-01
   -2.1875000000E-01    1.5000000000E+00    2.2309208546E+00    4.6134878956E-04   -2.6193534456E-01    2.2346879228E+00   -6.9577619858E-17   -2.6222713333E-01
   -5.0000000000E-01   -1.2500000000E-01   -1.4795932408E-01    1.7610961542E-01   -8.0840222742E-01   -1.4487639798E-01    1.7560580325E-01   -8.1074196665E-01
    1.0000000000E+00   -1.2500000000E-01    7.2173010709E-01    4.2098460075E-02    4.2795447630E-01    7.3026469009E-01    4.1373100053E-02    4.2724286259E-01
   -2.0625000000E-01   -5.0000000000E-01    2.2144564877E+00    2.7362828991E-04   -2.4268821193E-01    2.2199031706E+00    2.2914821228E-17   -2.4408187283E-01
   -2.0625000000E-01    1.5000000000E+00    2.2162033581E+00    4.8149185950E-04   -2.4369982545E-01    2.2199031706E+00   -6.8744463683E-17   -2.4408187283E-01
   -5.0000000000E-01   -1.0833333333E-01   -2.5821223645E-01    1.5614018509E-01   -8.0808449452E-01   -2.5827681580E-01    1.5628801153E-01   -8.1074196665E-01
    1.0000000000E+00   -1.0833333333E-01    6.9515669044E-01    3.7608538907E-02    4.2780058549E-01    7.0354731090E-01    3.6821787313E-02    4.2724286259E-01
   -1.9375000000E-01   -5.0000000000E-01    2.2003731094E+00    2.5266167691E-04   -2.2495009033E-01    2.2052954582E+00    2.2640428042E-17   -2.2636857081E-01
   -1.9375000000E-01    1.5000000000E+00    2.2016938321E+00    4.9508197753E-04   -2.2591196166E-01    2.2052954582E+00   -6.7921284125E-17   -2.2636857081E-01
   -5.0000000000E-01   -9.1666666667E-02   -3.5411955078E-01    1.3448571422E-01   -8.0783012210E-01   -3.5789128950E-01    1.3525789565E-01   -8.1074196665E-01
    1.0000000000E+00   -9.1666666667E-02    6.7195530143E-01    3.2679224924E-02    4.2758000975E-01    6.8007792942E-01    3.1867047365E-02    4.2724286259E-01
   -1.8125000000E-01   -5.0000000000E-01    2.1864942813E+00    2.3211172349E-04   -2.0764332167E-01    2.1908626657E+00    2.2369320573E-17   -2.0907694426E-01
   -1.8125000000E-01    1.5000000000E+00    2.1873906923E+00    5.0220038836E-04   -2.0855899979E-01    2.1908626657E+00   -6.7107961718E-17   -2.0907694426E-01
   -5.0000000000E-01   -7.5000000000E-02   -4.3505197720E-01    1.1145605993E-01   -8.0765019638E-01   -4.4262842209E-01    1.1274586596E-01   -8.1074196665E-01
    1.0000000000E+00   -7.5000000000E-02    6.5232991980E-01    2.7368390897E-02    4.2730100148E-01    6.6011368108E-01    2.6563165378E-02    4.2724286259E-01
   -1.6875000000E-01   -5.0000000000E-01    2.1728116159E+00    2.1212060692E-04   -1.9075726031E-01    2.1766026984E+00    2.2101459476E-17   -1.9219695494E-01
   -1.6875000000E-01    1.5000000000E+00    2.1732913010E+00    5.0298934184E-04   -1.9162843286E-01    2.1766026984E+00   -6.6304378428E-17   -1.9219695494E-01
   -5.0000000000E-01   -5.8333333333E-02   -5.0054203170E-01    8.7359241046E-02   -8.0755223686E-01   -5.1155981579E-01    8.8998568976E-02   -8.1074196665E-01
    1.0000000000E+00   -5.8333333333E-02    6.3644330274E-01    2.1737931520E-02    4.2697335075E-01    6.4387329839E-01    2.0968251793E-02    4.2724286259E-01
   -1.5625000000E-01   -5.0000000000E-01    2.1593168013E+00    1.9280350205E-04   -1.7428144551E-01    2.1625134869E+00    2.1836805878E-17   -1.7571880359E-01
   -1.5625000000E-01    1.5000000000E+00    2.1593921198E+00    4.9765193330E-04   -1.7510806983E-01    2.1625134869E+00   -6.5510417635E-17   -1.7571880359E-01
   -5.0000000000E-01   -4.1666666667E-02   -5.5024669354E-01    6.2492200695E-02   -8.0753942784E-01   -5.6393024384E-01    6.4276185041E-02   -8.1074196665E-01
    1.0000000000E+00   -4.1666666667E-02    6.2441945405E-01    1.5852551360E-02    4.2660794002E-01    6.3153471436E-01    1.5143605653E-02    4.2724286259E-01
   -1.4375000000E-01   -5.0000000000E-01    2.1460016859E+00    1.7425058966E-04   -1.5820562294E-01    2.1485929864E+00    2.1575321371E-17   -1.5963292422E-01
   -1.4375000000E-01    1.5000000000E+00    2.1456888629E+00    4.8645057355E-04   -1.5898609209E-01    2.1485929864E+00   -6.4725964113E-17   -1.5963292422E-01
   -5.0000000000E-01   -2.5000000000E-02   -5.8391646480E-01    3.7135262534E-02   -8.0761029954E-01   -5.9916592486E-01    3.8849577772E-02   -8.1074196665E-01
    1.0000000000E+00   -2.5000000000E-02    6.1634634165E-01    9.7789286787E-03    4.2621635082E-01    6.2323311311E-01    9.1530430001E-03    4.2724286259E-01
   -1.3125000000E-01   -5.0000000000E-01    2.1328583502E+00    1.5652906907E-04   -1.4251976095E-01    2.1348391768E+00    2.1316968006E-17   -1.4392997858E-01
   -1.3125000000E-01    1.5000000000E+00    2.1321766451E+00    4.6970420794E-04   -1.4325109802E-01    2.1348391768E+00   -6.3950904018E-17   -1.4392997858E-01
   -5.0000000000E-01   -8.3333333333E-03   -6.0137277327E-01    1.1550071131E-02   -8.0775883978E-01   -6.1688080936E-01    1.2997326400E-02   -8.1074196665E-01
    1.0000000000E+00   -8.3333333333E-03    6.1227850692E-01    3.5852376547E-03    4.2581053354E-01    6.1905944871E-01    3.0621976929E-03    4.2724286259E-01
   -1.1875000000E-01   -5.0000000000E-01    2.1198791665E+00    1.3968515692E-04   -1.2721406223E-01    2.1212500619E+00    2.1061708289E-17   -1.2860085069E-01
   -1.1875000000E-01    1.5000000000E+00    2.1188501254E+00    4.4778441691E-04   -1.2789213641E-01    2.1212500619E+00   -6.3185124868E-17   -1.2860085069E-01
   -5.0000000000E-01    8.3333333333E-03   -6.0249483009E-01   -1.4019590287E-02   -8.0797497639E-01   -6.1688080936E-01   -1.2997326400E-02   -8.1074196665E-01
    1.0000000000E+00    8.3333333333E-03    6.1223927203E-01   -2.6590745776E-03    4.2540253967E-01    6.1905944871E-01   -3.0621976929E-03    4.2724286259E-01
   -1.0625000000E-01   -5.0000000000E-01    2.1070568485E+00    1.2374605671E-04   -1.1227897155E-01    2.1078236697E+00    2.0809505177E-17   -1.1363664161E-01
   -1.0625000000E-01    1.5000000000E+00    2.1057036442E+00    4.2111054097E-04   -1.1289872982E-01    2.1078236697E+00   -6.2428515530E-17   -1.1363664161E-01
   -5.0000000000E-01    2.5000000000E-02   -5.8721640630E-01   -3.9344903544E-02   -8.0824534909E-01   -5.9916592486E-01   -3.8849577772E-02   -8.1074196665E-01
    1.0000000000E+00    2.5000000000E-02    6.1622233278E-01   -8.8834226876E-03    4.2500430458E-01    6.2323311311E-01   -9.1530430001E-03    4.2724286259E-01
   -9.3750000000E-02   -5.0000000000E-01    2.0943844895E+00    1.0872188593E-04   -9.7705179997E-02    2.0945580517E+00    2.0560322066E-17   -9.9028664240E-02
   -9.3750000000E-02    1.5000000000E+00    2.0927313515E+00    3.9014398110E-04   -9.8260888706E-02    2.0945580517E+00   -6.1680966199E-17   -9.9028664240E-02
   -5.0000000000E-01    4.1666666667E-02   -5.5553244615E-01   -6.4207877477E-02   -8.0855428209E-01   -5.6393024384E-01   -6.4276185041E-02   -8.1074196665E-01
    1.0000000000E+00    4.1666666667E-02    6.2419261013E-01   -1.5016325102E-02    4.2462746036E-01    6.3153471436E-01   -1.5143605653E-02    4.2724286259E-01
   -8.1250000000E-02   -5.0000000000E-01    2.0818555932E+00    9.4607550037E-05   -8.3483626431E-02    2.0814512826E+00    2.0314122795E-17   -8.4768438271E-02
   -8.1250000000E-02    1.5000000000E+00    2.0799273261E+00    3.5538183115E-04   -8.3969117115E-02    2.0814512826E+00   -6.0942368386E-17   -8.4768438271E-02
   -5.0000000000E-01    5.8333333333E-02   -5.0751490956E-01   -8.8396752271E-02   -8.0888487049E-01   -5.1155981579E-01   -8.8998568976E-02   -8.1074196665E-01
    1.0000000000E+00    5.8333333333E-02    6.3608631132E-01   -2.0985936308E-02    4.2428315188E-01    6.4387329839E-01   -2.0968251793E-02    4.2724286259E-01
   -6.8750000000E-02   -5.0000000000E-01    2.0694640952E+00    8.1384553904E-05   -6.9605496433E-02    2.0685014603E+00    2.0070871634E-17   -7.0847685280E-02
   -6.8750000000E-02    1.5000000000E+00    2.0672856843E+00    3.1735000173E-04   -7.0014410779E-02    2.0685014603E+00   -6.0212614902E-17   -7.0847685280E-02
   -5.0000000000E-01    7.5000000000E-02   -4.4333666550E-01   -1.1170164005E-01   -8.0922009968E-01   -4.4262842209E-01   -1.1274586596E-01   -8.1074196665E-01
    1.0000000000E+00    7.5000000000E-02    6.5181021520E-01   -2.6720997678E-02    4.2398182662E-01    6.6011368108E-01   -2.6563165378E-02    4.2724286259E-01
   -5.6250000000E-02   -5.0000000000E-01    2.0572043770E+00    6.9022743148E-05   -5.6062219332E-02    2.0557067054E+00    1.9830533280E-17   -5.7258323916E-02
   -5.6250000000E-02    1.5000000000E+00    2.0548006765E+00    2.7659599580E-04   -5.6388248371E-02    2.0557067054E+00   -5.9491599840E-17   -5.7258323916E-02
   -5.0000000000E-01    9.1666666667E-02   -3.6330160751E-01   -1.3391099964E-01   -8.0954392304E-01   -3.5789128950E-01   -1.3525789565E-01   -8.1074196665E-01
    1.0000000000E+00    9.1666666667E-02    6.7124024505E-01   -3.2152242166E-02    4.2373297131E-01    6.8007792942E-01   -3.1867047365E-02    4.2724286259E-01
   -4.3750000000E-02   -5.0000000000E-01    2.0450712746E+00    5.7481968974E-05   -4.2845463613E-02    2.0430651612E+00    1.9593072854E-17   -4.3992465208E-02
   -4.3750000000E-02    1.5000000000E+00    2.0424667725E+00    2.3368149401E-04   -4.3082576693E-02    2.0430651612E+00   -5.8779218563E-17   -4.3992465208E-02
   -5.0000000000E-01    1.0833333333E-01   -2.6787844201E-01   -1.5480945121E-01   -8.0984222909E-01   -2.5827681580E-01   -1.5628801153E-01   -8.1074196665E-01
    1.0000000000E+00    1.0833333333E-01    6.9421943265E-01   -3.7214170533E-02    4.2354477677E-01    7.0354731090E-01   -3.6821787313E-02    4.2724286259E-01
   -3.1250000000E-02   -5.0000000000E-01    2.0330600798E+00    4.6713671456E-05   -2.9947131095E-02    2.0305749929E+00    1.9358455895E-17   -3.1042407987E-02
   -3.1250000000E-02    1.5000000000E+00    2.0302787331E+00    1.8917490298E-04   -3.0089790535E-02    2.0305749929E+00   -5.8075367684E-17   -3.1042407987E-02
   -5.0000000000E-01    1.2500000000E-01   -1.5773487400E-01   -1.7417733974E-01   -8.1010363484E-01   -1.4487639798E-01   -1.7560580325E-01   -8.1074196665E-01
    1.0000000000E+00    1.2500000000E-01    7.2055542060E-01   -4.1846996481E-02    4.2342372917E-01    7.3026469009E-01   -4.1373100053E-02    4.2724286259E-01
   -1.8750000000E-02   -5.0000000000E-01    2.0211665376E+00    3.6662377196E-05   -1.7359350169E-02    2.0182343880E+00    1.9126648352E-17   -1.8400634414E-02
   -1.8750000000E-02    1.5000000000E+00    2.0182316688E+00    1.4364401266E-04   -1.7402707972E-02    2.0182343880E+00   -5.7379945057E-17   -1.8400634414E-02
   -5.0000000000E-01    1.4166666667E-01   -3.3768310720E-02   -1.9179233609E-01   -8.1032004921E-01   -1.8932474770E-02   -1.9299962104E-01   -8.1074196665E-01
    1.0000000000E+00    1.4166666667E-01    7.5001770778E-01   -4.5998464133E-02    4.2337414837E-01    7.5993734577E-01   -4.5471120451E-02    4.2724286259E-01
   -6.2500000000E-03   -5.0000000000E-01    2.0093868385E+00    2.7267108364E-05   -5.0744683679E-03    2.0060415554E+00    1.8897616586E-17   -6.0598056182E-03
   -6.2500000000E-03    1.5000000000E+00    2.0063210861E+00    9.7648898853E-05   -5.0145418351E-03    2.0060415554E+00   -5.6692849758E-17   -6.0598056182E-03
   -5.0000000000E-01    1.5833333333E-01    1.0287111232E-01   -2.0743320177E-01   -8.1048696303E-01    1.1817508586E-01   -2.0827889459E-01   -8.1074196665E-01
    1.0000000000E+00    1.5833333333E-01    7.8233492397E-01   -4.9625204450E-02    4.2339772178E-01    7.9224017813E-01   -4.9070949738E-02    4.2724286259E-01
    6.2500000000E-03   -5.0000000000E-01    1.9977176070E+00    1.8462700979E-05    6.9149554981E-03    1.9939947258E+00    1.8671327357E-17    5.9872425660E-03
    6.2500000000E-03    1.5000000000E+00    1.9945429197E+00    5.1735194516E-05    7.0811318842E-03    1.9939947258E+00   -5.6013982072E-17    5.9872425660E-03
   -5.0000000000E-01    1.7500000000E-01    2.5076922700E-01   -2.2088562670E-01   -8.1060344114E-01    2.6494410478E-01   -2.2127622099E-01   -8.1074196665E-01
    1.0000000000E+00    1.7500000000E-01    8.1719251927E-01   -5.2693340164E-02    4.2349310723E-01    8.2681927058E-01   -5.2133147431E-02    4.2724286259E-01
    1.8750000000E-02   -5.0000000000E-01    1.9861558875E+00    1.0181031179E-05    1.8616159446E-02    1.9820921507E+00    1.8447747825E-17    1.7747503757E-02
    1.8750000000E-02    1.5000000000E+00    1.9828935525E+00    6.4278394539E-06    1.8890407963E-02    1.9820921507E+00   -5.5343243476E-17    1.7747503757E-02
   -5.0000000000E-01    1.9166666667E-01    4.0825154678E-01   -2.3194978663E-01   -8.1067182120E-01    4.1976654991E-01   -2.3184919881E-01   -8.1074196665E-01
    1.0000000000E+00    1.9166666667E-01    8.5423135810E-01   -5.5178176647E-02    4.2365569381E-01    8.6329576734E-01   -5.4624163451E-02    4.2724286259E-01
    3.1250000000E-02   -5.0000000000E-01    1.9746991266E+00    2.3521489641E-06    3.0036186502E-02    1.9703321029E+00    1.8226845543E-17    2.9227805086E-02
    3.1250000000E-02    1.5000000000E+00    1.9713698239E+00   -3.7774598710E-05    3.0419087458E-02    1.9703321029E+00   -5.4680536630E-17    2.9227805086E-02
   -5.0000000000E-01    2.0833333333E-01    5.7340393254E-01   -2.4044898961E-01   -8.1069715942E-01    5.8094615415E-01   -2.3988198829E-01   -8.1074196665E-01
    1.0000000000E+00    2.0833333333E-01    8.9304778488E-01   -5.7063009042E-02    4.2387760789E-01    9.0127002427E-01   -5.6516705706E-02    4.2724286259E-01
    4.3750000000E-02   -5.0000000000E-01    1.9633451536E+00   -5.0946803805E-06    4.1181892811E-02    1.9587128755E+00    1.8008588452E-17    4.0434811162E-02
    4.3750000000E-02    1.5000000000E+00    1.9599690269E+00   -8.0404956751E-05    4.1672714078E-02    1.9587128755E+00   -5.4025765357E-17    4.0434811162E-02
   -5.0000000000E-01    2.2500000000E-01    7.4411029148E-01   -2.4623853991E-01   -8.1068650124E-01    7.4671700001E-01   -2.4528658051E-01   -8.1074196665E-01
    1.0000000000E+00    2.2500000000E-01    9.3319574196E-01   -5.8337289784E-02    4.2414802697E-01    9.4032598749E-01   -5.7790039106E-02    4.2724286259E-01
    5.6250000000E-02   -5.0000000000E-01    1.9520921596E+00   -1.2230026315E-05    5.2059955583E-02    1.9472327824E+00    1.7792944878E-17    5.1375027935E-02
    5.6250000000E-02    1.5000000000E+00    1.9486888944E+00   -1.2103180442E-04    5.2656610728E-02    1.9472327824E+00   -5.3378834633E-17    5.1375027935E-02
   -5.0000000000E-01    2.4166666667E-01    9.1810532998E-01   -2.4921380823E-01   -8.1064808544E-01    9.1526286742E-01   -2.4800376162E-01   -8.1074196665E-01
    1.0000000000E+00    2.4166666667E-01    9.7419143542E-01   -5.8994576845E-02    4.2445381849E-01    9.8003575167E-01   -5.8430212744E-02    4.2724286259E-01
    6.8750000000E-02   -5.0000000000E-01    1.9409386744E+00   -1.9123433105E-05    6.2676880770E-02    1.9358901576E+00    1.7579883524E-17    6.2054806481E-02
    6.8750000000E-02    1.5000000000E+00    1.9375275776E+00   -1.5926303142E-04    6.3375915529E-02    1.9358901576E+00   -5.2739650571E-17    6.2054806481E-02
   -5.0000000000E-01    2.5833333333E-01    1.0930384783E+00   -2.4931650987E-01   -8.1059060179E-01    1.0847371326E+00   -2.4800376162E-01   -8.1074196665E-01
    1.0000000000E+00    2.5833333333E-01    1.0155208408E+00   -5.9030766311E-02    4.2478046292E-01    1.0199642483E+00   -5.8430212744E-02    4.2724286259E-01
    8.1250000000E-02   -5.0000000000E-01    1.9298835432E+00   -2.5842647930E-05    7.3039010417E-02    1.9246833548E+00    1.7369373470E-17    7.2480346683E-02
    8.1250000000E-02    1.5000000000E+00    1.9264836162E+00   -1.9474867370E-04    7.3835616720E-02    1.9246833548E+00   -5.2108120410E-17    7.2480346683E-02
   -5.0000000000E-01    2.7500000000E-01    1.2665437192E+00   -2.4653838142E-01   -8.1052260824E-01    1.2532830000E+00   -2.4528658051E-01   -8.1074196665E-01
    1.0000000000E+00    2.7500000000E-01    1.0566500278E+00   -5.8443070591E-02    4.2511316349E-01    1.0596740125E+00   -5.7790039106E-02    4.2724286259E-01
    9.3750000000E-02   -5.0000000000E-01    1.9189259022E+00   -3.2452934616E-05    8.3152529629E-02    1.9136107477E+00    1.7161384166E-17    8.2657700834E-02
    9.3750000000E-02    1.5000000000E+00    1.9155559026E+00   -2.2718297769E-04    8.4040585844E-02    1.9136107477E+00   -5.1484152497E-17    8.2657700834E-02
   -5.0000000000E-01    2.9166666667E-01    1.4363094308E+00   -2.4092178944E-01   -8.1045217190E-01    1.4190538459E+00   -2.3988198829E-01   -8.1074196665E-01
    1.0000000000E+00    2.9166666667E-01    1.0970379008E+00   -5.7230038723E-02    4.2543800474E-01    1.0987299757E+00   -5.6516705706E-02    4.2724286259E-01
    1.0625000000E-01   -5.0000000000E-01    1.9080651540E+00   -3.9016470135E-05    9.3023473142E-02    1.9026707294E+00    1.6955885426E-17    9.2592777146E-02
    1.0625000000E-01    1.5000000000E+00    1.9047436414E+00   -2.5630571849E-04    9.3995608715E-02    1.9026707294E+00   -5.0867656278E-17    9.2592777146E-02
   -5.0000000000E-01    3.0833333333E-01    1.6001425720E+00   -2.3255723510E-01   -8.1038673934E-01    1.5802334501E+00   -2.3184919881E-01   -8.1074196665E-01
    1.0000000000E+00    3.0833333333E-01    1.1361505703E+00   -5.5392668738E-02    4.2574300956E-01    1.1367042327E+00   -5.4624163451E-02    4.2724286259E-01
    1.1875000000E-01   -5.0000000000E-01    1.8973009428E+00   -4.5591820694E-05    1.0265773144E-01    1.8918617122E+00    1.6752847428E-17    1.0229134318E-01
    1.1875000000E-01    1.5000000000E+00    1.8940463059E+00   -2.8190280232E-04    1.0370541374E-01    1.8918617122E+00   -5.0258542284E-17    1.0229134318E-01
   -5.0000000000E-01    3.2500000000E-01    1.7560224920E+00   -2.2157814687E-01   -8.1033318172E-01    1.7350558952E+00   -2.2127622099E-01   -8.1074196665E-01
    1.0000000000E+00    3.2500000000E-01    1.1734762709E+00   -5.2936399610E-02    4.2601896254E-01    1.1731807294E+00   -5.2133147431E-02    4.2724286259E-01
    1.3125000000E-01   -5.0000000000E-01    1.8866331299E+00   -5.2233493898E-05    1.1206105648E-01    1.8811821274E+00    1.6552240706E-17    1.1175902921E-01
    1.3125000000E-01    1.5000000000E+00    1.8834635924E+00   -3.0380619747E-04    1.1317469724E-01    1.8811821274E+00   -4.9656722117E-17    1.1175902921E-01
   -5.0000000000E-01    3.4166666667E-01    1.9021411132E+00   -2.0815369202E-01   -8.1029791844E-01    1.8818249141E+00   -2.0827889459E-01   -8.1074196665E-01
    1.0000000000E+00    3.4166666667E-01    1.2085395893E+00   -4.9873562377E-02    4.2625991150E-01    1.2077598219E+00   -4.9070949738E-02    4.2724286259E-01
    1.4375000000E-01   -5.0000000000E-01    1.8760617695E+00   -5.8991563269E-05    1.2123906689E-01    1.8706304251E+00    1.6354036145E-17    1.2100133147E-01
    1.4375000000E-01    1.5000000000E+00    1.8729953746E+00   -3.2189324806E-04    1.2240814543E-01    1.8706304251E+00   -4.9062108436E-17    1.2100133147E-01
   -5.0000000000E-01    3.5833333333E-01    2.0369279349E+00   -1.9248052876E-01   -8.1028701135E-01    2.0189324748E+00   -1.9299962104E-01   -8.1074196665E-01
    1.0000000000E+00    3.5833333333E-01    1.2409138082E+00   -4.6225768241E-02    4.2646331531E-01    1.2400626542E+00   -4.5471120451E-02    4.2724286259E-01
    1.5625000000E-01   -5.0000000000E-01    1.8655870851E+00   -6.5911361194E-05    1.3019725288E-01    1.8602050740E+00    1.6158204983E-17    1.3002361534E-01
    1.5625000000E-01    1.5000000000E+00    1.8626416579E+00   -3.3608543374E-04    1.3141045304E-01    1.8602050740E+00   -4.8474614948E-17    1.3002361534E-01
   -5.0000000000E-01    3.7500000000E-01    2.1590599711E+00   -1.7477444985E-01   -8.1030614085E-01    2.1448763980E+00   -1.7560580325E-01   -8.1074196665E-01
    1.0000000000E+00    3.7500000000E-01    1.2702303940E+00   -4.2025734791E-02    4.2662986205E-01    1.2697353099E+00   -4.1373100053E-02    4.2724286259E-01
    1.6875000000E-01   -5.0000000000E-01    1.8552094465E+00   -7.3033236218E-05    1.3894098058E-01    1.8499045611E+00    1.5964718797E-17    1.3883111849E-01
    1.6875000000E-01    1.5000000000E+00    1.8524025370E+00   -3.4634664396E-04    1.4018633822E-01    1.8499045611E+00   -4.7894156392E-17    1.3883111849E-01
   -5.0000000000E-01    3.9166666667E-01    2.2674581630E+00   -1.5526276018E-01   -8.1036041676E-01    2.2582768158E+00   -1.5628801153E-01   -8.1074196665E-01
    1.0000000000E+00    3.9166666667E-01    1.2961850172E+00   -3.7318182605E-02    4.2676302391E-01    1.2964526891E+00   -3.6821787313E-02    4.2724286259E-01
    1.8125000000E-01   -5.0000000000E-01    1.8449293477E+00   -8.0392370548E-05    1.4747549613E-01    1.8397273916E+00    1.5773549510E-17    1.4742895390E-01
    1.8125000000E-01    1.5000000000E+00    1.8422781545E+00   -3.5268103909E-04    1.4874055402E-01    1.8397273916E+00   -4.7320648529E-17    1.4742895390E-01
   -5.0000000000E-01    4.0833333333E-01    2.3612728524E+00   -1.3417803204E-01   -8.1045402451E-01    2.3578912895E+00   -1.3525789565E-01   -8.1074196665E-01
    1.0000000000E+00    4.0833333333E-01    1.3185399170E+00   -3.2159629862E-02    4.2686843913E-01    1.3199220706E+00   -3.1867047365E-02    4.2724286259E-01
    1.9375000000E-01   -5.0000000000E-01    1.8347473860E+00   -8.8018653518E-05    1.5580592930E-01    1.8296720884E+00    1.5584669375E-17    1.5582211284E-01
    1.9375000000E-01    1.5000000000E+00    1.8322686648E+00   -3.5513057169E-04    1.5707789624E-01    1.8296720884E+00   -4.6754008126E-17    1.5582211284E-01
   -5.0000000000E-01    4.2500000000E-01    2.4398615145E+00   -1.1175364327E-01   -8.1058974694E-01    2.4426284221E+00   -1.1274586596E-01   -8.1074196665E-01
    1.0000000000E+00    4.2500000000E-01    1.3371228286E+00   -2.6617118619E-02    4.2695321444E-01    1.3398863189E+00   -2.6563165378E-02    4.2724286259E-01
    2.0625000000E-01   -5.0000000000E-01    1.8246642415E+00   -9.5936606810E-05    1.6393729685E-01    1.8197371923E+00    1.5398050984E-17    1.6401546775E-01
    2.0625000000E-01    1.5000000000E+00    1.8223742009E+00   -3.5377224026E-04    1.6520320796E-01    1.8197371923E+00   -4.6194152951E-17    1.6401546775E-01
   -5.0000000000E-01    4.4166666667E-01    2.5027621369E+00   -8.8221264170E-02   -8.1076842590E-01    2.5115598158E+00   -8.8998568976E-02   -8.1074196665E-01
    1.0000000000E+00    4.4166666667E-01    1.3518230203E+00   -2.0766076325E-02    4.2702523007E-01    1.3561267016E+00   -2.0968251793E-02    4.2724286259E-01
    2.1875000000E-01   -5.0000000000E-01    1.8146806588E+00   -1.0416535721E-04    1.7187450551E-01    1.8099212615E+00    1.5213667251E-17    1.7201377507E-01
    2.1875000000E-01    1.5000000000E+00    1.8125948465E+00   -3.4871514516E-04    1.7312138087E-01    1.8099212615E+00   -4.5641001753E-17    1.7201377507E-01
   -5.0000000000E-01    4.5833333333E-01    2.5496654579E+00   -6.3810242232E-02   -8.1098843443E-01    2.5639302438E+00   -6.4276185041E-02   -8.1074196665E-01
    1.0000000000E+00    4.5833333333E-01    1.3625851944E+00   -1.4687621228E-02    4.2709250776E-01    1.3684652856E+00   -1.5143605653E-02    4.2724286259E-01
    2.3125000000E-01   -5.0000000000E-01    1.8047974283E+00   -1.1271865272E-04    1.7962235472E-01    1.8002228714E+00    1.5031491419E-17    1.7982167803E-01
    2.3125000000E-01    1.5000000000E+00    1.8029306120E+00   -3.4009741229E-04    1.8083735376E-01    1.8002228714E+00   -4.5094474257E-17    1.7982167803E-01
   -5.0000000000E-01    4.7500000000E-01    2.5803888477E+00   -3.8748646063E-02   -8.1124522529E-01    2.5991659249E+00   -3.8849577772E-02   -8.1074196665E-01
    1.0000000000E+00    4.7500000000E-01    1.3694020922E+00   -8.4656532422E-03    4.2716267795E-01    1.3767668869E+00   -9.1530430001E-03    4.2724286259E-01
    2.4375000000E-01   -5.0000000000E-01    1.7950153705E+00   -1.2160491804E-04    1.8718553907E-01    1.7906406145E+00    1.4851497048E-17    1.8744370932E-01
    2.4375000000E-01    1.5000000000E+00    1.7933814166E+00   -3.2808304457E-04    1.8835610828E-01    1.7906406145E+00   -4.4554491145E-17    1.8744370932E-01
   -5.0000000000E-01    4.9166666667E-01    2.5948540316E+00   -1.3265573186E-02   -8.1153101093E-01    2.6168808094E+00   -1.2997326400E-02   -8.1074196665E-01
    1.0000000000E+00    4.9166666667E-01    1.3723066166E+00   -2.1840429107E-03    4.2724256011E-01    1.3809405513E+00   -3.0621976929E-03    4.2724286259E-01
    2.5625000000E-01   -5.0000000000E-01    1.7853353201E+00   -1.3082734526E-04    1.9456865061E-01    1.7811731003E+00    1.4673658018E-17    1.9488429372E-01
    2.5625000000E-01    1.5000000000E+00    1.7839470736E+00   -3.1285875553E-04    1.9568266259E-01    1.7811731003E+00   -4.4020974053E-17    1.9488429372E-01
   -5.0000000000E-01    5.0833333333E-01    2.5930702167E+00    1.2405802070E-02   -8.1183462005E-01    2.6168808094E+00    1.2997326400E-02   -8.1074196665E-01
    1.0000000000E+00    5.0833333333E-01    1.3713641804E+00    4.0758388280E-03    4.2733785251E-01    1.3809405513E+00    3.0621976929E-03    4.2724286259E-01
    2.6875000000E-01   -5.0000000000E-01    1.7757581124E+00   -1.4038401616E-04    2.0177618085E-01    1.7718189546E+00    1.4497948518E-17    2.0214775068E-01
    2.6875000000E-01    1.5000000000E+00    1.7746272814E+00   -2.9463083227E-04    2.0282206290E-01    1.7718189546E+00   -4.3493845554E-17    2.0214775068E-01
   -5.0000000000E-01    5.2500000000E-01    2.5751235652E+00    3.8025060264E-02   -8.1214157027E-01    2.5991659249E+00    3.8849577772E-02   -8.1074196665E-01
    1.0000000000E+00    5.2500000000E-01    1.3666658382E+00    1.0237095426E-02    4.2745291688E-01    1.3767668869E+00    9.1530430001E-03    4.2724286259E-01
    2.8125000000E-01   -5.0000000000E-01    1.7662845697E+00   -1.5026805225E-04    2.0881252264E-01    1.7625768200E+00    1.4324343049E-17    2.0923829681E-01
    2.8125000000E-01    1.5000000000E+00    1.7654216180E+00   -2.7362206880E-04    2.0977937365E-01    1.7625768200E+00   -4.2973029147E-17    2.0923829681E-01
   -5.0000000000E-01    5.4166666667E-01    2.5411734042E+00    6.3341922170E-02   -8.1243439393E-01    2.5639302438E+00    6.4276185041E-02   -8.1074196665E-01
    1.0000000000E+00    5.4166666667E-01    1.3583225927E+00    1.6228715962E-02    4.2759063818E-01    1.3684652856E+00    1.5143605653E-02    4.2724286259E-01
    2.9375000000E-01   -5.0000000000E-01    1.7569154903E+00   -1.6046778899E-04    2.1568197191E-01    1.7534453552E+00    1.4152816416E-17    2.1616004837E-01
    2.9375000000E-01    1.5000000000E+00    1.7563295396E+00   -2.5006880331E-04    2.1655966631E-01    1.7534453552E+00   -4.2458449248E-17    2.1616004837E-01
   -5.0000000000E-01    5.5833333333E-01    2.4914550859E+00    8.8094858373E-02   -8.1269325224E-01    2.5115598158E+00    8.8998568976E-02   -8.1074196665E-01
    1.0000000000E+00    5.5833333333E-01    1.3464611053E+00    2.1986426945E-02    4.2775233931E-01    1.3561267016E+00    2.0968251793E-02    4.2724286259E-01
    3.0625000000E-01   -5.0000000000E-01    1.7476516380E+00   -1.7096697103E-04    2.2238872926E-01    1.7444232350E+00    1.3983343726E-17    2.2291702361E-01
    3.0625000000E-01    1.5000000000E+00    1.7473503824E+00   -2.2421808715E-04    2.2316800746E-01    1.7444232350E+00   -4.1950031179E-17    2.2291702361E-01
   -5.0000000000E-01    5.7500000000E-01    2.4262890170E+00    1.1201151424E-01   -8.1289686704E-01    2.4426284221E+00    1.1274586596E-01   -8.1074196665E-01
    1.0000000000E+00    5.7500000000E-01    1.3312209013E+00    2.7453040680E-02    4.2793773432E-01    1.3398863189E+00    2.6563165378E-02    4.2724286259E-01
    3.1875000000E-01   -5.0000000000E-01    1.7384937324E+00   -1.8174496495E-04    2.2893690150E-01    1.7355091500E+00    1.3815900385E-17    2.2951314511E-01
    3.1875000000E-01    1.5000000000E+00    1.7384833677E+00   -1.9632500644E-04    2.2960944631E-01    1.7355091500E+00   -4.1447701155E-17    2.2951314511E-01
   -5.0000000000E-01    5.9166666667E-01    2.3460950240E+00    1.3481137120E-01   -8.1302378362E-01    2.3578912895E+00    1.3525789565E-01   -8.1074196665E-01
    1.0000000000E+00    5.9166666667E-01    1.3127530417E+00    3.2578387312E-02    4.2814490933E-01    1.3199220706E+00    3.1867047365E-02    4.2724286259E-01
    3.3125000000E-01   -5.0000000000E-01    1.7294424414E+00   -1.9277698685E-04    2.3533050300E-01    1.7267018066E+00    1.3650462091E-17    2.3595224211E-01
    3.3125000000E-01    1.5000000000E+00    1.7297276085E+00   -1.6665017207E-04    2.3588900200E-01    1.7267018066E+00   -4.0951386273E-17    2.3595224211E-01
   -5.0000000000E-01    6.0833333333E-01    2.2514109009E+00    1.5621080311E-01   -8.1305394870E-01    2.2582768158E+00    1.5628801153E-01   -8.1074196665E-01
    1.0000000000E+00    6.0833333333E-01    1.2912201433E+00    3.7318931246E-02    4.2837032697E-01    1.2964526891E+00    3.6821787313E-02    4.2724286259E-01
    3.4375000000E-01   -5.0000000000E-01    1.7204983733E+00   -2.0403434166E-04    2.4157345712E-01    1.7179999267E+00    1.3487004836E-17    2.4223805265E-01
    3.4375000000E-01    1.5000000000E+00    1.7210821191E+00   -1.3545738858E-04    2.4201165100E-01    1.7179999267E+00   -4.0461014507E-17    2.4223805265E-01
   -5.0000000000E-01    6.2500000000E-01    2.1429136494E+00    1.7593035134E-01   -8.1297054280E-01    2.1448763980E+00    1.7560580325E-01   -8.1074196665E-01
    1.0000000000E+00    6.2500000000E-01    1.2667975574E+00    4.1637173380E-02    4.2860885772E-01    1.2697353099E+00    4.1373100053E-02    4.2724286259E-01
    3.5625000000E-01   -5.0000000000E-01    1.7116620718E+00   -2.1548467176E-04    2.4766959745E-01    1.7094022472E+00    1.3325504897E-17    2.4837422582E-01
    3.5625000000E-01    1.5000000000E+00    1.7125458254E+00   -1.0301150802E-04    2.4798231478E-01    1.7094022472E+00   -3.9976514691E-17    2.4837422582E-01
   -5.0000000000E-01    6.4166666667E-01    2.0214415597E+00    1.9370367912E-01   -8.1276194834E-01    2.0189324748E+00    1.9299962104E-01   -8.1074196665E-01
    1.0000000000E+00    6.4166666667E-01    1.2396754607E+00    4.5500933254E-02    4.2885384764E-01    1.2400626542E+00    4.5471120451E-02    4.2724286259E-01
    3.6875000000E-01   -5.0000000000E-01    1.7029340102E+00   -2.2709221236E-04    2.5362266911E-01    1.7009075206E+00    1.3165938837E-17    2.5436432381E-01
    3.6875000000E-01    1.5000000000E+00    1.7041175764E+00   -6.9576471085E-05    2.5380584806E-01    1.7009075206E+00   -3.9497816510E-17    2.5436432381E-01
   -5.0000000000E-01    6.5833333333E-01    1.8880148992E+00    2.0928733863E-01   -8.1242367051E-01    1.8818249141E+00    2.0827889459E-01   -8.1074196665E-01
    1.0000000000E+00    6.5833333333E-01    1.2100615743E+00    4.8882594013E-02    4.2909723754E-01    1.2077598219E+00    4.9070949738E-02    4.2724286259E-01
    3.8125000000E-01   -5.0000000000E-01    1.6943145875E+00   -2.3881805145E-04    2.5943632999E-01    1.6925145139E+00    1.3008283498E-17    2.6021182404E-01
    3.8125000000E-01    1.5000000000E+00    1.6957961562E+00   -3.5413534580E-05    2.5948702774E-01    1.6925145139E+00   -3.9024850493E-17    2.6021182404E-01
   -5.0000000000E-01    6.7500000000E-01    1.7438526238E+00    2.2247026505E-01   -8.1195997031E-01    1.7350558952E+00    2.2127622099E-01   -8.1074196665E-01
    1.0000000000E+00    6.7500000000E-01    1.1781841936E+00    5.1758380602E-02    4.2932975213E-01    1.1731807294E+00    5.2133147431E-02    4.2724286259E-01
    3.9375000000E-01   -5.0000000000E-01    1.6858041254E+00   -2.5062039224E-04    2.6511415195E-01    1.6842220091E+00    1.2852516000E-17    2.6592012111E-01
    3.9375000000E-01    1.5000000000E+00    1.6875802965E+00   -7.7968168852E-07    2.6503054262E-01    1.6842220091E+00   -3.8557548001E-17    2.6592012111E-01
   -5.0000000000E-01    6.9166666667E-01    1.5903822894E+00    2.3308185957E-01   -8.1138493255E-01    1.5802334501E+00    2.3184919881E-01   -8.1074196665E-01
    1.0000000000E+00    6.9166666667E-01    1.1442951952E+00    5.4107729579E-02    4.2954117830E-01    1.1367042327E+00    5.4624163451E-02    4.2724286259E-01
    4.0625000000E-01   -5.0000000000E-01    1.6774028656E+00   -2.6245481618E-04    2.7065962206E-01    1.6760288029E+00    1.2698613739E-17    2.7149252886E-01
    4.0625000000E-01    1.5000000000E+00    1.6794686889E+00    3.4073790506E-05    2.7044098416E-01    1.6760288029E+00   -3.8095841216E-17    2.7149252886E-01
   -5.0000000000E-01    7.0833333333E-01    1.4292403738E+00    2.4099766439E-01   -8.1072269483E-01    1.4190538459E+00    2.3988198829E-01   -8.1074196665E-01
    1.0000000000E+00    7.0833333333E-01    1.1086726854E+00    5.5912797854E-02    4.2972074935E-01    1.0987299757E+00    5.6516705706E-02    4.2724286259E-01
    4.1875000000E-01   -5.0000000000E-01    1.6691109682E+00   -2.7427454498E-04    2.7607614383E-01    1.6679337060E+00    1.2546554377E-17    2.7693228219E-01
    4.1875000000E-01    1.5000000000E+00    1.6714599965E+00    6.8902513500E-05    2.7572283819E-01    1.6679337060E+00   -3.7639663132E-17    2.7693228219E-01
   -5.0000000000E-01    7.2500000000E-01    1.2622606426E+00    2.4614195225E-01   -8.1000661994E-01    1.2532830000E+00    2.4528658051E-01   -8.1074196665E-01
    1.0000000000E+00    7.2500000000E-01    1.0716229638E+00    5.7158147183E-02    4.2985764558E-01    1.0596740125E+00    5.7790039106E-02    4.2724286259E-01
    4.3125000000E-01   -5.0000000000E-01    1.6609285109E+00   -2.8603069989E-04    2.8136703841E-01    1.6599355438E+00    1.2396315848E-17    2.8224253903E-01
    4.3125000000E-01    1.5000000000E+00    1.6635528654E+00    1.0347012819E-04    2.8088047768E-01    1.6599355438E+00   -3.7188947545E-17    2.8224253903E-01
   -5.0000000000E-01    7.4166666667E-01    1.0914491159E+00    2.4848699509E-01   -8.0927730951E-01    1.0847371326E+00    2.4800376162E-01   -8.1074196665E-01
    1.0000000000E+00    7.4166666667E-01    1.0334815154E+00    5.7830630837E-02    4.2994161041E-01    1.0199642483E+00    5.8430212744E-02    4.2724286259E-01
    4.4375000000E-01   -5.0000000000E-01    1.6528554885E+00   -2.9767255715E-04    2.8653554585E-01    1.6520331554E+00    1.2247876349E-17    2.8742638212E-01
    4.4375000000E-01    1.5000000000E+00    1.6557459352E+00    1.3754921322E-04    2.8591815667E-01    1.6520331554E+00   -3.6743629046E-17    2.8742638212E-01
   -5.0000000000E-01    7.5833333333E-01    9.1894559346E-01    2.4804925924E-01   -8.0857952319E-01    9.1526286742E-01    2.4800376162E-01   -8.1074196665E-01
    1.0000000000E+00    7.5833333333E-01    9.9461279723E-01    5.7919497653E-02    4.2996366642E-01    9.8003575167E-01    5.8430212744E-02    4.2724286259E-01
    4.5625000000E-01   -5.0000000000E-01    1.6448918131E+00   -3.0914779816E-04    2.9158482634E-01    1.6442253941E+00    1.2101214335E-17    2.9248682081E-01
    4.5625000000E-01    1.5000000000E+00    1.6480378489E+00    1.7092207048E-04    2.9084000520E-01    1.6442253941E+00   -3.6303643006E-17    2.9248682081E-01
   -5.0000000000E-01    7.7500000000E-01    7.4697340424E-01    2.4488321026E-01   -8.0795825990E-01    7.4671700001E-01    2.4528658051E-01   -8.1074196665E-01
    1.0000000000E+00    7.7500000000E-01    9.5540865982E-01    5.7416716224E-02    4.2991689684E-01    9.4032598749E-01    5.7790039106E-02    4.2724286259E-01
    4.6875000000E-01   -5.0000000000E-01    1.6370373150E+00   -3.2040275343E-04    2.9651796151E-01    1.6365111267E+00    1.1956308524E-17    2.9742679280E-01
    4.6875000000E-01    1.5000000000E+00    1.6404272614E+00    2.0338137772E-04    2.9565002532E-01    1.6365111267E+00   -3.5868925573E-17    2.9742679280E-01
   -5.0000000000E-01    7.9166666667E-01    5.7778074894E-01    2.3907372395E-01   -8.0745443600E-01    5.8094615415E-01    2.3988198829E-01   -8.1074196665E-01
    1.0000000000E+00    7.9166666667E-01    9.1628533721E-01    5.6317508218E-02    4.2979723766E-01    9.0127002427E-01    5.6516705706E-02    4.2724286259E-01
    4.8125000000E-01   -5.0000000000E-01    1.6292917440E+00   -3.3138263938E-04    3.0133795567E-01    1.6288892337E+00    1.1813137886E-17    3.0224916589E-01
    4.8125000000E-01    1.5000000000E+00    1.6329128474E+00    2.3473071819E-04    3.0035208817E-01    1.6288892337E+00   -3.5439413657E-17    3.0224916589E-01
   -5.0000000000E-01    8.0833333333E-01    4.1357832988E-01    2.3072824289E-01   -8.0710071571E-01    4.1976654991E-01    2.3184919881E-01   -8.1074196665E-01
    1.0000000000E+00    8.0833333333E-01    8.7767902708E-01    5.4621065432E-02    4.2960420601E-01    8.6329576734E-01    5.4624163451E-02    4.2724286259E-01
    4.9375000000E-01   -5.0000000000E-01    1.6216547706E+00   -3.4203178724E-04    3.0604773714E-01    1.6213586089E+00    1.1671681642E-17    3.0695673958E-01
    4.9375000000E-01    1.5000000000E+00    1.6254933079E+00    2.6478499704E-04    3.0494993196E-01    1.6213586089E+00   -3.5015044925E-17    3.0695673958E-01
   -5.0000000000E-01    8.2500000000E-01    2.5647857529E-01    2.1996977491E-01   -8.0691807510E-01    2.6494410478E-01    2.2127622099E-01   -8.1074196665E-01
    1.0000000000E+00    8.2500000000E-01    8.4004017229E-01    5.2331411201E-02    4.2934147568E-01    8.2681927058E-01    5.2133147431E-02    4.2724286259E-01
    5.0625000000E-01   -5.0000000000E-01    1.6141259886E+00   -3.5229386330E-04    3.1065015962E-01    1.6139181595E+00    1.1531919263E-17    3.1155224674E-01
    5.0625000000E-01    1.5000000000E+00    1.6181673760E+00    2.9337075416E-04    3.0944716090E-01    1.6139181595E+00   -3.4595757790E-17    3.1155224674E-01
   -5.0000000000E-01    8.4166666667E-01    1.0844151641E-01    2.0693161987E-01   -8.0691359805E-01    1.1817508586E-01    2.0827889459E-01   -8.1074196665E-01
    1.0000000000E+00    8.4166666667E-01    8.0382662225E-01    4.9458354690E-02    4.2901720335E-01    7.9224017813E-01    4.9070949738E-02    4.2724286259E-01
    5.1875000000E-01   -5.0000000000E-01    1.6067049169E+00   -3.6211208003E-04    3.1514800344E-01    1.6065668056E+00    1.1393830468E-17    3.1603835518E-01
    5.1875000000E-01    1.5000000000E+00    1.6109338217E+00    3.2032638262E-04    3.1384724494E-01    1.6065668056E+00   -3.4181491403E-17    3.1603835518E-01
   -5.0000000000E-01    8.5833333333E-01   -2.8768667882E-02    1.9175437991E-01   -8.0707982425E-01   -1.8932474770E-02    1.9299962104E-01   -8.1074196665E-01
    1.0000000000E+00    8.5833333333E-01    7.6949589772E-01    4.6018477378E-02    4.2864401462E-01    7.5993734577E-01    4.5471120451E-02    4.2724286259E-01
    5.3125000000E-01   -5.0000000000E-01    1.5993910025E+00   -3.7142939765E-04    3.1954397702E-01    1.5993034804E+00    1.1257395214E-17    3.2041766919E-01
    5.3125000000E-01    1.5000000000E+00    1.6037914553E+00    3.4550226141E-04    3.1815352032E-01    1.5993034804E+00   -3.3772185642E-17    3.2041766919E-01
   -5.0000000000E-01    8.7500000000E-01   -1.5361399028E-01    1.7458541572E-01   -8.0739573271E-01   -1.4487639798E-01    1.7560580325E-01   -8.1074196665E-01
    1.0000000000E+00    8.7500000000E-01    7.3749680472E-01    4.2036085064E-02    4.2823857833E-01    7.3026469009E-01    4.1373100053E-02    4.2724286259E-01
    5.4375000000E-01   -5.0000000000E-01    1.5921836231E+00   -3.8018871579E-04    3.2384071817E-01    1.5921271298E+00    1.1122593702E-17    3.2469273109E-01
    5.4375000000E-01    1.5000000000E+00    1.5967391303E+00    3.6876081096E-04    3.2236919073E-01    1.5921271298E+00   -3.3367781107E-17    3.2469273109E-01
   -5.0000000000E-01    8.9166666667E-01   -2.6479914777E-01    1.5558052403E-01   -8.0782920017E-01   -2.5827681580E-01    1.5628801153E-01   -8.1074196665E-01
    1.0000000000E+00    8.9166666667E-01    7.0826064927E-01    3.7544054879E-02    4.2782073326E-01    7.0354731090E-01    3.6821787313E-02    4.2724286259E-01
    5.5625000000E-01   -5.0000000000E-01    1.5850820900E+00   -3.8833305500E-04    3.2804079556E-01    1.5850367123E+00    1.0989406369E-17    3.2886602265E-01
    5.5625000000E-01    1.5000000000E+00    1.5897757454E+00    3.8997647925E-04    3.2649732917E-01    1.5850367123E+00   -3.2968219109E-17    3.2886602265E-01
   -5.0000000000E-01    9.0833333333E-01   -3.6127495969E-01    1.3490728139E-01   -8.0834056851E-01   -3.5789128950E-01    1.3525789565E-01   -8.1074196665E-01
    1.0000000000E+00    9.0833333333E-01    6.8219230774E-01    3.2584503158E-02    4.2741218071E-01    6.8007792942E-01    3.1867047365E-02    4.2724286259E-01
    5.6875000000E-01   -5.0000000000E-01    1.5780856517E+00   -3.9580572792E-04    3.3214671004E-01    1.5780311989E+00    1.0857813886E-17    3.3293996658E-01
    5.6875000000E-01    1.5000000000E+00    1.5829002456E+00    4.0903566587E-04    3.3054088030E-01    1.5780311989E+00   -3.2573441659E-17    3.3293996658E-01
   -5.0000000000E-01    9.2500000000E-01   -4.4223064435E-01    1.1274926731E-01   -8.0888682384E-01   -4.4262842209E-01    1.1274586596E-01   -8.1074196665E-01
    1.0000000000E+00    9.2500000000E-01    6.5966142099E-01    2.7209194235E-02    4.2703481644E-01    6.6011368108E-01    2.6563165378E-02    4.2724286259E-01
    5.8125000000E-01   -5.0000000000E-01    1.5711934966E+00   -4.0255050010E-04    3.3616089612E-01    1.5711095729E+00    1.0727797155E-17    3.3691692790E-01
    5.8125000000E-01    1.5000000000E+00    1.5761116226E+00    4.2583659091E-04    3.3450266320E-01    1.5711095729E+00   -3.2183391466E-17    3.3691692790E-01
   -5.0000000000E-01    9.4166666667E-01   -5.0707743961E-01    8.9310264357E-02   -8.0942584493E-01   -5.1155981579E-01    8.8998568976E-02   -8.1074196665E-01
    1.0000000000E+00    9.4166666667E-01    6.4099400927E-01    2.1479601482E-02    4.2670883760E-01    6.4387329839E-01    2.0968251793E-02    4.2724286259E-01
    5.9375000000E-01   -5.0000000000E-01    1.5644047567E+00   -4.0851174046E-04    3.4008572335E-01    1.5642708298E+00    1.0599337308E-17    3.4079921534E-01
    5.9375000000E-01    1.5000000000E+00    1.5694089148E+00    4.4028911515E-04    3.3838537465E-01    1.5642708298E+00   -3.1798011924E-17    3.4079921534E-01
   -5.0000000000E-01    9.5833333333E-01   -5.5542626187E-01    6.4817538046E-02   -8.0992021770E-01   -5.6393024384E-01    6.4276185041E-02   -8.1074196665E-01
    1.0000000000E+00    9.5833333333E-01    6.2646484695E-01    1.5466522604E-02    4.2645081607E-01    6.3153471436E-01    1.5143605653E-02    4.2724286259E-01
    6.0625000000E-01   -5.0000000000E-01    1.5577185112E+00   -4.1363456128E-04    3.4392349779E-01    1.5575139771E+00    1.0472415701E-17    3.4458908267E-01
    6.0625000000E-01    1.5000000000E+00    1.5627912066E+00    4.5231451744E-04    3.4219159259E-01    1.5575139771E+00   -3.1417247103E-17    3.4458908267E-01
   -5.0000000000E-01    9.7500000000E-01   -5.8706200642E-01    3.9523414846E-02   -8.1034021799E-01   -5.9916592486E-01    3.8849577772E-02   -8.1074196665E-01
    1.0000000000E+00    9.7500000000E-01    6.1629096970E-01    9.2491484233E-03    4.2627196617E-01    6.2323311311E-01    9.1530430001E-03    4.2724286259E-01
    6.1875000000E-01   -5.0000000000E-01    1.5511337895E+00   -4.1786494808E-04    3.4767646339E-01    1.5508380343E+00    1.0347013915E-17    3.4828873000E-01
    6.1875000000E-01    1.5000000000E+00    1.5562576270E+00    4.6184523475E-04    3.4592377994E-01    1.5508380343E+00   -3.1041041744E-17    3.4828873000E-01
   -5.0000000000E-01    9.9166666667E-01   -6.0191687418E-01    1.3704584098E-02   -8.1066571371E-01   -6.1688080936E-01    1.2997326400E-02   -8.1074196665E-01
    1.0000000000E+00    9.9166666667E-01    6.1062668652E-01    2.9134993599E-03    4.2617684275E-01    6.1905944871E-01    3.0621976929E-03    4.2724286259E-01
    6.3125000000E-01   -5.0000000000E-01    1.5446495751E+00   -4.2114987932E-04    3.5134680346E-01    1.5442420324E+00    1.0223113750E-17    3.5190030507E-01
    6.3125000000E-01    1.5000000000E+00    1.5498073482E+00    4.6882457010E-04    3.4958428858E-01    1.5442420324E+00   -3.0669341251E-17    3.5190030507E-01
   -5.0000000000E-01    1.0083333333E+00   -6.0004488269E-01   -1.2341177666E-02   -8.1088690216E-01   -6.1688080936E-01   -1.2997326400E-02   -8.1074196665E-01
    1.0000000000E+00    1.0083333333E+00    6.0956040239E-01   -3.4498112313E-03    4.2616267564E-01    6.1905944871E-01   -3.0621976929E-03    4.2724286259E-01
    6.4375000000E-01   -5.0000000000E-01    1.5382648086E+00   -4.2343743631E-04    3.5493664207E-01    1.5377250143E+00    1.0100697227E-17    3.5542590450E-01
    6.4375000000E-01    1.5000000000E+00    1.5434395840E+00    4.7320637280E-04    3.5317536346E-01    1.5377250143E+00   -3.0302091681E-17    3.5542590450E-01
   -5.0000000000E-01    1.0250000000E+00   -5.8159954377E-01   -3.8300851113E-02   -8.1100395445E-01   -5.9916592486E-01   -3.8849577772E-02   -8.1074196665E-01
    1.0000000000E+00    1.0250000000E+00    6.1311341054E-01   -9.7484453103E-03    4.2621947865E-01    6.2323311311E-01   -9.1530430001E-03    4.2724286259E-01
    6.5625000000E-01   -5.0000000000E-01    1.5319783918E+00   -4.2467690337E-04    3.5844804549E-01    1.5312860341E+00    9.9797465781E-18    3.5886757498E-01
    6.5625000000E-01    1.5000000000E+00    1.5371535872E+00    4.7495469552E-04    3.5669914687E-01    1.5312860341E+00   -2.9939239734E-17    3.5886757498E-01
   -5.0000000000E-01    1.0416666667E+00   -5.4681657068E-01   -6.3854258086E-02   -8.1102576282E-01   -5.6393024384E-01   -6.4276185041E-02   -8.1074196665E-01
    1.0000000000E+00    1.0416666667E+00    6.2124059524E-01   -1.5891682648E-02    4.2633097006E-01    6.3153471436E-01   -1.5143605653E-02    4.2724286259E-01
    6.6875000000E-01   -5.0000000000E-01    1.5257891903E+00   -4.2481885866E-04    3.6188302361E-01    1.5249241574E+00    9.8602442511E-18    3.6222731449E-01
    6.6875000000E-01    1.5000000000E+00    1.5309486477E+00    4.7404343204E-04    3.6015768268E-01    1.5249241574E+00   -2.9580732753E-17    3.6222731449E-01
   -5.0000000000E-01    1.0583333333E+00   -4.9600337657E-01   -8.8683749239E-02   -8.1096806349E-01   -5.1155981579E-01   -8.8998568976E-02   -8.1074196665E-01
    1.0000000000E+00    1.0583333333E+00    6.3383274181E-01   -2.1793951277E-02    4.2647622486E-01    6.4387329839E-01   -2.0968251793E-02    4.2724286259E-01
    6.8125000000E-01   -5.0000000000E-01    1.5196960375E+00   -4.2381525600E-04    3.6524353133E-01    1.5186384609E+00    9.7421729029E-18    3.6550707345E-01
    6.8125000000E-01    1.5000000000E+00    1.5248240897E+00    4.7045593922E-04    3.6355292071E-01    1.5186384609E+00   -2.9226518709E-17    3.6550707345E-01
   -5.0000000000E-01    1.0750000000E+00   -4.2953698008E-01   -1.1248458543E-01   -8.1085122953E-01   -4.4262842209E-01   -1.1274586596E-01   -8.1074196665E-01
    1.0000000000E+00    1.0750000000E+00    6.5071995025E-01   -2.7378152401E-02    4.2663186596E-01    6.6011368108E-01   -2.6563165378E-02    4.2724286259E-01
    6.9375000000E-01   -5.0000000000E-01    1.5136977374E+00   -4.2161949783E-04    3.6853146996E-01    1.5124280323E+00    9.6255153983E-18    3.6870875584E-01
    6.9375000000E-01    1.5000000000E+00    1.5187792692E+00    4.6418464661E-04    3.6688672098E-01    1.5124280323E+00   -2.8876546195E-17    3.6870875584E-01
   -5.0000000000E-01    1.0916666667E+00   -3.4787166121E-01   -1.3497488243E-01   -8.1069799872E-01   -3.5789128950E-01   -1.3525789565E-01   -8.1074196665E-01
    1.0000000000E+00    1.0916666667E+00    6.7167557036E-01   -3.2578341508E-02    4.2677451793E-01    6.8007792942E-01   -3.1867047365E-02    4.2724286259E-01
    7.0625000000E-01   -5.0000000000E-01    1.5077930680E+00   -4.1818649982E-04    3.7174868863E-01    1.5062919705E+00    9.5102548073E-18    3.7183422031E-01
    7.0625000000E-01    1.5000000000E+00    1.5128135717E+00    4.5523065653E-04    3.7016085797E-01    1.5062919705E+00   -2.8530764422E-17    3.7183422031E-01
   -5.0000000000E-01    1.1083333333E+00   -2.5155720884E-01   -1.5590385297E-01   -8.1053133369E-01   -2.5827681580E-01   -1.5628801153E-01   -8.1074196665E-01
    1.0000000000E+00    1.1083333333E+00    6.9642017076E-01   -3.7341376569E-02    4.2688320947E-01    7.0354731090E-01   -3.6821787313E-02    4.2724286259E-01
    7.1875000000E-01   -5.0000000000E-01    1.5019807843E+00   -4.1347274742E-04    3.7489698561E-01    1.5002293848E+00    9.3963744025E-18    3.7488528129E-01
    7.1875000000E-01    1.5000000000E+00    1.5069264091E+00    4.4360333757E-04    3.7337702481E-01    1.5002293848E+00   -2.8189123207E-17    3.7488528129E-01
   -5.0000000000E-01    1.1250000000E+00   -1.4126774425E-01   -1.7505708233E-01   -8.1037253041E-01   -1.4487639798E-01   -1.7560580325E-01   -8.1074196665E-01
    1.0000000000E+00    1.1250000000E+00    7.2462531947E-01   -4.1627293733E-02    4.2694142830E-01    7.3026469009E-01   -4.1373100053E-02    4.2724286259E-01
    7.3125000000E-01   -5.0000000000E-01    1.4962596212E+00   -4.0743634472E-04    3.7797810971E-01    1.4942393955E+00    9.2838576569E-18    3.7786370998E-01
    7.3125000000E-01    1.5000000000E+00    1.5011172174E+00    4.2931991377E-04    3.7653683738E-01    1.4942393955E+00   -2.7851572971E-17    3.7786370998E-01
   -5.0000000000E-01    1.1416666667E+00   -1.7839750066E-02   -1.9225779039E-01   -8.1023962095E-01   -1.8932474770E-02   -1.9299962104E-01   -8.1074196665E-01
    1.0000000000E+00    1.1416666667E+00    7.5591732102E-01   -4.5408394529E-02    4.2693859910E-01    7.5993734577E-01   -4.5471120451E-02    4.2724286259E-01
    7.4375000000E-01   -5.0000000000E-01    1.4906282968E+00   -4.0003705602E-04    3.8099376159E-01    1.4883211332E+00    9.1726882414E-18    3.8077123544E-01
    7.4375000000E-01    1.5000000000E+00    1.4953854539E+00    4.1240505187E-04    3.7964183830E-01    1.4883211332E+00   -2.7518064724E-17    3.8077123544E-01
   -5.0000000000E-01    1.1583333333E+00    1.1768402420E-01   -2.0736354645E-01   -8.1014608229E-01    1.1817508586E-01   -2.0827889459E-01   -8.1074196665E-01
    1.0000000000E+00    1.1583333333E+00    7.8988140443E-01   -4.8667271054E-02    4.2687085589E-01    7.9224017813E-01   -4.9070949738E-02    4.2724286259E-01
    7.5625000000E-01   -5.0000000000E-01    1.4850855143E+00   -3.9123634042E-04    3.8394559505E-01    1.4824737390E+00    9.0628500225E-18    3.8360954557E-01
    7.5625000000E-01    1.5000000000E+00    1.4897305949E+00    3.9289044855E-04    3.8269350076E-01    1.4824737390E+00   -2.7188550067E-17    3.8360954557E-01
   -5.0000000000E-01    1.1750000000E+00    2.6401062199E-01   -2.2025875453E-01   -8.1009987474E-01    2.6494410478E-01   -2.2127622099E-01   -8.1074196665E-01
    1.0000000000E+00    1.1750000000E+00    8.2606705662E-01   -5.1394190448E-02    4.2674109111E-01    8.2681927058E-01   -5.2133147431E-02    4.2724286259E-01
    7.6875000000E-01   -5.0000000000E-01    1.4796299655E+00   -3.8099737996E-04    3.8683521840E-01    1.4766963644E+00    8.9543270596E-18    3.8638028807E-01
    7.6875000000E-01    1.5000000000E+00    1.4841521332E+00    3.7081441963E-04    3.8569323232E-01    1.4766963644E+00   -2.6862981179E-17    3.8638028807E-01
   -5.0000000000E-01    1.1916666667E+00    4.1956144526E-01   -2.3084434219E-01   -8.1010288316E-01    4.1976654991E-01   -2.3184919881E-01   -8.1074196665E-01
    1.0000000000E+00    1.1916666667E+00    8.6399515520E-01   -5.3584352630E-02    4.2655836360E-01    8.6329576734E-01   -5.4624163451E-02    4.2724286259E-01
    7.8125000000E-01   -5.0000000000E-01    1.4742603330E+00   -3.6928510156E-04    3.8966419564E-01    1.4709881709E+00    8.8471036034E-18    3.8908507144E-01
    7.8125000000E-01    1.5000000000E+00    1.4786495756E+00    3.4622149265E-04    3.8864237848E-01    1.4709881709E+00   -2.6541310810E-17    3.8908507144E-01
   -5.0000000000E-01    1.2083333333E+00    5.8245591275E-01   -2.3902720992E-01   -8.1015088925E-01    5.8094615415E-01   -2.3988198829E-01   -8.1074196665E-01
    1.0000000000E+00    1.2083333333E+00    9.0316726153E-01   -5.5235503269E-02    4.2633681984E-01    9.0127002427E-01   -5.6516705706E-02    4.2724286259E-01
    7.9375000000E-01   -5.0000000000E-01    1.4689752926E+00   -3.5606619313E-04    3.9243404777E-01    1.4653483300E+00    8.7411640928E-18    3.9172546586E-01
    7.9375000000E-01    1.5000000000E+00    1.4732224410E+00    3.1916200451E-04    3.9154222611E-01    1.4653483300E+00   -2.6223492278E-17    3.9172546586E-01
   -5.0000000000E-01    1.2250000000E+00    7.5052494996E-01   -2.4471269472E-01   -8.1023422015E-01    7.4671700001E-01   -2.4528658051E-01   -8.1074196665E-01
    1.0000000000E+00    1.2250000000E+00    9.4307696721E-01   -5.6346244145E-02    4.2609431965E-01    9.4032598749E-01   -5.7790039106E-02    4.2724286259E-01
    8.0625000000E-01   -5.0000000000E-01    1.4637735153E+00   -3.4130911442E-04    3.9514625400E-01    1.4597760234E+00    8.6364931534E-18    3.9430300416E-01
    8.0625000000E-01    1.5000000000E+00    1.4678702581E+00    2.8969170531E-04    3.9439400680E-01    1.4597760234E+00   -2.5909479460E-17    3.9430300416E-01
   -5.0000000000E-01    1.2416666667E+00    9.2136208932E-01   -2.4780309067E-01   -8.1033915385E-01    9.1526286742E-01   -2.4800376162E-01   -8.1074196665E-01
    1.0000000000E+00    1.2416666667E+00    9.8322268182E-01   -5.6915183537E-02    4.2585095940E-01    9.8003575167E-01   -5.8430212744E-02    4.2724286259E-01
    8.1875000000E-01   -5.0000000000E-01    1.4586536701E+00   -3.2498410272E-04    3.9780225293E-01    1.4542704422E+00    8.5330755945E-18    3.9681918266E-01
    8.1875000000E-01    1.5000000000E+00    1.4625925635E+00    2.5787136958E-04    3.9719889998E-01    1.4542704422E+00   -2.5599226783E-17    3.9681918266E-01
   -5.0000000000E-01    1.2583333333E+00    1.0924134834E+00   -2.4820389689E-01   -8.1045000705E-01    1.0847371326E+00   -2.4800376162E-01   -8.1074196665E-01
    1.0000000000E+00    1.2583333333E+00    1.0231208574E+00   -5.6940870208E-02    4.2562766073E-01    1.0199642483E+00   -5.8430212744E-02    4.2724286259E-01
    8.3125000000E-01   -5.0000000000E-01    1.4536144257E+00   -3.0706317403E-04    4.0040344376E-01    1.4488307876E+00    8.4308964077E-18    3.9927546206E-01
    8.3125000000E-01    1.5000000000E+00    1.4573889000E+00    2.2376641595E-04    3.9995803595E-01    1.4488307876E+00   -2.5292689223E-17    3.9927546206E-01
   -5.0000000000E-01    1.2750000000E+00    1.2610992956E+00   -2.4583717395E-01   -8.1055162382E-01    1.2532830000E+00   -2.4528658051E-01   -8.1074196665E-01
    1.0000000000E+00    1.2750000000E+00    1.0623184700E+00   -5.6422306562E-02    4.2544494949E-01    1.0596740125E+00   -5.7790039106E-02    4.2724286259E-01
    8.4375000000E-01   -5.0000000000E-01    1.4486544522E+00   -2.8752011981E-04    4.0295118742E-01    1.4434562700E+00    8.3299407640E-18    4.0167326831E-01
    8.4375000000E-01    1.5000000000E+00    1.4522588146E+00    1.8744653604E-04    4.0267249868E-01    1.4434562700E+00   -2.4989822292E-17    4.0167326831E-01
   -5.0000000000E-01    1.2916666667E+00    1.4249504791E+00   -2.4065897209E-01   -8.1063180905E-01    1.4190538459E+00   -2.3988198829E-01   -8.1074196665E-01
    1.0000000000E+00    1.2916666667E+00    1.1004036530E+00   -5.5359766130E-02    4.2532200039E-01    1.0987299757E+00   -5.6516705706E-02    4.2724286259E-01
    8.5625000000E-01   -5.0000000000E-01    1.4437724234E+00   -2.6633049990E-04    4.0544680769E-01    1.4381461095E+00    8.2301940122E-18    4.0401399338E-01
    8.5625000000E-01    1.5000000000E+00    1.4472018574E+00    1.4898533343E-04    4.0534332859E-01    1.4381461095E+00   -2.4690582036E-17    4.0401399338E-01
   -5.0000000000E-01    1.3083333333E+00    1.5817401545E+00   -2.3267626188E-01   -8.1068319715E-01    1.5802334501E+00   -2.3184919881E-01   -8.1074196665E-01
    1.0000000000E+00    1.3083333333E+00    1.1370136592E+00   -5.3755646887E-02    4.2527597559E-01    1.1367042327E+00   -5.4624163451E-02    4.2724286259E-01
    8.6875000000E-01   -5.0000000000E-01    1.4389670181E+00   -2.4347163176E-04    4.0789159230E-01    1.4328995354E+00    8.1316416763E-18    4.0629899613E-01
    8.6875000000E-01    1.5000000000E+00    1.4422175797E+00    1.0845997323E-04    4.0797152503E-01    1.4328995354E+00   -2.4394925029E-17    4.0629899613E-01
   -5.0000000000E-01    1.3250000000E+00    1.7295897269E+00   -2.2195883771E-01   -8.1070415824E-01    1.7350558952E+00   -2.2127622099E-01   -8.1074196665E-01
    1.0000000000E+00    1.3250000000E+00    1.1718397245E+00   -5.1615153738E-02    4.2532164681E-01    1.1731807294E+00   -5.2133147431E-02    4.2724286259E-01
    8.8125000000E-01   -5.0000000000E-01    1.4342369221E+00   -2.1892257642E-04    4.1028679402E-01    1.4277157863E+00    8.0342694540E-18    4.0852960306E-01
    8.8125000000E-01    1.5000000000E+00    1.4373055333E+00    6.5950842887E-05    4.1055804873E-01    1.4277157863E+00   -2.4102808362E-17    4.0852960306E-01
   -5.0000000000E-01    1.3416666667E+00    1.8670361905E+00   -2.0864322888E-01   -8.1069858680E-01    1.8818249141E+00   -2.0827889459E-01   -8.1074196665E-01
    1.0000000000E+00    1.3416666667E+00    1.2046288156E+00   -4.8946690986E-02    4.2547126373E-01    1.2077598219E+00   -4.9070949738E-02    4.2724286259E-01
    8.9375000000E-01   -5.0000000000E-01    1.4295808293E+00   -1.9266412152E-04    4.1263363167E-01    1.4225941100E+00    7.9380632138E-18    4.1070710909E-01
    8.9375000000E-01    1.5000000000E+00    1.4324652689E+00    2.1541224613E-05    4.1310382405E-01    1.4225941100E+00   -2.3814189642E-17    4.1070710909E-01
   -5.0000000000E-01    1.3583333333E+00    1.9930562052E+00   -1.9292800708E-01   -8.1067469841E-01    2.0189324748E+00   -1.9299962104E-01   -8.1074196665E-01
    1.0000000000E+00    1.3583333333E+00    1.2351825866E+00   -4.5761931598E-02    4.2573461677E-01    1.2400626542E+00   -4.5471120451E-02    4.2724286259E-01
    9.0625000000E-01   -5.0000000000E-01    1.4249974431E+00   -1.6467876162E-04    4.1493329119E-01    1.4175337631E+00    7.8430089939E-18    4.1283277832E-01
    9.0625000000E-01    1.5000000000E+00    1.4276963350E+00   -2.4683020197E-05    4.1560974116E-01    1.4175337631E+00   -2.3529026982E-17    4.1283277832E-01
   -5.0000000000E-01    1.3750000000E+00    2.1070511623E+00   -1.7506205067E-01   -8.1064317515E-01    2.1448763980E+00   -1.7560580325E-01   -8.1074196665E-01
    1.0000000000E+00    1.3750000000E+00    1.2633540934E+00   -4.2075596579E-02    4.2611923761E-01    1.2697353099E+00   -4.1373100053E-02    4.2724286259E-01
    9.1875000000E-01   -5.0000000000E-01    1.4204854781E+00   -1.3495067610E-04    4.1718692656E-01    1.4125340113E+00    7.7490929993E-18    4.1490784476E-01
    9.1875000000E-01    1.5000000000E+00    1.4229982775E+00   -7.2633754307E-05    4.1807665800E-01    1.4125340113E+00   -2.3247278998E-17    4.1490784476E-01
   -5.0000000000E-01    1.3916666667E+00    2.2088031491E+00   -1.5532861602E-01   -8.1061508983E-01    2.2582768158E+00   -1.5628801153E-01   -8.1074196665E-01
    1.0000000000E+00    1.3916666667E+00    1.2890429153E+00   -3.7905017543E-02    4.2663068436E-01    1.2964526891E+00   -3.6821787313E-02    4.2724286259E-01
    9.3125000000E-01   -5.0000000000E-01    1.4160436607E+00   -1.0346570507E-04    4.1939566082E-01    1.4075941289E+00    7.6563016004E-18    4.1693351304E-01
    9.3125000000E-01    1.5000000000E+00    1.4183706385E+00   -1.2222085553E-04    4.2050540219E-01    1.4075941289E+00   -2.2968904801E-17    4.1693351304E-01
   -5.0000000000E-01    1.4083333333E+00    2.2984137266E+00   -1.3402829718E-01   -8.1060000122E-01    2.3578912895E+00   -1.3525789565E-01   -8.1074196665E-01
    1.0000000000E+00    1.4083333333E+00    1.3121893323E+00   -3.3269570068E-02    4.2727286614E-01    1.3199220706E+00   -3.1867047365E-02    4.2724286259E-01
    9.4375000000E-01   -5.0000000000E-01    1.4116707307E+00   -7.0211323259E-05    4.2156058699E-01    1.4027133991E+00    7.5646213307E-18    4.1891095910E-01
    9.4375000000E-01    1.5000000000E+00    1.4138129560E+00   -1.7335249504E-04    4.2289677279E-01    1.4027133991E+00   -2.2693863992E-17    4.1891095910E-01
   -5.0000000000E-01    1.4250000000E+00    2.3762364167E+00   -1.1146338130E-01   -8.1060449220E-01    2.4426284221E+00   -1.1274586596E-01   -8.1074196665E-01
    1.0000000000E+00    1.4250000000E+00    1.3327681253E+00   -2.8190060823E-02    4.2804837211E-01    1.3398863189E+00   -2.6563165378E-02    4.2724286259E-01
    9.5625000000E-01   -5.0000000000E-01    1.4073654420E+00   -3.5176612403E-05    4.2368276899E-01    1.3978911135E+00    7.4740388851E-18    4.2084133091E-01
    9.5625000000E-01    1.5000000000E+00    1.4093247627E+00   -2.2593540309E-04    4.2525154196E-01    1.3978911135E+00   -2.2422116655E-17    4.2084133091E-01
   -5.0000000000E-01    1.4416666667E+00    2.4428111150E+00   -8.7925159599E-02   -8.1063127614E-01    2.5115598158E+00   -8.8998568976E-02   -8.1074196665E-01
    1.0000000000E+00    1.4416666667E+00    1.3507824523E+00   -2.2688135599E-02    4.2895878016E-01    1.3561267016E+00   -2.0968251793E-02    4.2724286259E-01
    9.6875000000E-01   -5.0000000000E-01    1.4031265634E+00    1.6477677738E-06    4.2576324251E-01    1.3931265722E+00    7.3845411176E-18    4.2272574910E-01
    9.6875000000E-01    1.5000000000E+00    1.4049055863E+00   -2.7987512205E-04    4.2757045650E-01    1.3931265722E+00   -2.2153623353E-17    4.2272574910E-01
   -5.0000000000E-01    1.4583333333E+00    2.4988055523E+00   -6.3684811825E-02   -8.1067886991E-01    2.5639302438E+00   -6.4276185041E-02   -8.1074196665E-01
    1.0000000000E+00    1.4583333333E+00    1.3662581230E+00   -1.6785754982E-02    4.3000492971E-01    1.3684652856E+00   -1.5143605653E-02    4.2724286259E-01
    9.8125000000E-01   -5.0000000000E-01    1.3989528799E+00    4.0269609758E-05    4.2780301587E-01    1.3884190839E+00    7.2961150398E-18    4.2456530761E-01
    9.8125000000E-01    1.5000000000E+00    1.4005549485E+00   -3.3507624690E-04    4.2985423930E-01    1.3884190839E+00   -2.1888345119E-17    4.2456530761E-01
   -5.0000000000E-01    1.4750000000E+00    2.5449662385E+00   -3.8987766201E-02   -8.1074174649E-01    2.5991659249E+00   -3.8849577772E-02   -8.1074196665E-01
    1.0000000000E+00    1.4750000000E+00    1.3792384766E+00   -1.0504764533E-02    4.3118715064E-01    1.3767668869E+00   -9.1530430001E-03    4.2724286259E-01
    9.9375000000E-01   -5.0000000000E-01    1.3948431928E+00    8.0695189397E-05    4.2980307089E-01    1.3837679654E+00    7.2087478187E-18    4.2636107437E-01
    9.9375000000E-01    1.5000000000E+00    1.3962723651E+00   -3.9144265321E-04    4.3210359067E-01    1.3837679654E+00   -2.1626243456E-17    4.2636107437E-01
   -5.0000000000E-01    1.4916666667E+00    2.5820793820E+00   -1.4051009366E-02   -8.1081083942E-01    2.6168808094E+00   -1.2997326400E-02   -8.1074196665E-01
    1.0000000000E+00    1.4916666667E+00    1.3897799651E+00   -3.8665696564E-03    4.3250544586E-01    1.3809405513E+00   -3.0621976929E-03    4.2724286259E-01
