 -4.20001716123121e+00   7.42542989475713e-01   1.40710625173395e-02
  9.89890074161609e-01   1.81925063431890e-01   4.26520858976167e-01
  2.42097700672700e+00   1.23866603698040e+00   3.59164884464755e-01
 -5.59835388279278e+00   9.09785210158835e-01   2.97362897420274e-03
 -3.92903481591562e+00   8.56745205065466e-01   1.64199410844369e-02
  6.99495432144517e+00   1.70405808242911e+00   9.97375379498414e-03
 -5.01411193384124e+00   2.75582734880038e-01   9.98562481922388e-03
 -4.18316470840983e+00   1.23386961862594e+00   8.80224849243601e-03
  7.27659834608485e+00   8.27500296842928e-01   3.15391019098299e-03
  2.70637029914936e+00   1.05651750987381e+00   2.70332682676928e-01
 -8.34096267782926e-01   9.98818761264288e-01   2.37754689336234e-01
  1.15946030524568e+00   2.68258150255840e-01   4.12522432588708e-01
  3.27980133523519e+00   1.02403076405216e+00   1.71711603275882e-01
 -2.14567657934419e+00   1.72421098094822e+00   4.00337432645155e-02
 -4.06844697986263e+00   3.42468490514745e-01   2.37087735733218e-02
  5.03255432305589e+00   2.29377834590510e-02   1.31705507609716e-02
  3.38504817743477e+00   1.35130593526542e-01   7.18726626791295e-02
  1.17335238876425e+00   9.19591406270202e-01   4.92036277879983e-01
  5.43431010357521e+00   1.94890410738319e+00   5.76928917845606e-02
  1.68705376418037e+00   8.84737979750456e-02   2.79791211135143e-01
  7.73279095016228e+00   1.98185902681229e+00   6.31937931635180e-03
 -3.13686754137937e+00   1.07210616448683e+00   2.88590671985189e-02
  1.75222508011319e+00   2.40280543886854e-01   2.96032166395745e-01
  7.70745756927428e-01   8.37078750035462e-01   4.99450394847317e-01
 -1.05415202915373e+00   4.14720140888554e-01   3.04204826028328e-01
  2.28233425528661e+00   1.42830293618959e+00   4.18866316394729e-01
 -2.70578275665387e+00   1.08302738093118e+00   4.32653248657323e-02
  5.23083757289877e+00   5.75919904342059e-01   1.86723787015357e-02
  6.14266972579381e+00   5.10845273406882e-01   7.11301880388627e-03
 -4.19736460281009e+00   1.73395374607332e+00   5.28187521034492e-03
  5.39024894335796e-01   1.53248404808986e+00   3.94410916747647e-01
 -2.11997150452814e+00   8.72370084149682e-01   9.09815827097219e-02
 -4.83636203170661e+00   8.11022466805637e-01   7.00396846443824e-03
  6.54322031550515e+00   1.47494581273128e+00   1.24296016436781e-02
  1.92816886696949e-02   1.94146925791158e+00   2.22663027707548e-01
 -3.93232180053068e+00   1.59185263253488e-01   3.23380200449420e-02
  3.42707300186275e+00   3.18167232863560e-01   8.18291304726766e-02
 -3.16897561096747e+00   7.24653399647446e-01   3.91319910823651e-02
  6.62003510163448e+00   1.01542958748368e+00   7.30784710304248e-03
 -2.95992439614061e+00   1.42817493880395e-01   8.22915734723368e-02
 -5.53695437671600e+00   1.06979224714391e-01   7.02800942944636e-03
 -3.18923464174293e+00   4.38924503161964e-01   5.04159038704280e-02
 -1.15952976742105e+00   7.71919048314236e-01   2.21130399121115e-01
  5.64714287914785e-01   1.47856384225673e+00   4.08590019808218e-01
  6.68588074453785e+00   1.21982862879215e+00   8.38473162060010e-03
  3.76305524230817e+00   5.84081908998015e-02   4.68819831742199e-02
 -1.24951074960577e+00   9.00257069922226e-02   3.28988454277485e-01
 -5.76371898863503e+00   9.04059452296860e-01   2.53598771882696e-03
 -3.76246828253027e+00   1.74970130667688e+00   8.00986934675374e-03
  7.95010225755539e+00   1.82999423521518e+00   4.37717187547498e-03
  4.36023718504584e-01   7.30210856619205e-01   4.89335895378391e-01
  3.67455882846263e+00   1.77474531835599e+00   2.26391748950977e-01
 -5.23464714037427e+00   1.85824861672926e+00   1.65921635817200e-03
 -5.52329609474147e+00   8.13228027567907e-01   3.52838612212682e-03
  5.84246149023080e+00   1.49214632340205e+00   2.51522376406888e-02
  2.23034716933605e+00   7.30684692822157e-01   2.98356853269149e-01
 -1.67806359513613e+00   3.07154024489465e-01   2.12359710112331e-01
 -1.55672706406128e+00   1.15039591040159e+00   1.17282609620010e-01
 -4.75067843815152e+00   1.72844624552628e-01   1.43375952140297e-02
 -3.58262558447994e+00   1.32670631588340e+00   1.45395116976326e-02
 -5.65579449548739e+00   1.61839981248612e+00   1.38447670105661e-03
  5.74774787721894e+00   1.83081188592157e+00   3.82656802134621e-02
  5.28244760844312e-01   8.96049970039534e-01   4.83464003652422e-01
 -4.21915917518057e+00   2.34769598478322e-01   2.27335638891532e-02
  4.34945623647169e+00   1.80498302784481e+00   1.34998027917069e-01
 -3.26086038076551e+00   1.74073984061424e+00   1.32751377570837e-02
 -5.13311670792166e+00   1.93522043605264e+00   1.70039868517832e-03
  2.37748950253653e+00   1.18795769860553e+00   3.57787750285698e-01
  6.54060852437794e+00   1.34680710828022e+00   1.09795012437961e-02
 -5.62279224061416e+00   7.46558955895563e-01   3.41482980431268e-03
  5.27190385848337e+00   3.66271955112807e-01   1.45926151992959e-02
 -3.33761976580323e+00   5.83430025513130e-01   3.81146927158135e-02
 -4.69938009708834e+00   1.44131307866824e+00   4.28837148485608e-03
 -5.74853150086421e+00   6.49967268662268e-01   3.31705834323619e-03
 -1.89834906183080e+00   1.38317295923777e+00   6.97987131135382e-02
  4.17956441574685e+00   1.00431841831819e+00   7.69986233741276e-02
  9.04505314113637e-01   8.97992183491344e-01   4.99994697428677e-01
  5.94087992236339e+00   1.93525580489337e+00   3.51343836332356e-02
 -2.95904175069914e+00   3.32181033193664e-01   6.91732395255459e-02
 -1.58744153999196e+00   9.74321587592532e-01   1.33015749431485e-01
 -2.38602807403576e+00   3.19429281287210e-01   1.17453623494293e-01
  7.69621592239904e+00   1.87491394263757e+00   5.89250826494033e-03
  7.17408392512009e+00   9.77238823988654e-01   4.05515864725169e-03
 -1.23039353800887e+00   6.63932031279653e-01   2.27311913189597e-01
  1.04021050292634e-01   3.36640586400912e-01   4.93296556490257e-01
 -1.59952519814606e+00   1.18820139861707e+00   1.09256127033439e-01
  4.45112484227575e+00   7.97917851041423e-01   4.92317872672713e-02
 -5.43981656425534e+00   2.54360270899542e-01   6.68593397515254e-03
 -5.05585493671163e+00   6.47475043532952e-02   1.18034362815286e-02
 -3.43473775442313e-01   7.82605199831547e-01   3.69833120327444e-01
 -2.56868328440310e+00   1.16633685295452e+00   4.55448673689863e-02
  5.83314974381718e+00   1.03765021319863e+00   1.62637248625895e-02
  4.38529935065406e+00   1.80005549481128e+00   1.30361937115220e-01
  1.64111575532139e+00   1.82323700493219e+00   4.95876793369407e-01
  3.26065720038901e+00   1.87259487218230e+00   3.19660570486455e-01
  3.69190749358893e+00   1.59938529922817e+00   1.95528111842386e-01
  4.93476752757679e+00   9.55231560325622e-01   3.60289596601197e-02
  6.98503635961956e+00   1.04759023615086e+00   5.24977787750767e-03
 -3.90370756697174e+00   7.94630119852456e-01   1.78933020171165e-02
  2.76582220843534e+00   7.99087584754990e-01   2.15349864908085e-01
 -3.98929979641303e+00   8.31593487266675e-02   3.29390662646082e-02
  2.03833177985756e-01   1.59764494191155e+00   3.18557032809511e-01
  5.00798704073225e+00   4.92040614997045e-01   2.13960901099381e-02
  6.52576911160604e+00   5.86780877874449e-02   3.09784394969615e-03
  4.62919415774342e+00   9.32958705713966e-01   4.72588211212913e-02
 -5.50428514285769e+00   1.43571240048305e+00   1.93279918906899e-03
 -9.68230929927126e-01   8.72063580211117e-01   2.36485906788842e-01
 -3.71720434609860e+00   7.28266574485275e-01   2.29221786467863e-02
  7.98323482685363e+00   1.31705417845893e+00   2.54003262641838e-03
 -3.98378499317948e+00   3.25709510813790e-01   2.61724233365954e-02
 -2.57959780014924e+00   2.26637570361867e-02   1.28465952796849e-01
 -9.98924021086622e-01   1.18484602960922e+00   1.81944941385647e-01
 -5.14758615927137e+00   1.06090107220920e+00   4.00841023807785e-03
  6.18538883860667e+00   1.73164100961187e+00   2.27375831502904e-02
  2.90905990608374e+00   8.31740402626364e-01   1.97857064934352e-01
 -3.76352464058212e+00   1.57223059923057e+00   9.54042276425028e-03
  9.75759807975702e-01   3.58517036069206e-02   4.04006948018601e-01
 -4.89862337911059e+00   5.45557001507144e-02   1.39245177264905e-02
  2.55371702303854e+00   1.19713089466388e+00   3.25708849743275e-01
 -2.75671480663559e+00   4.52479316853944e-01   7.46282175174111e-02
 -5.45905493989338e+00   1.34530953682121e-01   7.38822166716694e-03
 -4.38667494828537e+00   2.55499135047246e-01   1.89072832073870e-02
  1.77367671668310e+00   7.49486146184606e-01   3.88807974317526e-01
  2.91772855341455e+00   6.74273863916140e-01   1.73431510031090e-01
 -1.45279094012124e+00   1.12758497875704e+00   1.30908509169662e-01
  3.00833401385522e+00   1.77519059672173e+00   3.49444102425093e-01
 -1.07107460127942e+00   7.31355138682774e-01   2.43035154767248e-01
 -4.17077390493674e+00   3.68313322623852e-01   2.09170004832845e-02
 -1.58705605307286e+00   1.15606049555666e+00   1.13638328082687e-01
 -4.66244832446526e-01   4.31555635896697e-03   4.73311929904139e-01
  6.77694368584333e+00   7.69636732708223e-01   4.89728093289658e-03
 -4.38075476792341e+00   6.34473775196468e-01   1.30978164110445e-02
 -4.79370553205845e+00   7.74782533683548e-01   7.57456882220855e-03
  1.86102837900398e+00   1.01602061931928e-01   2.50587394207416e-01
  7.48749903857756e+00   1.10843377223547e+00   3.38193033800519e-03
  6.70157176759510e+00   1.24833542917417e+00   8.49195769717269e-03
  3.80341680898405e+00   1.49893093563626e+00   1.65032351532629e-01
 -5.06548954696083e+00   1.91490735712356e+00   1.85641378056077e-03
  5.28961993993245e+00   7.09485244360713e-01   2.00928725998326e-02
  3.56724632335021e+00   1.31258035300307e+00   1.71865344833628e-01
 -3.98497665048700e+00   8.84084436728718e-01   1.51278727024121e-02
  5.09212164383198e-01   4.30095428139351e-01   4.99218383299480e-01
 -5.30948282468652e+00   1.77859043056795e+00   1.66722387320876e-03
  5.22626351398509e+00   1.49181276463132e+00   4.55695971476994e-02
  4.06087904063596e+00   1.88557779522504e+00   1.83176836480530e-01
  5.26479339885274e+00   1.64308405259518e+00   5.07251384684858e-02
  4.64581896868248e+00   1.83493602916822e+00   1.07039208172038e-01
 -2.25839392252224e+00   2.56095825571340e-01   1.38492603017471e-01
  5.05636720290916e+00   3.14290714505101e-02   1.29729100989414e-02
 -2.51161095711431e+00   3.97174458938652e-01   9.80918286609179e-02
 -4.06946330889050e+00   8.24250188583184e-01   1.47649739270050e-02
 -5.34539529471931e-01   1.37528603144813e+00   2.24718668892931e-01
  9.69764940474394e-01   8.76922366705468e-01   4.98924078090118e-01
 -1.99848993308241e+00   1.02669256025362e+00   8.83145995239519e-02
  2.48096066375485e+00   1.52198422520700e+00   4.00616178911498e-01
  2.43505220893152e+00   1.41206872507305e-01   1.66474374242191e-01
 -2.64255278499957e+00   1.35660043600655e+00   3.53542605326777e-02
  2.71594482965708e+00   9.74573167615493e-02   1.26679474968330e-01
 -9.98459154241530e-01   4.97297063175072e-01   2.99097213450048e-01
  4.28565438115250e+00   1.44454754719477e+00   1.04204216168290e-01
 -1.93414867733507e+00   1.36613651981018e+00   6.85935859760179e-02
  5.18310800376519e+00   8.10572979313867e-01   2.46132996358420e-02
 -1.88453267604268e-01   5.89115349162929e-01   4.31434615931735e-01
  1.74536328196922e+00   1.65621552400918e+00   4.99007899008473e-01
  3.42684850363249e+00   5.49506777897844e-01   1.00891553310346e-01
  1.25728325702025e+00   6.24226963831531e-02   3.56770584710787e-01
 -2.39334568386746e+00   4.94534581237138e-01   9.99455142251499e-02
  7.71134221093583e+00   4.23867634809396e-02   9.33338831358020e-04
 -4.65522430357718e+00   1.62138169596013e+00   3.74544505494149e-03
 -1.45106853436825e+00   2.44539675284522e-01   2.62004822831783e-01
  1.68757217315412e+00   1.94794008223911e+00   4.91620900884928e-01
 -5.59819338831842e+00   4.25967372790201e-01   4.81582986687222e-03
 -3.83121679471164e+00   6.12142829995314e-01   2.29694994092573e-02
  5.18970185984837e+00   1.17038457251069e+00   3.46734288939203e-02
  4.97340134793092e+00   6.16416214101650e-01   2.49892633924834e-02
  2.91752955972349e+00   7.58587770602849e-01   1.85573276580473e-01
  6.62519524132143e+00   2.08420387763111e-01   3.25718210960556e-03
  4.57732764671878e+00   7.78141974807183e-01   4.28383060489762e-02
 -1.81701746271510e+00   5.04658797757718e-02   2.31843733665900e-01
  3.02813136697700e+00   4.47933844841982e-01   1.30928575326086e-01
 -1.23884689897112e+00   1.81894065911342e+00   8.57360324631332e-02
  4.49782206093847e+00   5.61552948088440e-01   3.75610536422309e-02
 -6.12888076177480e-01   5.41796689967058e-01   3.64419541984924e-01
 -3.85459297738669e+00   1.35852487955367e+00   1.07717266311768e-02
  6.27039251515995e+00   1.76580654249761e+00   2.16351983279770e-02
  3.66567626225041e+00   5.91688688296895e-01   8.44801138672960e-02
  4.42550234816037e+00   7.52657626440442e-01   4.83218665236546e-02
  1.83437080304890e+00   1.42934470941904e+00   4.80042125034692e-01
  4.96118264915780e+00   1.58429195100735e+00   6.38697183821474e-02
  2.70227549301759e-01   1.22758782451216e+00   4.00904733108127e-01
  1.92110256928540e+00   3.57994813347036e-01   2.86405031726234e-01
 -5.12410704650498e+00   3.61470640476715e-01   8.22394184432000e-03
  1.77096199793800e+00   1.51590537330986e+00   4.91955625890230e-01
  5.40445039884928e+00   1.41365947902143e+00   3.56403673081170e-02
  3.87763733206557e+00   1.79255784871698e+00   1.96665958228336e-01
  5.24413073460887e+00   1.55960016652756e+00   4.77879767217392e-02
  9.45387675186306e-01   8.42433311937276e-01   4.98677387033163e-01
  6.33869190557834e+00   2.66548944627043e-01   4.59125018105016e-03
 -4.48376726560680e+00   1.78094413730401e+00   3.79009144206617e-03
  6.25980741695026e+00   1.39108625856613e+00   1.51329375458783e-02
