   -4.2000171612E+00    7.4254298948E-01    1.4171460205E-02    1.4071062517E-02
    9.8989007416E-01    1.8192506343E-01    4.2637739596E-01    4.2652085898E-01
    2.4209770067E+00    1.2386660370E+00    3.5947262437E-01    3.5916488446E-01
   -5.5983538828E+00    9.0978521016E-01    3.0069613872E-03    2.9736289742E-03
   -3.9290348159E+00    8.5674520507E-01    1.6546474356E-02    1.6419941084E-02
    6.9949543214E+00    1.7040580824E+00    9.7329523898E-03    9.9737537950E-03
   -5.0141119338E+00    2.7558273488E-01    1.0006423732E-02    9.9856248192E-03
   -4.1831647084E+00    1.2338696186E+00    8.9524196002E-03    8.8022484924E-03
    7.2765983461E+00    8.2750029684E-01    3.0732542897E-03    3.1539101910E-03
    2.7063702991E+00    1.0565175099E+00    2.7052195629E-01    2.7033268268E-01
   -8.3409626778E-01    9.9881876126E-01    2.3784168137E-01    2.3775468934E-01
    1.1594603052E+00    2.6825815026E-01    4.1234769882E-01    4.1252243259E-01
    3.2798013352E+00    1.0240307641E+00    1.7179200414E-01    1.7171160328E-01
   -2.1456765793E+00    1.7242109809E+00    4.0303722687E-02    4.0033743265E-02
   -4.0684469799E+00    3.4246849051E-01    2.3768445155E-02    2.3708773573E-02
    5.0325543231E+00    2.2937783459E-02    1.3176346662E-02    1.3170550761E-02
    3.3850481774E+00    1.3513059353E-01    7.1898970931E-02    7.1872662679E-02
    1.1733523888E+00    9.1959140627E-01    4.9200731197E-01    4.9203627788E-01
    5.4343101036E+00    1.9489041074E+00    5.7200639646E-02    5.7692891785E-02
    1.6870537642E+00    8.8473797975E-02    2.7974497716E-01    2.7979121114E-01
    7.7327909502E+00    1.9818590268E+00    6.2505092278E-03    6.3193793164E-03
   -3.1368675414E+00    1.0721061645E+00    2.9042032299E-02    2.8859067199E-02
    1.7522250801E+00    2.4028054389E-01    2.9594560583E-01    2.9603216640E-01
    7.7074575693E-01    8.3707875004E-01    4.9933512937E-01    4.9945039485E-01
   -1.0541520292E+00    4.1472014089E-01    3.0429487922E-01    3.0420482603E-01
    2.2823342553E+00    1.4283029362E+00    4.1926204979E-01    4.1886631639E-01
   -2.7057827567E+00    1.0830273809E+00    4.3458735380E-02    4.3265324866E-02
    5.2308375729E+00    5.7591990434E-01    1.8558741994E-02    1.8672378702E-02
    6.1426697258E+00    5.1084527341E-01    7.0045985168E-03    7.1130188039E-03
   -4.1973646028E+00    1.7339537461E+00    5.5253291433E-03    5.2818752103E-03
    5.3902489434E-01    1.5324840481E+00    3.9419362556E-01    3.9441091675E-01
   -2.1199715045E+00    8.7237008415E-01    9.1175757146E-02    9.0981582710E-02
   -4.8363620317E+00    8.1102246681E-01    7.0746395597E-03    7.0039684644E-03
    6.5432203155E+00    1.4749458127E+00    1.2138317454E-02    1.2429601644E-02
    1.9281688670E-02    1.9414692579E+00    2.2208568646E-01    2.2266302771E-01
   -3.9323218005E+00    1.5918526325E-01    3.2368111323E-02    3.2338020045E-02
    3.4270730019E+00    3.1816723286E-01    8.1871754540E-02    8.1829130473E-02
   -3.1689756110E+00    7.2465339965E-01    3.9288885342E-02    3.9131991082E-02
    6.6200351016E+00    1.0154295875E+00    7.1250956998E-03    7.3078471030E-03
   -2.9599243961E+00    1.4281749388E-01    8.2349608374E-02    8.2291573472E-02
   -5.5369543767E+00    1.0697922471E-01    7.0309700738E-03    7.0280094294E-03
   -3.1892346417E+00    4.3892450316E-01    5.0535501896E-02    5.0415903870E-02
   -1.1595297674E+00    7.7191904831E-01    2.2127489838E-01    2.2113039912E-01
    5.6471428791E-01    1.4785638423E+00    4.0842077479E-01    4.0859001981E-01
    6.6858807445E+00    1.2198286288E+00    8.1696491516E-03    8.3847316206E-03
    3.7630552423E+00    5.8408190900E-02    4.6901930295E-02    4.6881983174E-02
   -1.2495107496E+00    9.0025706992E-02    3.2901086632E-01    3.2898845428E-01
   -5.7637189886E+00    9.0405945230E-01    2.5596661129E-03    2.5359877188E-03
   -3.7624682825E+00    1.7497013067E+00    8.2963906445E-03    8.0098693468E-03
    7.9501022576E+00    1.8299942352E+00    4.3694714629E-03    4.3771718755E-03
    4.3602371850E-01    7.3021085662E-01    4.8919072076E-01    4.8933589538E-01
    3.6745588285E+00    1.7747453184E+00    2.2640689906E-01    2.2639174895E-01
   -5.2346471404E+00    1.8582486167E+00    1.7880482871E-03    1.6592163582E-03
   -5.5232960947E+00    8.1322802757E-01    3.5636594026E-03    3.5283861221E-03
    5.8424614902E+00    1.4921463234E+00    2.4768707225E-02    2.5152237641E-02
    2.2303471693E+00    7.3068469282E-01    2.9841309974E-01    2.9835685327E-01
   -1.6780635951E+00    3.0715402449E-01    2.1247843146E-01    2.1235971011E-01
   -1.5567270641E+00    1.1503959104E+00    1.1743579586E-01    1.1728260962E-01
   -4.7506784382E+00    1.7284462455E-01    1.4350104860E-02    1.4337595214E-02
   -3.5826255845E+00    1.3267063159E+00    1.4734861442E-02    1.4539511698E-02
   -5.6557944955E+00    1.6183998125E+00    1.4283491204E-03    1.3844767011E-03
    5.7477478772E+00    1.8308118859E+00    3.7795858473E-02    3.8265680213E-02
    5.2824476084E-01    8.9604997004E-01    4.8336770522E-01    4.8346400365E-01
   -4.2191591752E+00    2.3476959848E-01    2.2769354448E-02    2.2733563889E-02
    4.3494562365E+00    1.8049830278E+00    1.3472450885E-01    1.3499802792E-01
   -3.2608603808E+00    1.7407398406E+00    1.3587204067E-02    1.3275137757E-02
   -5.1331167079E+00    1.9352204361E+00    1.8575762615E-03    1.7003986852E-03
    2.3774895025E+00    1.1879576986E+00    3.5807272672E-01    3.5778775029E-01
    6.5406085244E+00    1.3468071083E+00    1.0715835813E-02    1.0979501244E-02
   -5.6227922406E+00    7.4655895590E-01    3.4440662399E-03    3.4148298043E-03
    5.2719038585E+00    3.6627195511E-01    1.4527740226E-02    1.4592615199E-02
   -3.3376197658E+00    5.8343002551E-01    3.8247534007E-02    3.8114692716E-02
   -4.6993800971E+00    1.4413130787E+00    4.4278229588E-03    4.2883714849E-03
   -5.7485315009E+00    6.4996726866E-01    3.3401870819E-03    3.3170583432E-03
   -1.8983490618E+00    1.3831729592E+00    6.9973446977E-02    6.9798713114E-02
    4.1795644157E+00    1.0043184183E+00    7.6888392350E-02    7.6998623374E-02
    9.0450531411E-01    8.9799218349E-01    4.9991644195E-01    4.9999469743E-01
    5.9408799224E+00    1.9352558049E+00    3.4663447964E-02    3.5134383633E-02
   -2.9590417507E+00    3.3218103319E-01    6.9282534080E-02    6.9173239526E-02
   -1.5874415400E+00    9.7432158759E-01    1.3318763340E-01    1.3301574943E-01
   -2.3860280740E+00    3.1942928129E-01    1.1757964492E-01    1.1745362349E-01
    7.6962159224E+00    1.8749139426E+00    5.8163546098E-03    5.8925082649E-03
    7.1740839251E+00    9.7723882399E-01    3.9470761943E-03    4.0551586473E-03
   -1.2303935380E+00    6.6393203128E-01    2.2746078529E-01    2.2731191319E-01
    1.0402105029E-01    3.3664058640E-01    4.9313966389E-01    4.9329655649E-01
   -1.5995251981E+00    1.1882013986E+00    1.0940958432E-01    1.0925612703E-01
    4.4511248423E+00    7.9791785104E-01    4.9126471012E-02    4.9231787267E-02
   -5.4398165643E+00    2.5436027090E-01    6.7000773817E-03    6.6859339752E-03
   -5.0558549367E+00    6.4747504353E-02    1.1798225039E-02    1.1803436282E-02
   -3.4347377544E-01    7.8260519983E-01    3.6983796908E-01    3.6983312033E-01
   -2.5686832844E+00    1.1663368530E+00    4.5742133819E-02    4.5544867369E-02
    5.8331497438E+00    1.0376502132E+00    1.6012451698E-02    1.6263724863E-02
    4.3852993507E+00    1.8000554948E+00    1.3007624159E-01    1.3036193712E-01
    1.6411157553E+00    1.8232370049E+00    4.9578513511E-01    4.9587679337E-01
    3.2606572004E+00    1.8725948722E+00    3.1986280185E-01    3.1966057049E-01
    3.6919074936E+00    1.5993852992E+00    1.9552235525E-01    1.9552811184E-01
    4.9347675276E+00    9.5523156033E-01    3.5825177433E-02    3.6028959660E-02
    6.9850363596E+00    1.0475902362E+00    5.1072104485E-03    5.2497778775E-03
   -3.9037075670E+00    7.9463011985E-01    1.8015653713E-02    1.7893302017E-02
    2.7658222084E+00    7.9908758475E-01    2.1545363162E-01    2.1534986491E-01
   -3.9892997964E+00    8.3159348727E-02    3.2950005570E-02    3.2939066265E-02
    2.0383317799E-01    1.5976449419E+00    3.1826830211E-01    3.1855703281E-01
    5.0079870407E+00    4.9204061500E-01    2.1315458997E-02    2.1396090110E-02
    6.5257691116E+00    5.8678087787E-02    3.0698737981E-03    3.0978439497E-03
    4.6291941577E+00    9.3295870571E-01    4.7094812569E-02    4.7258821121E-02
   -5.5042851429E+00    1.4357124005E+00    1.9894744461E-03    1.9327991891E-03
   -9.6823092993E-01    8.7206358021E-01    2.3660324141E-01    2.3648590679E-01
   -3.7172043461E+00    7.2826657449E-01    2.3049068385E-02    2.2922178647E-02
    7.9832348269E+00    1.3170541785E+00    2.5433934065E-03    2.5400326264E-03
   -3.9837849932E+00    3.2570951081E-01    2.6233026767E-02    2.6172423337E-02
   -2.5795978001E+00    2.2663757036E-02    1.2848958530E-01    1.2846595280E-01
   -9.9892402109E-01    1.1848460296E+00    1.8202618765E-01    1.8194494139E-01
   -5.1475861593E+00    1.0609010722E+00    4.0765051974E-03    4.0084102381E-03
    6.1853888386E+00    1.7316410096E+00    2.2333156358E-02    2.2737583150E-02
    2.9090599061E+00    8.3174040263E-01    1.9796094085E-01    1.9785706493E-01
   -3.7635246406E+00    1.5722305992E+00    9.7757041308E-03    9.5404227643E-03
    9.7575980798E-01    3.5851703607E-02    4.0398611921E-01    4.0400694802E-01
   -4.8986233791E+00    5.4555700151E-02    1.3917676427E-02    1.3924517726E-02
    2.5537170230E+00    1.1971308947E+00    3.2598072845E-01    3.2570884974E-01
   -2.7567148066E+00    4.5247931685E-01    7.4770973233E-02    7.4628217517E-02
   -5.4590549399E+00    1.3453095368E-01    7.3928607678E-03    7.3882216672E-03
   -4.3866749483E+00    2.5549913505E-01    1.8941110197E-02    1.8907283207E-02
    1.7736767167E+00    7.4948614618E-01    3.8879824990E-01    3.8880797432E-01
    2.9177285534E+00    6.7427386392E-01    1.7350932291E-01    1.7343151003E-01
   -1.4527909401E+00    1.1275849788E+00    1.3105446646E-01    1.3090850917E-01
    3.0083340139E+00    1.7751905967E+00    3.4974644073E-01    3.4944410243E-01
   -1.0710746013E+00    7.3135513868E-01    2.4316806289E-01    2.4303515477E-01
   -4.1707739049E+00    3.6831332262E-01    2.0976178784E-02    2.0917000483E-02
   -1.5870560531E+00    1.1560604956E+00    1.1379364160E-01    1.1363832808E-01
   -4.6624483245E-01    4.3155563590E-03    4.7329443030E-01    4.7331192990E-01
    6.7769436858E+00    7.6963673271E-01    4.7738799498E-03    4.8972809329E-03
   -4.3807547679E+00    6.3447377520E-01    1.3178110819E-02    1.3097816411E-02
   -4.7937055321E+00    7.7478253368E-01    7.6449196634E-03    7.5745688222E-03
    1.8610283790E+00    1.0160206193E-01    2.5054524490E-01    2.5058739421E-01
    7.4874990386E+00    1.1084337722E+00    3.3073324039E-03    3.3819303380E-03
    6.7015717676E+00    1.2483354292E+00    8.2735435744E-03    8.4919576972E-03
    3.8034168090E+00    1.4989309356E+00    1.6497483232E-01    1.6503235153E-01
   -5.0654895470E+00    1.9149073571E+00    2.0224121253E-03    1.8564137806E-03
    5.2896199399E+00    7.0948524436E-01    1.9940257593E-02    2.0092872600E-02
    3.5672463234E+00    1.3125803530E+00    1.7188890536E-01    1.7186534483E-01
   -3.9849766505E+00    8.8408443673E-01    1.5253636008E-02    1.5127872702E-02
    5.0921216438E-01    4.3009542814E-01    4.9899858220E-01    4.9921838330E-01
   -5.3094828247E+00    1.7785904306E+00    1.7748542467E-03    1.6672238732E-03
    5.2262635140E+00    1.4918127646E+00    4.5179629640E-02    4.5569597148E-02
    4.0608790406E+00    1.8855777952E+00    1.8301754913E-01    1.8317683648E-01
    5.2647933989E+00    1.6430840526E+00    5.0293971633E-02    5.0725138468E-02
    4.6458189687E+00    1.8349360292E+00    1.0667258796E-01    1.0703920817E-01
   -2.2583939225E+00    2.5609582557E-01    1.3860282450E-01    1.3849260302E-01
    5.0563672029E+00    3.1429071451E-02    1.2976946255E-02    1.2972910099E-02
   -2.5116109571E+00    3.9717445894E-01    9.8232970434E-02    9.8091828661E-02
   -4.0694633089E+00    8.2425018858E-01    1.4880400308E-02    1.4764973927E-02
   -5.3453952947E-01    1.3752860314E+00    2.2467123858E-01    2.2471866889E-01
    9.6976494047E-01    8.7692236671E-01    4.9884310106E-01    4.9892407809E-01
   -1.9984899331E+00    1.0266925603E+00    8.8502544280E-02    8.8314599524E-02
    2.4809606638E+00    1.5219842252E+00    4.0102340083E-01    4.0061617891E-01
    2.4350522089E+00    1.4120687251E-01    1.6646566664E-01    1.6647437424E-01
   -2.6425527850E+00    1.3566004360E+00    3.5567597467E-02    3.5354260533E-02
    2.7159448297E+00    9.7457316762E-02    1.2668038551E-01    1.2667947497E-01
   -9.9845915424E-01    4.9729706318E-01    2.9919500265E-01    2.9909721345E-01
    4.2856543812E+00    1.4445475472E+00    1.0398576431E-01    1.0420421617E-01
   -1.9341486773E+00    1.3661365198E+00    6.8770987313E-02    6.8593585976E-02
    5.1831080038E+00    8.1057297931E-01    2.4436198760E-02    2.4613299636E-02
   -1.8845326760E-01    5.8911534916E-01    4.3137373934E-01    4.3143461593E-01
    1.7453632820E+00    1.6562155240E+00    4.9920885620E-01    4.9900789901E-01
    3.4268485036E+00    5.4950677790E-01    1.0093899307E-01    1.0089155331E-01
    1.2572832570E+00    6.2422696383E-02    3.5672762646E-01    3.5677058471E-01
   -2.3933456839E+00    4.9453458124E-01    1.0010867605E-01    9.9945514225E-02
    7.7113422109E+00    4.2386763481E-02    9.2533161895E-04    9.3333883136E-04
   -4.6552243036E+00    1.6213816960E+00    3.9170912774E-03    3.7454450549E-03
   -1.4510685344E+00    2.4453967528E-01    2.6209186124E-01    2.6200482283E-01
    1.6875721732E+00    1.9479400822E+00    4.9129927132E-01    4.9162090088E-01
   -5.5981933883E+00    4.2596737279E-01    4.8375361862E-03    4.8158298669E-03
   -3.8312167947E+00    6.1214283000E-01    2.3077743309E-02    2.2969499409E-02
    5.1897018598E+00    1.1703845725E+00    3.4383198026E-02    3.4673428894E-02
    4.9734013479E+00    6.1641621410E-01    2.4879805999E-02    2.4989263392E-02
    2.9175295597E+00    7.5858777060E-01    1.8566359564E-01    1.8557327658E-01
    6.6251952413E+00    2.0842038776E-01    3.2085766644E-03    3.2571821096E-03
    4.5773276467E+00    7.7814197481E-01    4.2722505267E-02    4.2838306049E-02
   -1.8170174627E+00    5.0465879776E-02    2.3187546472E-01    2.3184373367E-01
    3.0281313670E+00    4.4793384484E-01    1.3098330724E-01    1.3092857533E-01
   -1.2388468990E+00    1.8189406591E+00    8.5827874089E-02    8.5736032463E-02
    4.4978220609E+00    5.6155294809E-01    3.7504698605E-02    3.7561053642E-02
   -6.1288807618E-01    5.4179668997E-01    3.6445158614E-01    3.6441954198E-01
   -3.8545929774E+00    1.3585248796E+00    1.0959039347E-02    1.0771726631E-02
    6.2703925152E+00    1.7658065425E+00    2.1236903269E-02    2.1635198328E-02
    3.6656762623E+00    5.9168868830E-01    8.4506313820E-02    8.4480113867E-02
    4.4255023482E+00    7.5265762644E-01    4.8230710170E-02    4.8321866524E-02
    1.8343708030E+00    1.4293447094E+00    4.8037210310E-01    4.8004212503E-01
    4.9611826492E+00    1.5842919510E+00    6.3480786745E-02    6.3869718382E-02
    2.7022754930E-01    1.2275878245E+00    4.0082459888E-01    4.0090473311E-01
    1.9211025693E+00    3.5799481335E-01    2.8633412477E-01    2.8640503173E-01
   -5.1241070465E+00    3.6147064048E-01    8.2505517565E-03    8.2239418443E-03
    1.7709619979E+00    1.5159053733E+00    4.9225244576E-01    4.9195562589E-01
    5.4044503988E+00    1.4136594790E+00    3.5266664163E-02    3.5640367308E-02
    3.8776373321E+00    1.7925578487E+00    1.9658639607E-01    1.9666595823E-01
    5.2441307346E+00    1.5596001665E+00    4.7378716049E-02    4.7787976722E-02
    9.4538767519E-01    8.4243331194E-01    4.9857702305E-01    4.9867738703E-01
    6.3386919056E+00    2.6654894463E-01    4.5308775528E-03    4.5912501811E-03
   -4.4837672656E+00    1.7809441373E+00    4.0140026302E-03    3.7900914421E-03
    6.2598074170E+00    1.3910862586E+00    1.4819155175E-02    1.5132937546E-02
